547 414 1059
1059 414 547
414 547 1059
2505 2041 2522
2522 2041 2505
2041 2505 2522
371 2273 2929
2273 371 2929
2929 371 2273
2079 1147 2756
1147 2079 2756
2756 1147 2079
2994 1060 1074
1060 1074 2994
1074 1060 2994
787 604 2404
2404 604 787
604 787 2404
1018 2049 2473
2473 1018 2049
2049 1018 2473
2781 1558 2620
1558 2620 2781
2620 1558 2781
2081 1459 2476
1459 2081 2476
2476 1459 2081
1958 201 758
758 201 1958
201 758 1958
873 2122 2764
2122 873 2764
2764 873 2122
1802 1599 2699
1599 1802 2699
2699 1599 1802
2398 1774 2793
1774 2398 2793
2793 1774 2398
1692 622 2022
2022 622 1692
622 1692 2022
1744 833 1598
833 1598 1744
1598 833 1744
2859 1202 1810
1202 1810 2859
1810 1202 2859
86 1004 2442
1004 86 2442
2442 86 1004
887 245 958
245 887 958
958 245 887
991 1061 2474
1061 991 2474
2474 991 1061
2832 116 2016
116 2016 2832
2016 116 2832
2383 1680 2143
2143 1680 2383
1680 2143 2383
1627 1099 2173
2173 1099 1627
1099 1627 2173
2121 355 703
355 703 2121
703 355 2121
675 314 895
314 675 895
895 314 675
1490 174 2184
174 1490 2184
2184 174 1490
722 460 2671
460 722 2671
2671 460 722
1078 1503 1596
1503 1078 1596
1596 1078 1503
2406 706 2393
2393 706 2406
706 2393 2406
2932 36 1500
1500 36 2932
36 1500 2932
305 1903 2304
1903 305 2304
2304 305 1903
1496 1231 2289
1231 1496 2289
2289 1231 1496
2271 1743 1841
1841 1743 2271
1743 1841 2271
231 2093 2676
2093 231 2676
2676 231 2093
2822 1006 1369
1006 1369 2822
1369 1006 2822
1651 1571 2369
1571 1651 2369
2369 1571 1651
2595 635 2189
635 2189 2595
2189 635 2595
2826 538 2288
2288 538 2826
538 2288 2826
570 2537 2741
2741 570 2537
2537 570 2741
2597 388 1556
388 1556 2597
1556 388 2597
2349 511 2096
511 2096 2349
2096 511 2349
2400 134 891
891 134 2400
134 891 2400
2294 598 1514
1514 598 2294
598 1514 2294
412 1307 2499
2499 412 1307
1307 412 2499
2434 47 662
662 47 2434
47 662 2434
1796 114 502
502 114 1796
114 502 1796
2129 884 2617
2617 884 2129
884 2129 2617
2315 58 2999
58 2315 2999
2999 58 2315
2661 2008 2208
2208 2008 2661
2008 2208 2661
2637 178 2090
2090 178 2637
178 2090 2637
1306 1152 1246
1246 1152 1306
1152 1246 1306
2694 250 2993
250 2694 2993
2993 250 2694
1707 1217 1440
1217 1440 1707
1440 1217 1707
2061 1735 2933
1735 2061 2933
2933 1735 2061
2556 1263 1403
1403 1263 2556
1263 1403 2556
2372 638 2703
2703 638 2372
638 2372 2703
2045 64 1954
64 1954 2045
1954 64 2045
900 2031 2604
2604 900 2031
2031 900 2604
1636 1452 2900
1452 1636 2900
2900 1452 1636
786 810 1205
810 786 1205
1205 786 810
2926 1187 2903
2903 1187 2926
1187 2903 2926
1407 1417 1844
1417 1407 1844
1844 1407 1417
2361 947 1577
1577 947 2361
947 1577 2361
2377 1222 2725
1222 2377 2725
2725 1222 2377
490 1135 1420
1135 490 1420
1420 490 1135
2988 988 2687
988 2687 2988
2687 988 2988
1759 1594 2811
1594 1759 2811
2811 1594 1759
2466 10 1705
10 1705 2466
1705 10 2466
1524 1857 2342
2342 1524 1857
1857 1524 2342
2245 695 830
695 830 2245
830 695 2245
867 1632 2855
1632 867 2855
2855 867 1632
2549 714 1856
1856 714 2549
714 1856 2549
636 756 1495
1495 636 756
756 636 1495
1207 1972 2862
2862 1207 1972
1972 1207 2862
135 481 880
880 135 481
481 135 880
19 123 1463
123 19 1463
1463 19 123
356 2329 2704
2329 356 2704
2704 356 2329
2435 1379 1621
1621 1379 2435
1379 1621 2435
1936 2183 2256
2183 1936 2256
2256 1936 2183
1472 1920 2188
2188 1472 1920
1920 1472 2188
2021 78 677
78 677 2021
677 78 2021
1677 1189 1410
1189 1410 1677
1410 1189 1677
1889 678 2603
678 1889 2603
2603 678 1889
1872 1605 1979
1605 1872 1979
1979 1605 1872
1003 1438 2831
1438 1003 2831
2831 1003 1438
2656 1366 2799
1366 2656 2799
2799 1366 2656
1347 1544 1737
1737 1347 1544
1544 1347 1737
2586 632 1506
632 1506 2586
1506 632 2586
2558 964 2532
964 2532 2558
2532 964 2558
1170 37 1516
1516 37 1170
37 1170 1516
707 573 2314
2314 573 707
573 707 2314
136 670 2105
670 136 2105
2105 136 670
718 1637 2382
2382 718 1637
1637 718 2382
449 94 2334
2334 94 449
94 449 2334
1136 362 656
362 656 1136
656 362 1136
1691 1394 1858
1858 1394 1691
1394 1691 1858
2078 646 2772
2772 646 2078
646 2078 2772
2590 769 1385
1385 769 2590
769 1385 2590
918 1281 1536
1536 918 1281
1281 918 1536
1402 2628 2821
2628 1402 2821
2821 1402 2628
1129 1752 2320
2320 1129 1752
1752 1129 2320
2260 1997 2231
2231 1997 2260
1997 2231 2260
561 425 2684
2684 425 561
425 561 2684
1757 1149 1168
1168 1149 1757
1149 1168 1757
472 318 1902
1902 318 472
318 472 1902
1927 330 1812
1812 330 1927
330 1812 1927
1008 162 700
162 700 1008
700 162 1008
130 2062 2639
2062 130 2639
2639 130 2062
585 553 1093
1093 553 585
553 585 1093
2127 614 901
614 901 2127
901 614 2127
232 295 1730
295 232 1730
1730 232 295
1947 423 2132
2132 423 1947
423 1947 2132
2653 457 2110
457 2110 2653
2110 457 2653
1113 51 115
51 115 1113
115 51 1113
1713 608 2373
2373 608 1713
608 1713 2373
772 1668 2955
2955 772 1668
1668 772 2955
1525 505 1569
505 1525 1569
1569 505 1525
45 2005 2381
2005 45 2381
2381 45 2005
2711 1176 1610
1176 1610 2711
1610 1176 2711
404 1057 1670
1670 404 1057
1057 404 1670
720 1580 2779
1580 720 2779
2779 720 1580
2502 60 953
953 60 2502
60 953 2502
1535 1288 2946
2946 1288 1535
1288 1535 2946
2626 33 2698
33 2626 2698
2698 33 2626
664 210 1753
210 664 1753
1753 210 664
2718 1033 1886
1886 1033 2718
1033 1886 2718
1568 2573 2906
2573 1568 2906
2906 1568 2573
732 737 2856
2856 732 737
737 732 2856
1487 1776 1987
1987 1487 1776
1776 1487 1987
2255 447 937
937 447 2255
447 937 2255
2065 1309 1748
1748 1309 2065
1309 1748 2065
586 298 2117
298 586 2117
2117 298 586
1304 2430 2759
2430 1304 2759
2759 1304 2430
441 336 628
336 441 628
628 336 441
1751 528 1476
528 1476 1751
1476 528 1751
1344 1257 1300
1300 1257 1344
1257 1300 1344
1564 1279 2750
2750 1279 1564
1279 1564 2750
2566 156 248
248 156 2566
156 248 2566
2376 1733 1821
1733 1821 2376
1821 1733 2376
1721 2219 2238
2238 1721 2219
2219 1721 2238
272 872 2541
872 272 2541
2541 272 872
1603 2161 2281
2281 1603 2161
2161 1603 2281
2458 455 2562
455 2458 2562
2562 455 2458
1450 2104 2805
2104 1450 2805
2805 1450 2104
1876 1971 2068
2068 1876 1971
1971 1876 2068
2851 182 2867
2867 182 2851
182 2851 2867
1606 1808 2296
2296 1606 1808
1808 1606 2296
2840 105 1467
1467 105 2840
105 1467 2840
2014 2086 2350
2086 2014 2350
2350 2014 2086
1480 92 992
992 92 1480
92 992 1480
215 186 1728
1728 186 215
186 215 1728
915 1885 2112
1885 915 2112
2112 915 1885
1180 85 1302
85 1180 1302
1302 85 1180
279 230 2923
230 279 2923
2923 230 279
12 417 2939
417 12 2939
2939 12 417
1235 792 2444
792 1235 2444
2444 792 1235
1179 77 2340
77 1179 2340
2340 77 1179
1638 970 2471
2471 970 1638
970 1638 2471
2533 28 2465
2465 28 2533
28 2465 2533
2729 2162 2998
2162 2729 2998
2998 2162 2729
2980 2490 2737
2737 2490 2980
2490 2737 2980
1336 1626 2411
1626 1336 2411
2411 1336 1626
1066 2878 2911
2878 1066 2911
2911 1066 2878
967 730 1702
1702 730 967
730 967 1702
812 1357 1689
1689 812 1357
1357 812 1689
2301 2177 2331
2331 2177 2301
2177 2301 2331
2543 2030 2386
2386 2030 2543
2030 2386 2543
1565 1082 1546
1546 1082 1565
1082 1546 1565
2341 2599 2669
2599 2341 2669
2669 2341 2599
1405 673 885
673 885 1405
885 673 1405
1550 300 2216
300 1550 2216
2216 300 1550
1523 161 1462
1462 161 1523
161 1462 1523
138 869 1210
1210 138 869
869 138 1210
1075 929 1272
929 1075 1272
1272 929 1075
1698 903 2069
2069 903 1698
903 1698 2069
2509 260 919
260 919 2509
919 260 2509
2621 856 2002
2002 856 2621
856 2002 2621
1988 796 2327
796 1988 2327
2327 796 1988
195 1042 1245
1042 195 1245
1245 195 1042
1864 1002 1715
1715 1002 1864
1002 1715 1864
304 427 1063
427 304 1063
1063 304 427
1044 1070 1584
1584 1044 1070
1070 1044 1584
2003 375 2987
2987 375 2003
375 2003 2987
387 1501 2647
1501 387 2647
2647 387 1501
2312 2083 2103
2103 2083 2312
2083 2103 2312
721 49 169
49 169 721
169 49 721
760 56 1244
1244 56 760
56 760 1244
624 898 2064
898 624 2064
2064 624 898
2295 626 1919
1919 626 2295
626 1919 2295
1914 889 2463
2463 889 1914
889 1914 2463
1560 1252 1962
1252 1560 1962
1962 1252 1560
1991 339 979
339 979 1991
979 339 1991
2608 2149 2695
2149 2608 2695
2695 2149 2608
2965 681 729
681 729 2965
729 681 2965
965 1630 2963
2963 965 1630
1630 965 2963
1478 1951 2481
1951 1478 2481
2481 1478 1951
716 69 2589
2589 69 716
69 716 2589
832 284 2455
2455 284 832
284 832 2455
2358 652 1775
652 1775 2358
1775 652 2358
254 1890 2560
1890 254 2560
2560 254 1890
2918 741 2721
741 2721 2918
2721 741 2918
2642 1461 2051
2051 1461 2642
1461 2051 2642
171 1034 1239
1034 171 1239
1239 171 1034
345 1017 1900
1900 345 1017
1017 345 1900
954 788 1223
1223 788 954
788 954 1223
1767 1563 2092
2092 1563 1767
1563 1767 2092
52 809 2157
2157 52 809
809 52 2157
2263 881 1576
1576 881 2263
881 1576 2263
1094 2658 2959
2658 1094 2959
2959 1094 2658
1725 458 2033
458 1725 2033
2033 458 1725
702 319 541
319 541 702
541 319 702
347 44 1317
1317 44 347
44 347 1317
1321 324 2360
2360 324 1321
324 1321 2360
1106 1419 2048
2048 1106 1419
1419 1106 2048
1320 131 2691
131 1320 2691
2691 131 1320
1552 1717 2364
2364 1552 1717
1717 1552 2364
2192 774 2154
2154 774 2192
774 2154 2192
2536 1332 2585
1332 2536 2585
2585 1332 2536
1112 448 645
448 645 1112
645 448 1112
2006 265 2397
2397 265 2006
265 2006 2397
2660 691 1873
691 1873 2660
1873 691 2660
739 1026 2025
2025 739 1026
1026 739 2025
2298 31 1051
31 1051 2298
1051 31 2298
2870 2767 2989
2767 2870 2989
2989 2767 2870
2673 938 1871
938 1871 2673
1871 938 2673
647 440 2124
2124 440 647
440 647 2124
53 351 1475
1475 53 351
351 53 1475
761 1364 1510
1510 761 1364
1364 761 1510
2602 654 1915
1915 654 2602
654 1915 2602
23 1445 2817
2817 23 1445
1445 23 2817
2614 1847 2538
1847 2538 2614
2538 1847 2614
847 854 2156
854 847 2156
2156 847 854
907 199 514
199 514 907
514 199 907
1955 1875 2290
1875 1955 2290
2290 1875 1955
1395 329 857
329 857 1395
857 329 1395
1684 120 1079
1079 120 1684
120 1079 1684
2872 1529 2852
1529 2852 2872
2852 1529 2872
2394 310 1940
1940 310 2394
310 1940 2394
1983 984 1232
984 1232 1983
1232 984 1983
2664 311 802
311 802 2664
802 311 2664
1188 1384 2042
1384 1188 2042
2042 1188 1384
2882 180 2651
2651 180 2882
180 2651 2882
499 477 1096
477 499 1096
1096 477 499
1949 1422 1512
1422 1512 1949
1512 1422 1949
2131 1280 2310
2310 1280 2131
1280 2131 2310
1779 333 2970
333 1779 2970
2970 333 1779
501 961 2949
2949 501 961
961 501 2949
1665 685 738
738 685 1665
685 738 1665
2868 1877 2496
2496 1877 2868
1877 2496 2868
575 2774 2889
2889 575 2774
2774 575 2889
2892 438 2559
438 2559 2892
2559 438 2892
464 1233 2401
2401 464 1233
1233 464 2401
693 816 1055
816 693 1055
1055 693 816
1177 1855 2492
2492 1177 1855
1855 1177 2492
2207 631 2357
2357 631 2207
631 2207 2357
2783 1635 2179
1635 2179 2783
2179 1635 2783
2034 550 1740
1740 550 2034
550 1740 2034
2468 1346 2266
1346 2266 2468
2266 1346 2468
125 50 2029
2029 50 125
50 125 2029
1614 1220 2919
2919 1220 1614
1220 1614 2919
444 1287 1765
1287 444 1765
1765 444 1287
172 68 2142
2142 68 172
68 172 2142
2514 291 1706
1706 291 2514
291 1706 2514
2917 607 2308
2308 607 2917
607 2308 2917
942 674 2836
674 942 2836
2836 674 942
1414 2072 2584
2584 1414 2072
2072 1414 2584
1557 357 2940
2940 357 1557
357 1557 2940
680 2450 2643
2643 680 2450
2450 680 2643
2928 1416 2629
2629 1416 2928
1416 2629 2928
2159 150 1052
1052 150 2159
150 1052 2159
288 433 1058
433 288 1058
1058 288 433
2379 934 1282
934 1282 2379
1282 934 2379
221 413 1825
413 221 1825
1825 221 413
2984 1323 2498
1323 2498 2984
2498 1323 2984
383 1741 1959
1741 383 1959
1959 383 1741
1917 153 2374
153 1917 2374
2374 153 1917
1471 1508 2028
1508 1471 2028
2028 1471 1508
590 111 1269
111 590 1269
1269 111 590
1071 931 1660
1660 931 1071
931 1071 1660
2241 82 1849
1849 82 2241
82 1849 2241
1081 128 409
128 409 1081
409 128 1081
2477 18 836
836 18 2477
18 836 2477
2769 858 899
858 899 2769
899 858 2769
689 1528 1697
1697 689 1528
1528 689 1697
1015 871 999
999 871 1015
871 999 1015
1032 543 2587
2587 543 1032
543 1032 2587
228 480 1587
480 228 1587
1587 228 480
2575 1930 2282
2282 1930 2575
1930 2282 2575
1137 517 2461
2461 517 1137
517 1137 2461
2185 1192 2172
2172 1192 2185
1192 2172 2185
2723 437 723
723 437 2723
437 723 2723
2201 504 2109
2109 504 2201
504 2109 2201
1215 1396 2982
1396 1215 2982
2982 1215 1396
757 8 1392
1392 8 757
8 757 1392
2007 1375 2343
1375 2007 2343
2343 1375 2007
2574 2709 2985
2985 2574 2709
2709 2574 2985
14 220 1430
1430 14 220
220 14 1430
1 1305 1937
1305 1 1937
1937 1 1305
1262 158 436
158 436 1262
436 158 1262
2895 261 273
273 261 2895
261 273 2895
98 2244 2701
2244 98 2701
2701 98 2244
1492 683 1449
683 1449 1492
1449 683 1492
616 661 1225
661 616 1225
1225 616 661
2697 342 467
342 467 2697
467 342 2697
1415 1700 2497
1700 1415 2497
2497 1415 1700
302 955 2133
2133 302 955
955 302 2133
2089 2685 2796
2796 2089 2685
2685 2089 2796
860 492 2527
492 860 2527
2527 492 860
2123 1265 2067
1265 2067 2123
2067 1265 2123
476 1739 2012
2012 476 1739
1739 476 2012
445 1633 1845
1845 445 1633
1633 445 1845
2237 212 998
998 212 2237
212 998 2237
2176 1271 2726
2726 1271 2176
1271 2176 2726
194 1572 2815
2815 194 1572
1572 194 2815
2861 1742 2102
2102 1742 2861
1742 2102 2861
1035 379 2135
2135 379 1035
379 1035 2135
2610 428 1314
428 1314 2610
1314 428 2610
2645 827 2667
827 2645 2667
2667 827 2645
1734 268 2321
2321 268 1734
268 1734 2321
2823 1785 1792
1785 1792 2823
1792 1785 2823
594 309 2801
309 594 2801
2801 309 594
1485 88 1696
1696 88 1485
88 1485 1696
1771 2519 2893
2893 1771 2519
2519 1771 2893
372 1931 2239
1931 372 2239
2239 372 1931
2688 1091 1601
1091 1601 2688
1601 1091 2688
1678 474 2588
474 1678 2588
2588 474 1678
405 486 1908
1908 405 486
486 405 1908
479 1400 2119
2119 479 1400
1400 479 2119
1211 1466 2292
2292 1211 1466
1466 1211 2292
2812 2449 2829
2829 2449 2812
2449 2812 2829
354 2542 2845
2845 354 2542
2542 354 2845
475 1171 2670
1171 475 2670
2670 475 1171
597 948 1644
948 597 1644
1644 597 948
2333 1352 2747
1352 2333 2747
2747 1352 2333
668 563 580
563 580 668
580 563 668
1666 380 531
380 531 1666
531 380 1666
644 1315 1995
1315 644 1995
1995 644 1315
2098 2018 2371
2018 2098 2371
2371 2018 2098
2365 1103 1166
1103 1166 2365
1166 1103 2365
1578 1714 2254
1714 1578 2254
2254 1578 1714
2345 1139 1685
1139 1685 2345
1685 1139 2345
1648 2198 2975
2975 1648 2198
2198 1648 2975
1076 2794 2977
2794 1076 2977
2977 1076 2794
1432 2291 2818
2818 1432 2291
2291 1432 2818
2106 1619 1892
1619 1892 2106
1892 1619 2106
2454 591 2733
2733 591 2454
591 2454 2733
2847 322 1101
1101 322 2847
322 1101 2847
446 1181 2202
1181 446 2202
2202 446 1181
2138 317 368
317 368 2138
368 317 2138
1237 119 1092
119 1092 1237
1092 119 1237
1041 534 2075
534 1041 2075
2075 534 1041
2293 1310 2137
2137 1310 2293
1310 2137 2293
1654 369 2839
2839 369 1654
369 1654 2839
1943 35 306
306 35 1943
35 306 1943
2808 189 2693
2693 189 2808
189 2693 2808
2633 65 806
65 806 2633
806 65 2633
1234 1672 2545
1672 1234 2545
2545 1234 1672
38 1216 1293
1216 38 1293
1293 38 1216
382 1229 2838
2838 382 1229
1229 382 2838
1097 539 1842
1842 539 1097
539 1097 1842
1554 2420 2630
2630 1554 2420
2420 1554 2630
1789 166 2408
166 1789 2408
2408 166 1789
2453 1084 1127
1084 1127 2453
1127 1084 2453
222 391 1655
391 222 1655
1655 222 391
1435 127 1522
1522 127 1435
127 1435 1522
1482 83 2789
83 1482 2789
2789 83 1482
1358 185 2302
2302 185 1358
185 1358 2302
2431 1150 2512
1150 2431 2512
2512 1150 2431
1990 213 2023
213 1990 2023
2023 213 1990
2277 1261 1824
1824 1261 2277
1261 1824 2277
1887 1212 2649
1212 1887 2649
2649 1212 1887
2850 1613 1946
1613 1946 2850
1946 1613 2850
1910 296 2483
2483 296 1910
296 1910 2483
2834 623 2973
2973 623 2834
623 2834 2973
143 946 2346
946 143 2346
2346 143 946
2865 1470 2116
2116 1470 2865
1470 2116 2865
1486 2153 2233
2153 1486 2233
2233 1486 2153
2280 963 1027
963 1027 2280
1027 963 2280
2330 235 2182
2182 235 2330
235 2182 2330
2443 1526 2324
2324 1526 2443
1526 2324 2443
2367 1016 1729
1729 1016 2367
1016 1729 2367
1716 55 2158
55 1716 2158
2158 55 1716
506 181 1896
1896 181 506
181 506 1896
755 435 1054
435 755 1054
1054 435 755
985 651 2740
2740 651 985
651 985 2740
2214 1285 2714
1285 2214 2714
2714 1285 2214
2417 219 2564
219 2417 2564
2564 219 2417
1893 1159 1574
1574 1159 1893
1159 1574 1893
1141 1381 2707
2707 1141 1381
1381 1141 2707
2472 888 952
888 952 2472
952 888 2472
1073 1815 2024
2024 1073 1815
1815 1073 2024
1932 1397 2424
1397 1932 2424
2424 1397 1932
450 1056 1142
1142 450 1056
1056 450 1142
1319 2171 2749
2749 1319 2171
2171 1319 2749
2770 916 1226
916 1226 2770
1226 916 2770
2348 699 1453
699 1453 2348
1453 699 2348
2888 545 1085
545 1085 2888
1085 545 2888
908 3 26
26 3 908
3 26 908
601 1266 1477
1266 601 1477
1477 601 1266
1473 2391 2528
2528 1473 2391
2391 1473 2528
844 736 1363
736 844 1363
1363 736 844
2569 1622 2148
1622 2148 2569
2148 1622 2569
2814 667 2285
667 2285 2814
2285 667 2814
2666 1022 2057
2057 1022 2666
1022 2057 2666
2084 2827 2841
2841 2084 2827
2827 2084 2841
1434 137 2336
2336 137 1434
137 1434 2336
930 837 939
837 930 939
939 837 930
682 482 1811
482 682 1811
1811 482 682
1581 419 1012
1012 419 1581
419 1012 1581
2267 986 1411
986 1411 2267
1411 986 2267
61 236 770
770 61 236
236 61 770
1418 211 294
294 211 1418
211 294 1418
775 669 2385
669 775 2385
2385 669 775
525 350 2437
2437 350 525
350 525 2437
74 1160 1618
1160 74 1618
1618 74 1160
1256 897 2668
897 1256 2668
2668 897 1256
2388 1718 2924
2924 1718 2388
1718 2388 2924
605 2001 2236
2001 605 2236
2236 605 2001
177 2448 2995
2448 177 2995
2995 177 2448
1916 1945 2677
1945 1916 2677
2677 1916 1945
1299 571 2601
2601 571 1299
571 1299 2601
406 270 1527
1527 270 406
270 406 1527
484 1114 2120
2120 484 1114
1114 484 2120
2414 1611 2026
2026 1611 2414
1611 2026 2414
1530 778 2147
778 1530 2147
2147 778 1530
2504 982 2732
982 2504 2732
2732 982 2504
2409 1623 1790
1623 1790 2409
1790 1623 2409
2199 768 2657
768 2199 2657
2657 768 2199
2976 932 2809
932 2809 2976
2809 932 2976
1938 1909 2525
1909 1938 2525
2525 1909 1938
2611 377 1362
377 1362 2611
1362 377 2611
281 1120 1268
1120 281 1268
1268 281 1120
2813 2054 2674
2674 2054 2813
2054 2674 2813
2036 2784 2804
2804 2036 2784
2784 2036 2804
1371 176 1409
1409 176 1371
176 1371 1409
2222 54 2038
54 2038 2222
2038 54 2222
205 2554 2646
2554 205 2646
2646 205 2554
2632 1185 2258
2258 1185 2632
1185 2258 2632
225 27 251
251 27 225
27 225 251
2828 410 1859
410 1859 2828
1859 410 2828
1378 1961 2316
2316 1378 1961
1961 1378 2316
91 1838 2535
2535 91 1838
1838 91 2535
1367 118 1745
118 1367 1745
1745 118 1367
922 734 996
996 734 922
734 922 996
2413 59 2863
2863 59 2413
59 2413 2863
1029 364 639
364 639 1029
639 364 1029
1519 497 2663
2663 497 1519
497 1519 2663
2380 2495 2798
2798 2380 2495
2495 2380 2798
1502 363 2712
363 1502 2712
2712 363 1502
2869 152 1973
1973 152 2869
152 1973 2869
1681 576 2261
2261 576 1681
576 1681 2261
1298 1612 2715
1612 1298 2715
2715 1298 1612
141 1488 1727
1488 141 1727
1727 141 1488
1787 2844 2876
2876 1787 2844
2844 1787 2876
1483 789 1259
1259 789 1483
789 1259 1483
1513 515 1194
515 1194 1513
1194 515 1513
2925 1451 2547
1451 2547 2925
2547 1451 2925
5 1062 2485
2485 5 1062
1062 5 2485
818 976 2568
976 818 2568
2568 818 976
558 795 2511
2511 558 795
795 558 2511
1072 4 1956
4 1072 1956
1956 4 1072
1602 207 2523
207 1602 2523
2523 207 1602
2440 253 1251
1251 253 2440
253 1251 2440
1278 1023 1820
1023 1278 1820
1820 1023 1278
945 687 2283
687 945 2283
2283 687 945
853 456 2638
2638 456 853
456 853 2638
1172 459 488
488 459 1172
459 488 1172
1531 90 1509
1509 90 1531
90 1509 1531
40 627 2445
627 40 2445
2445 40 627
204 933 2947
933 204 2947
2947 204 933
2215 1649 2941
2941 1649 2215
1649 2215 2941
1433 928 1970
1970 928 1433
928 1433 1970
2648 1762 2652
1762 2648 2652
2652 1762 2648
2169 866 2000
2000 866 2169
866 2000 2169
2934 24 1736
24 1736 2934
1736 24 2934
163 398 794
398 163 794
794 163 398
335 648 752
752 335 648
648 335 752
214 1270 1708
1270 214 1708
1708 214 1270
1365 452 1359
1359 452 1365
452 1359 1365
346 1793 2979
2979 346 1793
1793 346 2979
619 1764 2659
1764 619 2659
2659 619 1764
1553 1465 2915
2915 1465 1553
1465 1553 2915
1158 188 2935
2935 188 1158
188 1158 2935
2389 2195 2338
2195 2338 2389
2338 2195 2389
1967 287 694
287 694 1967
694 287 1967
2722 401 2768
2768 401 2722
401 2722 2768
2983 165 2907
165 2907 2983
2907 165 2983
2487 1104 1334
1334 1104 2487
1104 1334 2487
2265 1156 2274
1156 2265 2274
2274 1156 2265
2032 843 2572
843 2032 2572
2572 843 2032
160 2246 2734
2246 160 2734
2734 160 2246
408 183 2752
183 408 2752
2752 183 408
2627 271 331
331 271 2627
271 331 2627
443 2044 2484
2484 443 2044
2044 443 2484
1756 1330 1768
1330 1756 1768
1768 1330 1756
782 399 1592
1592 399 782
399 782 1592
2578 529 2187
529 2187 2578
2187 529 2578
1484 126 1934
126 1484 1934
1934 126 1484
2508 1805 1813
1805 1813 2508
1813 1805 2508
394 21 312
21 312 394
312 21 394
935 2141 2284
2284 935 2141
2141 935 2284
1361 524 1064
524 1064 1361
1064 524 1361
2425 397 870
870 397 2425
397 870 2425
941 432 2761
432 941 2761
2761 432 941
2136 1258 2095
1258 2095 2136
2095 1258 2136
2662 1155 2209
2209 1155 2662
1155 2209 2662
57 500 1175
500 57 1175
1175 57 500
283 808 2467
808 283 2467
2467 283 808
1724 824 1801
1801 824 1724
824 1724 1801
1186 1374 2313
2313 1186 1374
1374 1186 2313
2909 1593 2719
1593 2719 2909
2719 1593 2909
1131 1024 2936
2936 1024 1131
1024 1131 2936
1711 426 1389
426 1389 1711
1389 426 1711
7 259 1794
1794 7 259
259 7 1794
2516 784 973
973 784 2516
784 973 2516
1100 805 957
805 957 1100
957 805 1100
1427 1157 2152
2152 1157 1427
1157 1427 2152
2326 451 2802
451 2326 2802
2802 451 2326
2964 1641 2609
2609 1641 2964
1641 2609 2964
2736 1437 1695
1437 1695 2736
1695 1437 2736
164 835 2967
2967 164 835
835 164 2967
140 1110 2571
1110 140 2571
2571 140 1110
1773 1146 1582
1582 1146 1773
1146 1582 1773
1345 9 1948
9 1345 1948
1948 9 1345
822 1221 1827
1221 822 1827
1827 822 1221
2881 267 2108
2108 267 2881
267 2108 2881
968 421 2782
421 968 2782
2782 421 968
276 1674 2168
1674 276 2168
2168 276 1674
96 224 1335
224 96 1335
1335 96 224
2270 1676 2706
2706 1676 2270
1676 2270 2706
1224 1390 2181
1390 1224 2181
2181 1224 1390
155 1086 1247
1086 155 1247
1247 155 1086
316 620 2807
620 316 2807
2807 316 620
2735 1048 1368
1048 1368 2735
1368 1048 2735
1722 1515 1597
1515 1597 1722
1597 1515 1722
2011 95 2210
2210 95 2011
95 2011 2210
1933 2243 2275
2275 1933 2243
2243 1933 2275
2412 361 1585
361 1585 2412
1585 361 2412
574 71 913
71 574 913
913 71 574
658 1652 2418
2418 658 1652
1652 658 2418
1283 262 1617
1617 262 1283
262 1283 1617
567 493 2787
493 567 2787
2787 493 567
325 32 959
959 32 325
32 325 959
1616 943 1040
943 1040 1616
1040 943 1616
1122 653 2362
2362 653 1122
653 1122 2362
1583 845 1348
845 1348 1583
1348 845 1583
831 430 660
430 660 831
660 430 831
1754 1267 2912
1267 1754 2912
2912 1267 1754
286 390 1642
390 286 1642
1642 286 390
2355 1481 2205
2205 1481 2355
1481 2205 2355
1204 611 2546
611 1204 2546
2546 611 1204
2914 1850 2877
1850 2877 2914
2877 1850 2914
2447 811 2226
811 2226 2447
2226 811 2447
1656 596 717
717 596 1656
596 717 1656
255 1198 2384
1198 255 2384
2384 255 1198
439 829 2405
829 439 2405
2405 439 829
257 2901 2990
2901 257 2990
2990 257 2901
2197 2190 2702
2702 2190 2197
2190 2197 2702
99 2724 2833
2724 99 2833
2833 99 2724
1862 2819 2992
2819 1862 2992
2992 1862 2819
1183 1439 2311
2311 1183 1439
1439 1183 2311
337 41 1607
1607 41 337
41 337 1607
2960 1037 1125
1125 1037 2960
1037 1125 2960
2746 1354 2635
1354 2635 2746
2635 1354 2746
2763 781 2743
2743 781 2763
781 2743 2763
463 977 1010
1010 463 977
977 463 1010
25 1521 2015
1521 25 2015
2015 25 1521
629 1469 1798
1469 629 1798
1798 629 1469
603 2276 2553
2553 603 2276
2276 603 2553
2874 122 2634
2634 122 2874
122 2634 2874
1953 1031 1087
1031 1087 1953
1087 1031 1953
2866 385 584
584 385 2866
385 584 2866
1193 1447 2356
2356 1193 1447
1447 1193 2356
507 315 2563
315 507 2563
2563 315 507
2788 106 2766
2766 106 2788
106 2766 2788
72 473 1542
1542 72 473
473 72 1542
1068 776 1318
776 1068 1318
1318 776 1068
1340 1182 2063
1182 1340 2063
2063 1182 1340
1164 917 2363
917 1164 2363
2363 917 1164
349 2773 2927
2773 349 2927
2927 349 2773
418 566 2459
2459 418 566
566 418 2459
2094 851 1861
1861 851 2094
851 1861 2094
2056 144 1830
144 1830 2056
1830 144 2056
2777 874 2240
874 2240 2777
2240 874 2777
1130 523 1423
523 1130 1423
1423 523 1130
2954 583 2402
2402 583 2954
583 2402 2954
1014 1797 2066
1797 1014 2066
2066 1014 1797
79 838 1848
838 79 1848
1848 79 838
956 303 1338
1338 303 956
303 956 1338
549 1782 2920
2920 549 1782
1782 549 2920
465 747 1255
747 465 1255
1255 465 747
1240 80 1388
1388 80 1240
80 1240 1388
62 442 2058
2058 62 442
442 62 2058
1219 229 2944
2944 229 1219
229 1219 2944
1203 1778 1840
1778 1203 1840
1840 1203 1778
927 76 1989
76 927 1989
1989 76 927
2055 191 1206
1206 191 2055
191 1206 2055
1398 1595 1755
1595 1398 1755
1755 1398 1595
1028 560 2605
560 1028 2605
2605 560 1028
1791 519 2938
2938 519 1791
519 1791 2938
1570 1996 2631
1996 1570 2631
2631 1570 1996
2596 393 864
864 393 2596
393 864 2596
2555 101 1853
101 1853 2555
1853 101 2555
470 249 551
249 470 551
551 249 470
1088 2037 2429
2037 1088 2429
2429 1088 2037
1301 1133 2887
1133 1301 2887
2887 1133 1301
1286 1709 1763
1763 1286 1709
1709 1286 1763
198 565 2464
565 198 2464
2464 198 565
879 1818 2792
2792 879 1818
1818 879 2792
2942 175 1107
175 1107 2942
1107 175 2942
395 358 1879
358 395 1879
1879 358 395
2452 546 1579
546 1579 2452
1579 546 2452
142 709 1868
709 142 1868
1868 142 709
1426 820 2557
2557 820 1426
820 1426 2557
1963 1429 2480
1429 1963 2480
2480 1429 1963
469 264 487
264 469 487
487 264 469
2318 237 1424
237 1424 2318
1424 237 2318
1000 292 2548
292 1000 2548
2548 292 1000
2378 1846 2848
1846 2378 2848
2848 1846 2378
2457 1322 1994
1994 1322 2457
1322 1994 2457
63 1077 1907
1077 63 1907
1907 63 1077
1339 462 719
719 462 1339
462 719 1339
1911 925 1657
1657 925 1911
925 1657 1911
2948 849 2115
2115 849 2948
849 2115 2948
2166 630 2551
630 2166 2551
2551 630 2166
1456 29 252
252 29 1456
29 252 1456
1625 1555 2567
2567 1555 1625
1555 1625 2567
1834 767 2479
767 1834 2479
2479 767 1834
121 1296 2279
2279 121 1296
1296 121 2279
1311 536 950
950 536 1311
536 950 1311
1547 975 1046
975 1046 1547
1046 975 1547
2539 2570 2705
2705 2539 2570
2570 2539 2705
1273 1690 1891
1891 1273 1690
1690 1273 1891
2416 1115 1624
1115 1624 2416
1624 1115 2416
1978 894 2309
2309 894 1978
894 1978 2309
1421 512 609
609 512 1421
512 609 1421
1505 2526 2613
2526 1505 2613
2613 1505 2526
2352 715 2606
715 2352 2606
2606 715 2352
815 16 2624
16 815 2624
2624 16 815
429 625 1196
625 429 1196
1196 429 625
1238 113 3000
3000 113 1238
113 1238 3000
299 863 1195
1195 299 863
863 299 1195
2582 202 1904
1904 202 2582
202 1904 2582
2758 2126 2806
2806 2126 2758
2126 2758 2806
540 1992 2534
1992 540 2534
2534 540 1992
489 1894 2503
2503 489 1894
1894 489 2503
1043 1662 1981
1981 1043 1662
1662 1043 1981
1683 1658 1922
1658 1683 1922
1922 1658 1683
179 859 966
859 179 966
966 179 859
2517 1253 2223
1253 2223 2517
2223 1253 2517
2785 2 633
633 2 2785
2 633 2785
1969 641 862
862 641 1969
641 862 1969
1561 1197 2297
1197 1561 2297
2297 1197 1561
944 1520 2683
2683 944 1520
1520 944 2683
2228 1769 2451
1769 2228 2451
2451 1769 2228
527 277 2727
277 527 2727
2727 277 527
692 227 1355
1355 227 692
227 692 1355
84 1854 2387
1854 84 2387
2387 84 1854
1941 2552 2619
2552 1941 2619
2619 1941 2552
2531 2080 2438
2438 2080 2531
2080 2438 2531
73 981 2344
981 73 2344
2344 73 981
1468 1053 2885
1053 1468 2885
2885 1053 1468
1976 328 2898
328 1976 2898
2898 328 1976
1781 936 2864
936 1781 2864
2864 936 1781
2134 2300 2857
2300 2134 2857
2857 2134 2300
2883 471 2820
2820 471 2883
471 2820 2883
753 834 1123
1123 753 834
834 753 1123
307 1343 1645
1343 307 1645
1645 307 1343
239 1036 1109
1036 239 1109
1109 239 1036
154 2576 2816
2816 154 2576
2576 154 2816
910 370 803
803 370 910
370 803 910
2690 1878 2513
2513 1878 2690
1878 2513 2690
278 1968 2150
2150 278 1968
1968 278 2150
1011 1121 2053
2053 1011 1121
1121 1011 2053
1373 341 850
341 850 1373
850 341 1373
2100 100 1749
1749 100 2100
100 1749 2100
1870 30 2951
2951 30 1870
30 1870 2951
1009 701 797
797 701 1009
701 797 1009
1539 994 2407
994 1539 2407
2407 994 1539
2010 742 2366
2366 742 2010
742 2010 2366
1865 1586 2760
2760 1586 1865
1586 1865 2760
2043 373 2581
2581 373 2043
373 2043 2581
1383 495 544
544 495 1383
495 544 1383
978 865 1835
1835 865 978
865 978 1835
1620 2897 2922
2922 1620 2897
2897 1620 2922
1491 2544 2916
2916 1491 2544
2544 1491 2916
672 1047 1191
1047 672 1191
1191 672 1047
290 1925 2686
1925 290 2686
2686 290 1925
1591 187 924
924 187 1591
187 924 1591
1038 949 2623
2623 949 1038
949 1038 2623
2978 2224 2730
2224 2730 2978
2730 2224 2978
353 216 2335
2335 216 353
216 353 2335
2462 1342 1688
1342 1688 2462
1688 1342 2462
1806 352 2354
2354 352 1806
352 1806 2354
1153 1119 1325
1119 1153 1325
1325 1119 1153
1067 1643 2167
2167 1067 1643
1643 1067 2167
599 1404 2234
2234 599 1404
1404 599 2234
1609 1590 2886
2886 1590 1609
1590 1609 2886
2754 258 1659
1659 258 2754
258 1659 2754
1507 323 1294
323 1294 1507
1294 323 1507
2482 1230 2253
1230 2253 2482
2253 1230 2482
690 559 1573
1573 559 690
559 690 1573
1720 415 2426
2426 415 1720
415 1720 2426
1939 1292 2259
2259 1292 1939
1292 1939 2259
192 1783 2945
2945 192 1783
1783 192 2945
1604 893 1458
1458 893 1604
893 1458 1604
238 839 2742
2742 238 839
839 238 2742
2795 522 1331
1331 522 2795
522 1331 2795
1201 1349 2738
1349 1201 2738
2738 1201 1349
2128 2507 2530
2507 2128 2530
2530 2128 2507
1738 1628 1786
1786 1628 1738
1628 1738 1786
710 1327 1600
1600 710 1327
1327 710 1600
990 256 773
773 256 990
256 773 990
1328 200 1105
200 1105 1328
1105 200 1328
243 320 2491
2491 243 320
320 243 2491
728 148 2163
148 728 2163
2163 148 728
711 496 2204
496 711 2204
2204 496 711
1952 1888 2681
2681 1888 1952
1888 1952 2681
2099 217 1118
1118 217 2099
217 1118 2099
454 196 595
595 196 454
196 454 595
2264 483 2165
483 2165 2264
2165 483 2264
2521 1538 2720
1538 2521 2720
2720 1538 2521
1208 1248 1540
1540 1208 1248
1248 1208 1540
974 97 634
97 634 974
634 97 974
1351 2337 2475
2337 1351 2475
2475 1351 2337
1444 334 2351
334 1444 2351
2351 334 1444
2305 542 1629
1629 542 2305
542 1629 2305
2744 67 724
724 67 2744
67 724 2744
1250 1455 2908
1455 1250 2908
2908 1250 1455
1883 1020 1021
1021 1020 1883
1020 1021 1883
2268 2250 2591
2250 2268 2591
2591 2250 2268
1446 1393 1923
1923 1393 1446
1393 1446 1923
2731 2070 2421
2070 2421 2731
2421 2070 2731
1209 676 2193
2193 676 1209
676 1209 2193
2849 657 1408
657 1408 2849
1408 657 2849
2211 877 2040
877 2040 2211
2040 877 2211
2174 102 2529
102 2174 2529
2529 102 2174
581 804 1905
804 581 1905
1905 581 804
876 2035 2654
2654 876 2035
2035 876 2654
1138 112 1634
1634 112 1138
112 1138 1634
1165 240 1406
240 1165 1406
1406 240 1165
905 1284 1350
1284 905 1350
1350 905 1284
987 960 1117
1117 960 987
960 987 1117
1803 2101 2607
2101 1803 2607
2607 1803 2101
1998 494 696
696 494 1998
494 696 1998
537 246 2790
2790 246 537
246 537 2790
1169 1653 1780
1653 1169 1780
1780 1169 1653
1148 875 1436
1436 875 1148
875 1148 1436
403 2710 2956
2710 403 2956
2956 403 2710
886 1826 2328
2328 886 1826
1826 886 2328
1277 461 1543
1543 461 1277
461 1277 1543
1761 110 431
431 110 1761
110 431 1761
1589 1899 2433
1899 1589 2433
2433 1589 1899
783 1111 2957
2957 783 1111
1111 783 2957
2436 799 2194
2194 799 2436
799 2194 2436
1069 1746 2227
2227 1069 1746
1746 1069 2227
2047 400 521
400 521 2047
521 400 2047
1829 890 1965
890 1829 1965
1965 890 1829
1494 233 1326
1326 233 1494
233 1326 1494
807 518 745
518 745 807
745 518 807
2191 556 572
572 556 2191
556 572 2191
2506 588 1694
588 1694 2506
1694 588 2506
1274 190 338
338 190 1274
190 338 1274
1140 1986 2803
2803 1140 1986
1986 1140 2803
2235 1431 1541
1541 1431 2235
1431 1541 2235
1241 1474 2846
2846 1241 1474
1474 1241 2846
1631 855 1566
1566 855 1631
855 1566 1631
840 1108 1950
1950 840 1108
1108 840 1950
263 793 1575
793 263 1575
1575 263 793
2272 878 2786
878 2272 2786
2786 878 2272
2981 2125 2843
2125 2843 2981
2843 2125 2981
1960 508 1874
508 1874 1960
1874 508 1960
2905 1386 1615
1386 1615 2905
1615 1386 2905
2486 1912 2247
1912 2247 2486
2247 1912 2486
1647 139 726
139 726 1647
726 139 1647
2439 983 1441
983 1441 2439
1441 983 2439
1167 1499 1817
1499 1167 1817
1817 1167 1499
606 308 2220
2220 308 606
308 606 2220
2540 313 466
466 313 2540
313 466 2540
1795 618 1675
618 1675 1795
1675 618 1795
1443 282 2515
282 1443 2515
2515 282 1443
1551 749 2415
2415 749 1551
749 1551 2415
1050 208 2969
2969 208 1050
208 1050 2969
532 269 1464
1464 269 532
269 532 1464
2708 149 2332
2332 149 2708
149 2332 2708
2717 600 2835
600 2717 2835
2835 600 2717
923 892 1025
892 923 1025
1025 892 923
746 1377 1608
1377 746 1608
1608 746 1377
659 1083 1777
1083 659 1777
1777 659 1083
841 613 1356
613 841 1356
1356 613 841
2074 921 1669
921 1669 2074
1669 921 2074
2913 1534 1881
1881 1534 2913
1534 1881 2913
2203 2776 2958
2776 2203 2958
2958 2203 2776
275 704 713
713 275 704
704 275 713
289 557 1559
557 289 1559
1559 289 557
577 206 1537
206 577 1537
1537 206 577
766 995 1116
1116 766 995
995 766 1116
1174 750 2974
2974 750 1174
750 1174 2974
1747 2616 2692
2692 1747 2616
2616 1747 2692
852 2097 2943
2943 852 2097
2097 852 2943
1828 2860 2899
2860 1828 2899
2899 1828 2860
902 665 2151
2151 665 902
665 902 2151
2155 1758 1897
1758 1897 2155
1897 1758 2155
1295 684 1316
684 1295 1316
1316 684 1295
2615 15 2579
15 2579 2615
2579 15 2615
733 1562 2755
2755 733 1562
1562 733 2755
1442 1497 2359
2359 1442 1497
1497 1442 2359
819 197 1964
197 819 1964
1964 197 819
1372 569 1007
1007 569 1372
569 1007 1372
2140 1549 2962
2962 1549 2140
1549 2140 2962
790 170 2598
2598 170 790
170 790 2598
777 533 2953
2953 533 777
533 777 2953
2728 378 424
378 424 2728
424 378 2728
70 42 1823
1823 42 70
42 70 1823
2904 39 2087
39 2087 2904
2087 39 2904
2968 2144 2299
2299 2144 2968
2144 2299 2968
962 1242 2020
1242 962 2020
2020 962 1242
1380 1178 2986
1178 1380 2986
2986 1178 1380
2217 1376 1880
1880 1376 2217
1376 1880 2217
1784 1833 2262
1833 1784 2262
2262 1784 1833
1249 266 2500
2500 266 1249
266 1249 2500
2675 1448 1814
1814 1448 2675
1448 1814 2675
1901 1143 2853
1143 1901 2853
2853 1143 1901
1984 20 2825
2825 20 1984
20 1984 2825
1030 896 2510
896 1030 2510
2510 896 1030
735 203 1049
203 735 1049
1049 203 735
1588 2186 2577
2186 1588 2577
2577 1588 2186
740 2107 2713
2107 740 2713
2713 740 2107
2206 43 2221
2221 43 2206
43 2206 2221
133 842 2139
842 133 2139
2139 133 842
1329 817 2230
2230 817 1329
817 1329 2230
1664 663 1493
663 1493 1664
1493 663 1664
117 2114 2248
2248 117 2114
2114 117 2248
1412 332 1693
1693 332 1412
332 1412 1693
1289 416 779
779 416 1289
416 779 1289
293 1942 2410
2410 293 1942
1942 293 2410
491 241 1682
241 491 1682
1682 241 491
1832 2797 2842
2797 1832 2842
2842 1832 2797
2370 1640 2071
2071 1640 2370
1640 2071 2370
1151 1312 2446
2446 1151 1312
1312 1151 2446
1703 520 1851
1851 520 1703
520 1703 1851
725 1173 1425
1425 725 1173
1173 725 1425
2488 825 971
971 825 2488
825 971 2488
1005 1297 2583
1297 1005 2583
2583 1005 1297
2004 615 705
705 615 2004
615 705 2004
1291 785 2771
785 1291 2771
2771 785 1291
2019 643 2997
2997 643 2019
643 2019 2997
2972 904 2175
2175 904 2972
904 2175 2972
2287 274 593
274 593 2287
593 274 2287
2322 562 2854
562 2322 2854
2854 562 2322
1679 1750 2800
1750 1679 2800
2800 1679 1750
1548 1788 1869
1788 1548 1869
1869 1548 1788
914 2009 2780
2009 914 2780
2780 914 2009
48 1860 2303
2303 48 1860
1860 48 2303
1134 381 2593
381 1134 2593
2593 381 1134
731 530 2837
530 731 2837
2837 530 731
75 554 1124
554 75 1124
1124 75 554
759 340 751
340 751 759
751 340 759
1929 89 2441
89 1929 2441
2441 89 1929
650 157 2178
157 650 2178
2178 157 650
2145 589 1080
589 1080 2145
1080 589 2145
2520 184 2422
2422 184 2520
184 2422 2520
2196 621 993
621 993 2196
993 621 2196
389 1360 2930
2930 389 1360
1360 389 2930
771 396 1428
1428 396 771
396 771 1428
2347 980 1145
1145 980 2347
980 1145 2347
234 1646 2052
1646 234 2052
2052 234 1646
2050 2456 2991
2991 2050 2456
2456 2050 2991
2113 280 2212
280 2113 2212
2212 280 2113
2059 420 2879
420 2059 2879
2879 420 2059
828 909 1686
1686 828 909
909 828 1686
1213 911 2762
2762 911 1213
911 1213 2762
1090 1214 2625
1214 1090 2625
2625 1090 1214
159 535 2884
535 159 2884
2884 159 535
744 1975 1999
1975 744 1999
1999 744 1975
548 301 2232
2232 301 548
301 548 2232
2469 1772 2650
2650 1772 2469
1772 2469 2650
2640 1303 2419
1303 2419 2640
2419 1303 2640
1723 2644 2871
2644 1723 2871
2871 1723 2644
66 1518 1667
1518 66 1667
1667 66 1518
2665 247 2501
247 2501 2665
2501 247 2665
2753 592 2257
592 2257 2753
2257 592 2753
2251 2682 2778
2778 2251 2682
2682 2251 2778
343 883 1843
1843 343 883
883 343 1843
1807 365 2317
2317 365 1807
365 1807 2317
1387 2017 2518
2518 1387 2017
2017 1387 2518
2339 108 2894
108 2339 2894
2894 108 2339
2076 193 2594
2594 193 2076
193 2076 2594
327 582 686
582 327 686
686 327 582
1639 503 568
568 503 1639
503 568 1639
1128 107 1228
1228 107 1128
107 1128 1228
1353 754 2091
754 1353 2091
2091 754 1353
1837 1227 1370
1227 1370 1837
1370 1227 1837
2088 2027 2689
2027 2088 2689
2689 2027 2088
612 226 642
642 226 612
226 612 642
326 151 2751
2751 151 326
151 326 2751
510 1726 2748
2748 510 1726
1726 510 2748
821 1532 1918
1532 821 1918
1918 821 1532
2353 1243 2077
2077 1243 2353
1243 2077 2353
2403 145 384
145 384 2403
384 145 2403
2716 34 826
34 826 2716
826 34 2716
411 422 906
906 411 422
422 411 906
1982 11 386
11 386 1982
386 11 1982
1460 2085 2319
2085 1460 2319
2319 1460 2085
1926 1650 2478
1650 1926 2478
2478 1650 1926
2873 1218 1489
1218 1489 2873
1489 1218 2873
1760 1511 2427
1511 1760 2427
2427 1511 1760
1019 579 2213
2213 579 1019
579 1019 2213
2696 2306 2739
2306 2696 2739
2739 2306 2696
1098 218 2791
2791 218 1098
218 1098 2791
2470 13 1732
13 1732 2470
1732 13 2470
509 1866 1906
1866 509 1906
1906 509 1866
1190 800 2655
800 1190 2655
2655 800 1190
2229 617 1852
617 1852 2229
1852 617 2229
1013 1766 1957
1957 1013 1766
1766 1013 1957
861 1924 2830
2830 861 1924
1924 861 2830
1831 1671 2073
1671 1831 2073
2073 1671 1831
602 87 2618
87 602 2618
2618 87 602
1809 513 2896
2896 513 1809
513 1809 2896
969 348 1413
1413 348 969
348 969 1413
1687 478 780
780 478 1687
478 780 1687
2622 173 1895
173 1895 2622
1895 173 2622
1333 453 2160
2160 453 1333
453 1333 2160
2368 297 2252
2252 297 2368
297 2252 2368
940 360 2013
360 940 2013
2013 360 940
2130 1254 2218
1254 2130 2218
2218 1254 2130
2745 587 791
587 791 2745
791 587 2745
1236 1399 2325
1399 1236 2325
2325 1236 1399
2399 1719 2164
2164 1719 2399
1719 2164 2399
764 485 813
485 764 813
813 485 764
2489 1144 2891
1144 2489 2891
2891 1144 2489
2060 640 823
823 640 2060
640 823 2060
1836 637 2307
637 1836 2307
2307 637 1836
882 727 1701
1701 727 882
727 882 1701
708 698 1001
698 708 1001
1001 698 708
392 374 1264
1264 374 392
374 392 1264
1935 763 1673
1673 763 1935
763 1673 1935
2460 242 972
242 972 2460
972 242 2460
2432 1065 1517
1517 1065 2432
1065 1517 2432
17 2146 2170
2146 17 2170
2170 17 2146
1993 147 564
564 147 1993
147 564 1993
951 697 2524
2524 697 951
697 951 2524
132 1770 2612
1770 132 2612
2612 132 1770
2966 209 2580
209 2580 2966
2580 209 2966
2046 649 1200
1200 649 2046
649 1200 2046
1800 2390 2890
2390 1800 2890
2890 1800 2390
2242 1804 2111
2111 1804 2242
1804 2111 2242
989 285 1039
1039 285 989
285 989 1039
2880 104 1095
1095 104 2880
104 1095 2880
2996 1391 1704
1704 1391 2996
1391 1704 2996
1102 2392 2680
2392 1102 2680
2680 1102 2392
1944 655 2700
655 1944 2700
2700 655 1944
129 765 1337
1337 129 765
765 129 1337
1457 167 926
167 926 1457
926 167 1457
1567 468 688
688 468 1567
468 688 1567
2396 848 2875
848 2396 2875
2875 848 2396
1816 1504 2931
2931 1504 1816
1504 1816 2931
671 344 1545
344 671 1545
1545 344 671
434 407 912
407 434 912
912 407 434
2810 1308 2180
1308 2180 2810
2180 1308 2810
2493 1161 1822
1161 1822 2493
