4784 9595 21723
9595 4784 21723
21723 4784 9595
14976 3606 15060
3606 14976 15060
15060 3606 14976
7093 1131 10876
1131 7093 10876
10876 1131 7093
22253 5074 5400
5400 5074 22253
5074 5400 22253
7451 10916 22226
22226 7451 10916
10916 7451 22226
26062 4362 22764
4362 22764 26062
22764 4362 26062
7343 4481 28883
4481 7343 28883
28883 4481 7343
29131 7250 29055
7250 29055 29131
29055 7250 29131
28215 19368 22171
19368 22171 28215
22171 19368 28215
7562 6117 19418
19418 6117 7562
6117 7562 19418
5174 10527 29048
10527 5174 29048
29048 5174 10527
21956 7620 9709
9709 7620 21956
7620 9709 21956
9066 9359 28941
9359 9066 28941
28941 9066 9359
3568 899 11389
899 3568 11389
11389 899 3568
11741 22102 27258
27258 11741 22102
22102 11741 27258
16714 23141 23274
23141 16714 23274
23274 16714 23141
3290 12163 28965
12163 3290 28965
28965 3290 12163
7719 14043 28402
28402 7719 14043
14043 7719 28402
19011 1619 26572
1619 19011 26572
26572 1619 19011
15264 5252 8672
8672 5252 15264
5252 8672 15264
24279 23036 26480
23036 24279 26480
26480 23036 24279
779 2174 10879
10879 779 2174
2174 779 10879
18763 8503 21572
21572 8503 18763
8503 18763 21572
1492 10199 27672
27672 1492 10199
10199 1492 27672
11062 510 9366
9366 510 11062
510 9366 11062
4950 6895 20698
20698 4950 6895
6895 4950 20698
2880 14622 16422
16422 2880 14622
14622 2880 16422
27901 18556 22178
18556 22178 27901
22178 18556 27901
527 2028 18461
18461 527 2028
2028 527 18461
27116 7754 22406
22406 7754 27116
7754 22406 27116
6200 15715 20544
20544 6200 15715
15715 6200 20544
29358 7085 10008
7085 10008 29358
10008 7085 29358
1563 16307 29717
29717 1563 16307
16307 1563 29717
29911 720 2650
720 2650 29911
2650 720 29911
1108 27958 29556
27958 1108 29556
29556 1108 27958
23568 1256 26373
1256 23568 26373
26373 1256 23568
29867 4857 19654
19654 4857 29867
4857 19654 29867
29547 14536 20616
14536 20616 29547
20616 14536 29547
14888 20131 23744
20131 14888 23744
23744 14888 20131
25067 7034 25017
25017 7034 25067
7034 25017 25067
15938 5278 15654
15654 5278 15938
5278 15654 15938
18401 17464 27151
27151 17464 18401
17464 18401 27151
7323 6898 22437
6898 7323 22437
22437 6898 7323
1448 4674 6873
6873 1448 4674
4674 1448 6873
20691 9746 11623
11623 9746 20691
9746 11623 20691
10488 10660 26924
10660 10488 26924
26924 10488 10660
1994 6230 18438
18438 1994 6230
6230 1994 18438
13970 4637 20738
4637 13970 20738
20738 4637 13970
7240 12176 27019
27019 7240 12176
12176 7240 27019
4967 25793 29287
25793 4967 29287
29287 4967 25793
14259 11941 19723
19723 11941 14259
11941 14259 19723
29119 1381 22806
1381 22806 29119
22806 1381 29119
27418 186 27392
186 27392 27418
27392 186 27418
21736 15991 27148
27148 15991 21736
15991 21736 27148
16550 8232 24191
24191 8232 16550
8232 16550 24191
5625 11958 16806
16806 5625 11958
11958 5625 16806
27797 4464 27723
27723 4464 27797
4464 27723 27797
27361 24888 28064
28064 24888 27361
24888 27361 28064
25540 22952 23675
23675 22952 25540
22952 23675 25540
10782 19911 25003
19911 10782 25003
25003 10782 19911
3118 14178 28487
28487 3118 14178
14178 3118 28487
2103 11562 22811
11562 2103 22811
22811 2103 11562
15859 2876 14203
2876 14203 15859
14203 2876 15859
11986 989 5357
5357 989 11986
989 5357 11986
9474 3642 28664
3642 9474 28664
28664 3642 9474
29142 17829 22450
22450 17829 29142
17829 22450 29142
22286 5703 21584
5703 21584 22286
21584 5703 22286
28637 2282 23215
2282 23215 28637
23215 2282 28637
20833 7538 25408
25408 7538 20833
7538 20833 25408
19557 6216 17603
17603 6216 19557
6216 17603 19557
14085 8541 13966
13966 8541 14085
8541 13966 14085
23949 6182 7763
7763 6182 23949
6182 7763 23949
19953 5093 25450
5093 19953 25450
25450 5093 19953
9416 19934 21979
21979 9416 19934
19934 9416 21979
4422 7868 20359
7868 4422 20359
20359 4422 7868
17432 6625 27334
27334 6625 17432
6625 17432 27334
9094 1771 14329
1771 9094 14329
14329 1771 9094
19325 4538 11853
4538 11853 19325
11853 4538 19325
11194 5427 27274
27274 5427 11194
5427 11194 27274
29673 2910 29698
29698 2910 29673
2910 29673 29698
11054 23583 26110
26110 11054 23583
23583 11054 26110
6842 4965 13829
4965 6842 13829
13829 4965 6842
3359 9067 22157
22157 3359 9067
9067 3359 22157
17884 4802 6504
6504 4802 17884
4802 6504 17884
27643 23278 26404
26404 23278 27643
23278 26404 27643
18611 4449 5582
5582 4449 18611
4449 5582 18611
24068 1860 10493
10493 1860 24068
1860 10493 24068
9145 1973 11720
11720 1973 9145
1973 9145 11720
8052 16943 22484
16943 8052 22484
22484 8052 16943
1627 12222 26799
26799 1627 12222
12222 1627 26799
15709 9504 10563
9504 10563 15709
10563 9504 15709
14913 9542 18328
18328 9542 14913
9542 14913 18328
1975 12356 12899
12899 1975 12356
12356 1975 12899
10685 9535 24582
24582 9535 10685
9535 10685 24582
22708 8215 22533
8215 22533 22708
22533 8215 22708
6505 7255 24763
7255 6505 24763
24763 6505 7255
5296 15687 17886
17886 5296 15687
15687 5296 17886
3601 11144 29232
11144 3601 29232
29232 3601 11144
10704 7535 18696
18696 7535 10704
7535 10704 18696
8251 2401 7121
7121 2401 8251
2401 7121 8251
26901 6246 18251
6246 18251 26901
18251 6246 26901
25259 7957 29542
29542 7957 25259
7957 25259 29542
184 21341 27832
21341 184 27832
27832 184 21341
5795 21756 21778
21778 5795 21756
21756 5795 21778
15603 1224 6259
1224 6259 15603
6259 1224 15603
10969 15344 21317
21317 10969 15344
15344 10969 21317
26444 1006 29004
29004 1006 26444
1006 26444 29004
22757 6921 27063
6921 22757 27063
27063 6921 22757
14896 16475 24585
16475 14896 24585
24585 14896 16475
17906 6862 13903
13903 6862 17906
6862 13903 17906
5990 2387 14796
2387 5990 14796
14796 2387 5990
16720 8299 11885
11885 8299 16720
8299 11885 16720
8075 9294 10154
10154 8075 9294
9294 8075 10154
15511 4300 24687
24687 4300 15511
4300 15511 24687
22037 14751 17083
14751 17083 22037
17083 14751 22037
3454 18085 22468
18085 3454 22468
22468 3454 18085
3212 6237 22494
6237 3212 22494
22494 3212 6237
15329 7595 24091
7595 15329 24091
24091 7595 15329
17289 1269 6260
6260 1269 17289
1269 6260 17289
12582 2587 25251
2587 12582 25251
25251 2587 12582
26752 1075 12474
12474 1075 26752
1075 12474 26752
18329 2375 8269
8269 2375 18329
2375 8269 18329
1726 7885 22690
7885 1726 22690
22690 1726 7885
9621 27800 29796
27800 9621 29796
29796 9621 27800
22960 5061 13989
13989 5061 22960
5061 13989 22960
15924 13392 26193
13392 15924 26193
26193 13392 15924
394 18658 20237
20237 394 18658
18658 394 20237
16819 2570 11160
11160 2570 16819
2570 11160 16819
24513 21053 22049
21053 22049 24513
22049 21053 24513
10392 4928 8915
4928 8915 10392
8915 4928 10392
11472 5448 26886
26886 5448 11472
5448 11472 26886
800 18902 25983
18902 800 25983
25983 800 18902
18805 18703 24446
18703 18805 24446
24446 18703 18805
10922 3502 17450
17450 3502 10922
3502 10922 17450
25054 1525 22726
1525 22726 25054
22726 1525 25054
10862 9348 26198
9348 10862 26198
26198 9348 10862
10 669 23117
669 10 23117
23117 10 669
15152 12043 21347
12043 15152 21347
21347 12043 15152
21894 13685 17650
13685 17650 21894
17650 13685 21894
12149 879 1458
1458 879 12149
879 1458 12149
11950 4161 13478
13478 4161 11950
4161 11950 13478
18850 4404 11395
4404 11395 18850
11395 4404 18850
16838 11882 24378
24378 11882 16838
11882 16838 24378
25925 12012 21542
12012 21542 25925
21542 12012 25925
14159 3165 5047
5047 3165 14159
3165 5047 14159
24137 29508 29664
29664 24137 29508
29508 24137 29664
26303 578 27691
27691 578 26303
578 26303 27691
26320 5882 17281
5882 17281 26320
17281 5882 26320
9937 12171 17512
17512 9937 12171
12171 9937 17512
26242 21556 24827
24827 21556 26242
21556 24827 26242
18922 2612 11479
11479 2612 18922
2612 11479 18922
19064 21485 26028
21485 19064 26028
26028 19064 21485
20612 18738 28146
18738 20612 28146
28146 18738 20612
14433 2666 17335
17335 2666 14433
2666 14433 17335
8945 27405 29836
27405 8945 29836
29836 8945 27405
972 22313 23022
22313 972 23022
23022 972 22313
26887 28483 29261
29261 26887 28483
28483 26887 29261
45 23603 28659
23603 45 28659
28659 45 23603
27308 12336 28786
12336 27308 28786
28786 12336 27308
27327 958 8551
8551 958 27327
958 8551 27327
13314 10802 14099
14099 10802 13314
10802 13314 14099
14247 309 18205
309 14247 18205
18205 309 14247
7281 10925 29197
29197 7281 10925
10925 7281 29197
2895 17164 26907
26907 2895 17164
17164 2895 26907
19940 13063 16642
13063 16642 19940
16642 13063 19940
7053 18445 29409
18445 7053 29409
29409 7053 18445
5967 15306 29058
15306 5967 29058
29058 5967 15306
14465 9453 22191
22191 9453 14465
9453 14465 22191
28720 23658 27247
23658 27247 28720
27247 23658 28720
21422 1565 12322
1565 12322 21422
12322 1565 21422
19579 3992 14236
14236 3992 19579
3992 14236 19579
29046 5987 25091
5987 25091 29046
25091 5987 29046
4572 9786 13150
9786 4572 13150
13150 4572 9786
27037 1700 4872
1700 4872 27037
4872 1700 27037
20863 9549 18652
9549 18652 20863
18652 9549 20863
16098 13068 16187
16187 13068 16098
13068 16098 16187
1237 7467 24653
24653 1237 7467
7467 1237 24653
27396 13336 26918
26918 13336 27396
13336 26918 27396
3976 14031 27844
14031 3976 27844
27844 3976 14031
28454 8913 12972
12972 8913 28454
8913 12972 28454
24436 16336 21154
16336 21154 24436
21154 16336 24436
10282 4283 16215
4283 10282 16215
16215 4283 10282
7696 2809 17345
2809 7696 17345
17345 2809 7696
22163 2923 13563
13563 2923 22163
2923 13563 22163
19810 17620 17824
17620 17824 19810
17824 17620 19810
10616 10267 28832
10267 10616 28832
28832 10267 10616
4293 17287 23003
23003 4293 17287
17287 4293 23003
9112 14057 19759
19759 9112 14057
14057 9112 19759
11515 23414 24490
23414 11515 24490
24490 11515 23414
25665 8264 19748
8264 19748 25665
19748 8264 25665
17830 18127 23218
23218 17830 18127
18127 17830 23218
20647 11826 29904
11826 20647 29904
29904 11826 20647
13213 3374 29262
29262 3374 13213
3374 13213 29262
28084 2161 18538
2161 18538 28084
18538 2161 28084
17668 8349 16933
16933 8349 17668
8349 16933 17668
19469 11869 15607
11869 15607 19469
15607 11869 19469
29971 1374 4629
1374 4629 29971
4629 1374 29971
22289 23225 27806
27806 22289 23225
23225 22289 27806
17944 5273 24777
24777 5273 17944
5273 17944 24777
28346 10015 22747
10015 22747 28346
22747 10015 28346
18747 12002 28837
12002 18747 28837
28837 12002 18747
28116 14385 27869
27869 14385 28116
14385 27869 28116
26635 14932 16588
14932 16588 26635
16588 14932 26635
24443 3341 18539
18539 3341 24443
3341 18539 24443
22078 1894 29289
1894 22078 29289
29289 1894 22078
27315 10412 15378
10412 15378 27315
15378 10412 27315
10242 10865 24717
10865 10242 24717
24717 10242 10865
4016 8484 11251
11251 4016 8484
8484 4016 11251
25594 2679 20547
2679 20547 25594
20547 2679 25594
5030 5151 28028
28028 5030 5151
5151 5030 28028
4992 166 7913
166 4992 7913
7913 166 4992
2412 17056 28675
28675 2412 17056
17056 2412 28675
26174 2225 6790
2225 6790 26174
6790 2225 26174
3915 4374 21526
21526 3915 4374
4374 3915 21526
16957 12433 23187
23187 12433 16957
12433 16957 23187
29244 6840 25155
6840 25155 29244
25155 6840 29244
17069 12491 17333
17333 12491 17069
12491 17069 17333
29702 5116 13111
13111 5116 29702
5116 13111 29702
9856 15145 28091
15145 9856 28091
28091 9856 15145
8649 10489 25893
10489 8649 25893
25893 8649 10489
28877 15101 20856
20856 15101 28877
15101 20856 28877
908 7980 23918
23918 908 7980
7980 908 23918
24549 20130 29534
20130 24549 29534
29534 20130 24549
12363 14826 29063
14826 12363 29063
29063 12363 14826
28273 10538 13450
13450 10538 28273
10538 13450 28273
13816 12396 13230
13230 12396 13816
12396 13230 13816
21313 8765 12293
12293 8765 21313
8765 12293 21313
3876 4325 15390
4325 3876 15390
15390 3876 4325
29447 17265 18196
17265 18196 29447
18196 17265 29447
20192 15004 28265
15004 20192 28265
28265 15004 20192
13259 4930 27894
27894 4930 13259
4930 13259 27894
582 3674 23257
23257 582 3674
3674 582 23257
2338 4207 4578
4207 2338 4578
4578 2338 4207
6661 11151 26812
11151 6661 26812
26812 6661 11151
6947 9490 25859
9490 6947 25859
25859 6947 9490
10523 8257 27349
8257 10523 27349
27349 8257 10523
3399 14754 19415
19415 3399 14754
14754 3399 19415
20135 10336 17784
10336 17784 20135
17784 10336 20135
8274 4054 9987
4054 8274 9987
9987 4054 8274
20535 9989 25037
9989 20535 25037
25037 9989 20535
3010 7780 14104
14104 3010 7780
7780 3010 14104
14371 6371 21277
21277 6371 14371
6371 14371 21277
13795 17201 17773
17201 13795 17773
17773 13795 17201
8014 1067 29372
29372 1067 8014
1067 8014 29372
27848 10056 12975
10056 12975 27848
12975 10056 27848
22050 10028 10170
10028 10170 22050
10170 10028 22050
12288 1264 15582
1264 12288 15582
15582 1264 12288
20847 21742 29732
29732 20847 21742
21742 20847 29732
24492 13945 18495
13945 18495 24492
18495 13945 24492
3717 9941 10845
9941 3717 10845
10845 3717 9941
991 4411 9677
9677 991 4411
4411 991 9677
14449 5680 23043
5680 14449 23043
23043 5680 14449
466 3950 15999
15999 466 3950
3950 466 15999
16661 13569 21324
13569 16661 21324
21324 13569 16661
7315 2290 4151
2290 4151 7315
4151 2290 7315
27253 10007 24112
24112 10007 27253
10007 24112 27253
23610 6523 25501
6523 23610 25501
25501 6523 23610
5770 22344 28492
28492 5770 22344
22344 5770 28492
12725 9588 20312
9588 12725 20312
20312 9588 12725
27786 3272 22808
3272 22808 27786
22808 3272 27786
6137 16869 27380
16869 6137 27380
27380 6137 16869
18220 3421 21861
21861 3421 18220
3421 18220 21861
12487 3226 21351
3226 12487 21351
21351 3226 12487
17569 11509 12818
11509 12818 17569
12818 11509 17569
17451 22112 26144
22112 17451 26144
26144 17451 22112
7443 17681 27470
27470 7443 17681
17681 7443 27470
12769 568 6826
6826 568 12769
568 6826 12769
24987 2 5628
2 5628 24987
5628 2 24987
28151 1441 21684
1441 21684 28151
21684 1441 28151
570 888 7065
888 570 7065
7065 570 888
19682 2867 19018
2867 19018 19682
19018 2867 19682
11538 21116 26833
21116 11538 26833
26833 11538 21116
2473 5996 16028
16028 2473 5996
5996 2473 16028
18468 11787 16177
16177 11787 18468
11787 16177 18468
12813 3385 28901
28901 3385 12813
3385 12813 28901
28532 1236 2128
2128 1236 28532
1236 2128 28532
7327 5478 22320
5478 7327 22320
22320 5478 7327
9373 11335 29996
11335 9373 29996
29996 9373 11335
17036 11640 24295
24295 11640 17036
11640 17036 24295
1674 5689 11702
11702 1674 5689
5689 1674 11702
29097 10934 18081
10934 18081 29097
18081 10934 29097
26497 2376 27055
27055 2376 26497
2376 26497 27055
18424 6315 27385
27385 6315 18424
6315 18424 27385
3623 6587 15297
15297 3623 6587
6587 3623 15297
9763 3611 29493
3611 9763 29493
29493 3611 9763
1850 1479 7596
1479 1850 7596
7596 1479 1850
17078 13806 20854
13806 17078 20854
20854 13806 17078
27747 14984 20444
14984 20444 27747
20444 14984 27747
24805 9696 29072
9696 24805 29072
29072 9696 24805
13411 10484 13518
10484 13411 13518
13518 10484 13411
14816 10629 21471
21471 10629 14816
10629 14816 21471
17859 2545 9208
2545 9208 17859
9208 2545 17859
8734 1002 10513
10513 1002 8734
1002 8734 10513
11529 9131 12325
12325 9131 11529
9131 11529 12325
3960 8660 9454
9454 3960 8660
8660 3960 9454
26315 10949 21278
10949 21278 26315
21278 10949 26315
13654 5777 25389
25389 5777 13654
5777 13654 25389
10039 5328 21393
21393 5328 10039
5328 10039 21393
13461 1037 11190
11190 1037 13461
1037 11190 13461
5606 15604 28723
28723 5606 15604
15604 5606 28723
25424 24515 29788
24515 25424 29788
29788 24515 25424
9128 22853 28579
22853 9128 28579
28579 9128 22853
22597 4092 19155
4092 19155 22597
19155 4092 22597
11699 14114 20231
20231 11699 14114
14114 11699 20231
13212 47 1284
1284 47 13212
47 1284 13212
1023 24646 28220
24646 1023 28220
28220 1023 24646
20603 11773 28799
28799 11773 20603
11773 20603 28799
25597 14509 21077
21077 14509 25597
14509 21077 25597
9956 11347 27513
11347 9956 27513
27513 9956 11347
22490 10768 12392
12392 10768 22490
10768 12392 22490
24995 6887 12931
6887 12931 24995
12931 6887 24995
21361 11726 18654
11726 18654 21361
18654 11726 21361
29665 7035 18548
7035 18548 29665
18548 7035 29665
12964 2500 22233
22233 2500 12964
2500 12964 22233
24487 17153 21966
17153 21966 24487
21966 17153 24487
27287 424 11625
424 11625 27287
11625 424 27287
3670 26102 29650
26102 3670 29650
29650 3670 26102
28644 7550 7570
7570 7550 28644
7550 7570 28644
10241 9641 22004
22004 9641 10241
9641 10241 22004
20777 18744 25527
25527 18744 20777
18744 20777 25527
13245 5303 10134
5303 10134 13245
10134 5303 13245
4259 13939 27456
27456 4259 13939
13939 4259 27456
8294 11091 20040
20040 8294 11091
11091 8294 20040
15998 1411 11990
11990 1411 15998
1411 11990 15998
18707 1085 4474
4474 1085 18707
1085 4474 18707
3289 3149 20307
3149 3289 20307
20307 3149 3289
4977 14736 19465
19465 4977 14736
14736 4977 19465
27995 7897 12993
7897 12993 27995
12993 7897 27995
8200 13595 22481
22481 8200 13595
13595 8200 22481
19506 5811 16330
5811 16330 19506
16330 5811 19506
25791 1770 2264
2264 1770 25791
1770 2264 25791
19921 8442 14566
8442 14566 19921
14566 8442 19921
9636 254 376
254 376 9636
376 254 9636
11951 274 28066
28066 274 11951
274 11951 28066
21293 7699 22868
7699 21293 22868
22868 7699 21293
26669 4883 22698
4883 22698 26669
22698 4883 26669
15191 3006 23881
3006 15191 23881
23881 3006 15191
20123 608 16555
608 16555 20123
16555 608 20123
3947 1884 29013
1884 3947 29013
29013 1884 3947
15696 12129 13127
12129 13127 15696
13127 12129 15696
29292 1908 12337
12337 1908 29292
1908 12337 29292
18791 23346 24746
24746 18791 23346
23346 18791 24746
27687 17584 28322
17584 27687 28322
28322 17584 27687
5904 79 17513
17513 79 5904
79 5904 17513
4720 14386 27105
27105 4720 14386
14386 4720 27105
2420 6047 12895
12895 2420 6047
6047 2420 12895
9826 2938 17560
2938 9826 17560
17560 2938 9826
13137 8695 18779
8695 13137 18779
18779 8695 13137
9190 7424 9240
7424 9190 9240
9240 7424 9190
22591 564 8615
564 8615 22591
8615 564 22591
4380 20441 24141
24141 4380 20441
20441 4380 24141
20538 13554 24233
24233 13554 20538
13554 20538 24233
10618 2669 7081
7081 2669 10618
2669 7081 10618
3119 2444 12277
12277 2444 3119
2444 3119 12277
14641 11817 17892
17892 11817 14641
11817 14641 17892
16995 19815 22014
19815 16995 22014
22014 16995 19815
29050 1471 17500
1471 17500 29050
17500 1471 29050
13057 18662 18860
18860 13057 18662
18662 13057 18860
4184 4319 11183
4319 4184 11183
11183 4184 4319
22217 15097 19440
19440 15097 22217
15097 19440 22217
3449 11121 23627
23627 3449 11121
11121 3449 23627
19432 9441 17243
9441 17243 19432
17243 9441 19432
28733 4787 8396
8396 4787 28733
4787 8396 28733
18579 3251 13679
13679 3251 18579
3251 13679 18579
1003 3722 3909
3722 1003 3909
3909 1003 3722
11825 10284 17130
10284 11825 17130
17130 10284 11825
12465 1295 4907
1295 4907 12465
4907 1295 12465
5974 6545 17420
6545 5974 17420
17420 5974 6545
19040 8949 21249
21249 8949 19040
8949 19040 21249
3138 11167 18125
18125 3138 11167
11167 3138 18125
15609 11455 28737
11455 15609 28737
28737 11455 15609
18470 11042 20288
11042 18470 20288
20288 11042 18470
10113 752 9584
752 9584 10113
9584 752 10113
19692 14815 16904
16904 14815 19692
14815 16904 19692
21252 7519 28693
28693 7519 21252
7519 21252 28693
11803 9547 24920
24920 9547 11803
9547 11803 24920
7915 7627 16534
7627 7915 16534
16534 7627 7915
838 15544 26927
26927 838 15544
15544 838 26927
27379 5249 18870
5249 18870 27379
18870 5249 27379
9955 11767 26772
26772 9955 11767
11767 9955 26772
29663 7590 17040
17040 7590 29663
7590 17040 29663
25984 18965 19171
19171 18965 25984
18965 19171 25984
12326 1785 15829
1785 12326 15829
15829 1785 12326
29569 8681 10294
8681 10294 29569
10294 8681 29569
24455 5641 21438
5641 21438 24455
21438 5641 24455
22182 24149 25964
25964 22182 24149
24149 22182 25964
23159 13540 16078
16078 13540 23159
13540 16078 23159
3658 146 20692
20692 146 3658
146 3658 20692
26005 19793 19827
19793 19827 26005
19827 19793 26005
7174 34 9470
9470 34 7174
34 7174 9470
20343 21420 29100
21420 20343 29100
29100 20343 21420
17469 17765 21260
17765 17469 21260
21260 17469 17765
27195 5432 26939
5432 26939 27195
26939 5432 27195
9052 9780 13177
13177 9052 9780
9780 9052 13177
4019 308 21821
308 4019 21821
21821 308 4019
26515 6250 12743
12743 6250 26515
6250 12743 26515
10407 26197 28105
28105 10407 26197
26197 10407 28105
15198 17916 26694
26694 15198 17916
17916 15198 26694
23771 14828 22154
22154 14828 23771
14828 22154 23771
20481 24379 27629
27629 20481 24379
24379 20481 27629
25489 14463 26980
26980 14463 25489
14463 25489 26980
8685 2200 9606
2200 8685 9606
9606 2200 8685
10519 9038 22412
22412 9038 10519
9038 10519 22412
12372 17471 27755
27755 12372 17471
17471 12372 27755
29490 1019 21291
21291 1019 29490
1019 21291 29490
23882 8339 8721
8339 8721 23882
8721 8339 23882
24790 3927 21041
3927 21041 24790
21041 3927 24790
10349 4073 7407
4073 7407 10349
7407 4073 10349
29302 23176 25146
25146 23176 29302
23176 25146 29302
1375 24598 25076
25076 1375 24598
24598 1375 25076
2315 25960 29351
25960 2315 29351
29351 2315 25960
10620 7218 16446
16446 7218 10620
7218 10620 16446
158 15301 25508
15301 158 25508
25508 158 15301
22852 7784 19049
7784 19049 22852
19049 7784 22852
6841 246 26695
246 6841 26695
26695 246 6841
8990 2743 26764
26764 2743 8990
2743 8990 26764
21765 3233 27356
3233 21765 27356
27356 3233 21765
3000 12699 14963
14963 3000 12699
12699 3000 14963
23404 9836 11523
11523 9836 23404
9836 11523 23404
14874 11930 28438
11930 14874 28438
28438 11930 14874
20973 8567 26455
26455 8567 20973
8567 20973 26455
8267 7675 24993
24993 7675 8267
7675 8267 24993
4651 4358 17192
4358 4651 17192
17192 4358 4651
9665 1209 19712
19712 1209 9665
1209 9665 19712
4639 6717 21460
6717 4639 21460
21460 4639 6717
14727 17587 28572
28572 14727 17587
17587 14727 28572
11977 5258 19470
19470 5258 11977
5258 11977 19470
2893 5238 16779
5238 2893 16779
16779 2893 5238
2308 2379 15279
15279 2308 2379
2379 2308 15279
16388 8305 29784
29784 8305 16388
8305 16388 29784
1566 22727 29443
22727 1566 29443
29443 1566 22727
12826 14226 19515
14226 12826 19515
19515 12826 14226
22964 23496 28827
28827 22964 23496
23496 22964 28827
12140 10602 10753
10602 10753 12140
10753 10602 12140
10657 6970 21859
6970 10657 21859
21859 6970 10657
18636 1139 19839
1139 18636 19839
19839 1139 18636
20589 20236 21890
21890 20236 20589
20236 20589 21890
18562 14934 17022
17022 14934 18562
14934 17022 18562
7301 8455 9916
8455 7301 9916
9916 7301 8455
26498 6114 8315
8315 6114 26498
6114 8315 26498
6496 16816 17161
16816 6496 17161
17161 6496 16816
21428 1709 1798
1798 1709 21428
1709 1798 21428
12518 399 799
399 799 12518
799 399 12518
20567 5897 7501
7501 5897 20567
5897 7501 20567
13967 8326 16423
16423 8326 13967
8326 13967 16423
15035 8344 14240
14240 8344 15035
8344 14240 15035
12295 16566 20056
16566 12295 20056
20056 12295 16566
12180 20476 29356
20476 12180 29356
29356 12180 20476
13210 18681 26184
18681 13210 26184
26184 13210 18681
29485 14624 27536
14624 27536 29485
27536 14624 29485
20911 9042 13451
9042 13451 20911
13451 9042 20911
9631 15630 22535
15630 9631 22535
22535 9631 15630
3200 3907 5197
5197 3200 3907
3907 3200 5197
6673 3085 21028
3085 6673 21028
21028 3085 6673
764 9732 29697
29697 764 9732
9732 764 29697
21279 19848 22837
22837 19848 21279
19848 21279 22837
357 1066 16083
1066 357 16083
16083 357 1066
10603 15215 27228
27228 10603 15215
15215 10603 27228
24245 15330 23854
15330 23854 24245
23854 15330 24245
6914 2906 17515
17515 2906 6914
2906 6914 17515
18986 1881 9797
1881 9797 18986
9797 1881 18986
12478 6344 6634
6344 6634 12478
6634 6344 12478
29299 4750 29515
29515 4750 29299
4750 29299 29515
8637 787 18235
787 8637 18235
18235 787 8637
4887 3071 23856
23856 3071 4887
3071 4887 23856
4635 717 12374
12374 717 4635
717 4635 12374
10770 5594 21730
5594 10770 21730
21730 5594 10770
1715 4178 15244
4178 1715 15244
15244 1715 4178
14753 9327 21581
9327 14753 21581
21581 9327 14753
5276 6360 19844
19844 5276 6360
6360 5276 19844
29376 17485 18773
18773 17485 29376
17485 18773 29376
635 5894 16771
16771 635 5894
5894 635 16771
4703 11506 22887
11506 4703 22887
22887 4703 11506
29472 16682 27496
16682 27496 29472
27496 16682 29472
26226 249 12150
249 12150 26226
12150 249 26226
3184 4642 8101
8101 3184 4642
4642 3184 8101
5681 7524 13054
13054 5681 7524
7524 5681 13054
12905 2459 29905
2459 12905 29905
29905 2459 12905
10345 4050 27481
27481 4050 10345
4050 10345 27481
983 8208 23672
8208 983 23672
23672 983 8208
15008 1143 25922
1143 15008 25922
25922 1143 15008
16348 5392 22598
5392 16348 22598
22598 5392 16348
26685 7097 17480
7097 17480 26685
17480 7097 26685
27227 12902 15538
12902 15538 27227
15538 12902 27227
7888 925 18496
18496 925 7888
925 7888 18496
11739 17505 18437
18437 11739 17505
17505 11739 18437
17489 4798 10269
4798 10269 17489
10269 4798 17489
8743 18199 19089
18199 8743 19089
19089 8743 18199
25720 11232 16218
11232 16218 25720
16218 11232 25720
21870 3211 21741
21741 3211 21870
3211 21741 21870
14174 2321 8327
8327 2321 14174
2321 8327 14174
4683 2113 19842
19842 2113 4683
2113 4683 19842
18750 19095 21808
21808 18750 19095
19095 18750 21808
11429 1521 4260
1521 4260 11429
4260 1521 11429
18610 20719 25267
20719 18610 25267
25267 18610 20719
12022 1600 16567
16567 1600 12022
1600 12022 16567
9202 4485 25272
25272 4485 9202
4485 9202 25272
18766 23364 24942
24942 18766 23364
23364 18766 24942
2561 4084 24237
4084 2561 24237
24237 2561 4084
16433 8683 14555
8683 14555 16433
14555 8683 16433
28661 1514 15310
1514 15310 28661
15310 1514 28661
5537 18141 29169
18141 5537 29169
29169 5537 18141
3974 16788 27615
16788 3974 27615
27615 3974 16788
16892 2479 9139
9139 2479 16892
2479 9139 16892
2031 2094 20020
20020 2031 2094
2094 2031 20020
19768 10958 26147
10958 19768 26147
26147 10958 19768
20900 14321 29216
29216 14321 20900
14321 20900 29216
24849 9382 25153
9382 24849 25153
25153 9382 24849
2826 17062 18172
18172 2826 17062
17062 2826 18172
6863 9152 19393
19393 6863 9152
9152 6863 19393
8962 7189 27699
27699 7189 8962
7189 8962 27699
24670 15067 26308
15067 24670 26308
26308 15067 24670
1380 8847 21643
21643 1380 8847
8847 1380 21643
18430 28297 28590
28297 18430 28590
28590 18430 28297
15693 8975 25929
8975 15693 25929
25929 8975 15693
4652 5706 26564
26564 4652 5706
5706 4652 26564
21356 22818 28264
22818 21356 28264
28264 21356 22818
20423 16284 29869
29869 16284 20423
16284 20423 29869
485 16237 19350
16237 485 19350
19350 485 16237
1741 15734 19640
19640 1741 15734
15734 1741 19640
7742 12925 23182
23182 7742 12925
12925 7742 23182
14255 15273 24399
24399 14255 15273
15273 14255 24399
16762 3632 12551
12551 3632 16762
3632 12551 16762
19687 5697 26459
26459 5697 19687
5697 19687 26459
18472 13147 13879
13147 13879 18472
13879 13147 18472
12929 22934 26325
26325 12929 22934
22934 12929 26325
27588 15827 23961
15827 23961 27588
23961 15827 27588
8233 1672 2728
1672 2728 8233
2728 1672 8233
15555 19216 20562
19216 15555 20562
20562 15555 19216
17004 8066 28254
8066 17004 28254
28254 8066 17004
16646 18288 19550
19550 16646 18288
18288 16646 19550
4576 3892 23514
23514 3892 4576
3892 4576 23514
3922 9245 28755
28755 3922 9245
9245 3922 28755
17121 259 19012
259 17121 19012
19012 259 17121
29113 26849 28672
28672 26849 29113
26849 28672 29113
12554 11016 22459
22459 11016 12554
11016 12554 22459
20316 7381 19985
19985 7381 20316
7381 19985 20316
2107 6590 29887
29887 2107 6590
6590 2107 29887
10114 28639 29123
29123 10114 28639
28639 10114 29123
24728 15680 19008
19008 15680 24728
15680 19008 24728
19280 1891 28770
1891 19280 28770
28770 1891 19280
28278 13637 27695
27695 13637 28278
13637 27695 28278
18230 6756 20721
6756 18230 20721
20721 6756 18230
1953 7140 19849
19849 1953 7140
7140 1953 19849
1158 5210 15746
15746 1158 5210
5210 1158 15746
22158 5857 25521
25521 5857 22158
5857 22158 25521
426 1105 10417
1105 426 10417
10417 426 1105
26372 12302 14207
12302 14207 26372
14207 12302 26372
1768 19505 29215
19505 1768 29215
29215 1768 19505
1249 3188 27204
3188 1249 27204
27204 1249 3188
306 12924 17031
17031 306 12924
12924 306 17031
21220 4940 18010
18010 4940 21220
4940 18010 21220
24629 8163 25073
25073 8163 24629
8163 24629 25073
15239 17704 26704
17704 15239 26704
26704 15239 17704
1811 1450 11061
1450 1811 11061
11061 1450 1811
12838 5533 14350
5533 12838 14350
14350 5533 12838
15776 2091 20247
20247 2091 15776
2091 15776 20247
8195 1045 13216
1045 8195 13216
13216 1045 8195
22942 10716 22091
10716 22091 22942
22091 10716 22942
20070 17997 22634
17997 20070 22634
22634 17997 20070
28191 15912 28269
15912 28191 28269
28269 15912 28191
1517 5114 11428
5114 1517 11428
11428 1517 5114
19136 13622 23793
23793 13622 19136
13622 19136 23793
10549 1300 2240
1300 2240 10549
2240 1300 10549
14859 883 4994
883 4994 14859
4994 883 14859
27309 15066 21817
15066 21817 27309
21817 15066 27309
10089 21203 25227
21203 10089 25227
25227 10089 21203
6973 11571 15841
11571 6973 15841
15841 6973 11571
10705 689 12525
689 10705 12525
12525 689 10705
20009 13079 19613
13079 19613 20009
19613 13079 20009
3468 9729 11279
11279 3468 9729
9729 3468 11279
29154 13784 14618
13784 14618 29154
14618 13784 29154
24675 8298 24521
8298 24521 24675
24521 8298 24675
28973 12447 29418
29418 12447 28973
12447 28973 29418
12361 5043 18118
18118 5043 12361
5043 12361 18118
7536 1324 4847
4847 1324 7536
1324 4847 7536
7568 6979 19087
6979 7568 19087
19087 6979 7568
26053 10090 16357
10090 16357 26053
16357 10090 26053
23513 11478 17407
17407 11478 23513
11478 17407 23513
16260 12594 25837
12594 16260 25837
25837 12594 16260
2084 2075 12628
12628 2075 2084
2075 2084 12628
3857 19829 25586
19829 3857 25586
25586 3857 19829
23673 2478 28704
28704 2478 23673
2478 23673 28704
18549 268 26917
26917 268 18549
268 18549 26917
16507 3648 14366
3648 14366 16507
14366 3648 16507
19670 7266 21856
7266 19670 21856
21856 7266 19670
5791 14149 28804
14149 5791 28804
28804 5791 14149
21378 10109 25601
10109 21378 25601
25601 10109 21378
24310 24645 26131
24645 24310 26131
26131 24310 24645
7089 14956 26138
26138 7089 14956
14956 7089 26138
21123 17778 20108
17778 20108 21123
20108 17778 21123
20918 3114 11829
11829 3114 20918
3114 11829 20918
27432 19253 24317
24317 19253 27432
19253 24317 27432
13921 6476 11770
6476 11770 13921
11770 6476 13921
27842 4611 29621
4611 27842 29621
29621 4611 27842
29674 891 21734
21734 891 29674
891 21734 29674
24810 1112 6877
1112 6877 24810
6877 1112 24810
12749 9110 24591
9110 12749 24591
24591 9110 12749
24126 524 4987
4987 524 24126
524 4987 24126
8247 20709 26089
26089 8247 20709
20709 8247 26089
15389 8514 20420
20420 8514 15389
8514 15389 20420
23122 15932 17465
15932 17465 23122
17465 15932 23122
15717 3384 7164
3384 7164 15717
7164 3384 15717
14973 4546 26047
26047 4546 14973
4546 14973 26047
13714 1621 15623
15623 1621 13714
1621 13714 15623
17639 20308 21456
20308 17639 21456
21456 17639 20308
8197 3191 9981
9981 3191 8197
3191 8197 9981
15271 21042 22433
21042 15271 22433
22433 15271 21042
22356 10004 12020
10004 12020 22356
12020 10004 22356
11507 16707 22460
16707 11507 22460
22460 11507 16707
24720 20958 22181
20958 22181 24720
22181 20958 24720
22373 13389 15075
13389 15075 22373
15075 13389 22373
17334 14512 17506
17506 14512 17334
14512 17334 17506
6181 11437 22129
11437 6181 22129
22129 6181 11437
2278 1428 27707
1428 2278 27707
27707 1428 2278
9880 10501 12540
12540 9880 10501
10501 9880 12540
18372 338 15513
338 15513 18372
15513 338 18372
12058 20701 24450
20701 12058 24450
24450 12058 20701
26084 20827 25234
20827 25234 26084
25234 20827 26084
15450 23128 28934
23128 15450 28934
28934 15450 23128
6725 5052 6792
6792 5052 6725
5052 6725 6792
4596 10095 12720
12720 4596 10095
10095 4596 12720
10593 1155 21891
1155 10593 21891
21891 1155 10593
6095 13484 24173
24173 6095 13484
13484 6095 24173
22699 19168 19750
19168 19750 22699
19750 19168 22699
13658 14306 21173
21173 13658 14306
14306 13658 21173
28366 4007 6403
4007 6403 28366
6403 4007 28366
12300 11634 19614
11634 12300 19614
19614 11634 12300
24748 19189 23112
23112 19189 24748
19189 23112 24748
23951 15784 22166
22166 15784 23951
15784 22166 23951
3020 2739 5513
2739 3020 5513
5513 2739 3020
6949 380 22396
22396 380 6949
380 6949 22396
13268 4550 18492
18492 4550 13268
4550 13268 18492
28472 15752 24998
24998 15752 28472
15752 24998 28472
6218 18541 24415
24415 6218 18541
18541 6218 24415
12853 9609 18692
18692 9609 12853
9609 12853 18692
690 4056 4214
4056 690 4214
4214 690 4056
17259 17527 26630
17527 17259 26630
26630 17259 17527
9623 14458 16472
16472 9623 14458
14458 9623 16472
24525 3406 6680
6680 3406 24525
3406 6680 24525
11056 1861 28240
28240 1861 11056
1861 11056 28240
22352 25000 26405
25000 22352 26405
26405 22352 25000
7863 148 18242
148 7863 18242
18242 148 7863
29920 5307 23549
23549 5307 29920
5307 23549 29920
23383 11245 19063
11245 19063 23383
19063 11245 23383
573 8932 18910
8932 573 18910
18910 573 8932
29060 5886 9969
9969 5886 29060
5886 9969 29060
27500 2417 22110
2417 22110 27500
22110 2417 27500
14487 215 1500
1500 215 14487
215 1500 14487
26947 16153 27360
27360 16153 26947
16153 26947 27360
13370 16885 28721
16885 13370 28721
28721 13370 16885
9961 4695 4892
4695 4892 9961
4892 4695 9961
5435 7186 15854
7186 5435 15854
15854 5435 7186
3566 1625 17293
1625 3566 17293
17293 1625 3566
8453 11841 19464
11841 8453 19464
19464 8453 11841
29403 8909 26220
8909 26220 29403
26220 8909 29403
8120 10054 18069
18069 8120 10054
10054 8120 18069
4320 9604 11794
9604 4320 11794
11794 4320 9604
11838 2162 9333
2162 9333 11838
9333 2162 11838
12962 17138 29426
29426 12962 17138
17138 12962 29426
13208 4741 13788
13788 4741 13208
4741 13208 13788
11911 3751 6165
6165 3751 11911
3751 6165 11911
12209 2406 24753
24753 2406 12209
2406 12209 24753
22910 9487 11830
9487 11830 22910
11830 9487 22910
4618 7757 18111
18111 4618 7757
7757 4618 18111
23493 18709 26205
26205 18709 23493
18709 23493 26205
808 16186 29087
29087 808 16186
16186 808 29087
9605 10732 23833
10732 9605 23833
23833 9605 10732
20496 18231 24219
18231 20496 24219
24219 18231 20496
5610 7792 17041
7792 5610 17041
17041 5610 7792
1876 12908 29899
29899 1876 12908
12908 1876 29899
5452 10423 21797
21797 5452 10423
10423 5452 21797
26342 4760 20309
4760 20309 26342
20309 4760 26342
9635 3180 21558
21558 3180 9635
3180 9635 21558
6473 8922 26390
26390 6473 8922
8922 6473 26390
16696 86 12909
12909 86 16696
86 12909 16696
12063 25400 27011
25400 12063 27011
27011 12063 25400
4106 15381 21101
21101 4106 15381
15381 4106 21101
20370 21134 24723
24723 20370 21134
21134 20370 24723
414 9902 14151
9902 414 14151
14151 414 9902
6675 11312 29598
11312 6675 29598
29598 6675 11312
8015 13019 25832
13019 8015 25832
25832 8015 13019
15456 293 28290
293 15456 28290
28290 293 15456
22834 20174 25968
20174 22834 25968
25968 20174 22834
19761 15466 28867
28867 15466 19761
15466 19761 28867
9908 1902 2957
2957 1902 9908
1902 2957 9908
15979 20414 27833
27833 15979 20414
20414 15979 27833
11852 12714 16184
16184 11852 12714
12714 11852 16184
6728 1301 11440
1301 6728 11440
11440 1301 6728
12008 2059 15614
2059 12008 15614
15614 2059 12008
18627 15332 18656
15332 18627 18656
18656 15332 18627
15780 16178 23481
16178 15780 23481
23481 15780 16178
18229 4597 8754
8754 4597 18229
4597 8754 18229
1736 16845 22441
16845 1736 22441
22441 1736 16845
4367 21142 29822
29822 4367 21142
21142 4367 29822
12916 9002 17129
17129 9002 12916
9002 12916 17129
4623 10606 24503
10606 4623 24503
24503 4623 10606
13118 2729 18003
2729 13118 18003
18003 2729 13118
28063 28476 28538
28476 28063 28538
28538 28063 28476
23126 26864 29523
29523 23126 26864
26864 23126 29523
3105 21024 25854
25854 3105 21024
21024 3105 25854
15542 17769 29327
29327 15542 17769
17769 15542 29327
3999 5018 26959
5018 3999 26959
26959 3999 5018
19503 6565 10658
10658 6565 19503
6565 10658 19503
25351 2481 15099
2481 15099 25351
15099 2481 25351
16837 5494 24242
5494 16837 24242
24242 5494 16837
23802 6135 8898
8898 6135 23802
6135 8898 23802
3758 15411 19820
19820 3758 15411
15411 3758 19820
22674 8861 13042
13042 8861 22674
8861 13042 22674
17819 2087 13923
2087 13923 17819
13923 2087 17819
8184 276 27554
27554 276 8184
276 8184 27554
973 20661 27585
27585 973 20661
20661 973 27585
15526 2492 14381
14381 2492 15526
2492 14381 15526
8562 20519 22911
22911 8562 20519
20519 8562 22911
3820 8764 12658
8764 3820 12658
12658 3820 8764
28448 20578 29670
29670 20578 28448
20578 28448 29670
6287 16192 21495
21495 6287 16192
16192 6287 21495
13532 1605 9723
1605 9723 13532
9723 1605 13532
19578 1184 27847
1184 19578 27847
27847 1184 19578
11705 313 19140
19140 313 11705
313 11705 19140
7031 6251 17326
17326 6251 7031
6251 7031 17326
3383 391 7048
391 3383 7048
7048 391 3383
619 8067 12700
12700 619 8067
8067 619 12700
14765 3018 28522
3018 14765 28522
28522 3018 14765
23887 1823 20883
1823 20883 23887
20883 1823 23887
26188 16594 17220
16594 17220 26188
17220 16594 26188
9289 9477 14570
14570 9289 9477
9477 9289 14570
8378 1217 12788
12788 1217 8378
1217 8378 12788
13962 1862 18482
1862 13962 18482
18482 1862 13962
9759 18846 19030
19030 9759 18846
18846 9759 19030
17808 5106 10813
5106 10813 17808
10813 5106 17808
12739 947 7715
7715 947 12739
947 7715 12739
17406 1312 28260
28260 1312 17406
1312 17406 28260
5524 6038 16581
6038 5524 16581
16581 5524 6038
22575 3931 14880
3931 14880 22575
14880 3931 22575
16158 1059 5185
5185 1059 16158
1059 5185 16158
21280 23143 25371
25371 21280 23143
23143 21280 25371
8202 22060 28462
28462 8202 22060
22060 8202 28462
28806 3987 26570
26570 3987 28806
3987 26570 28806
29914 7462 24495
7462 24495 29914
24495 7462 29914
29731 22082 23020
22082 23020 29731
23020 22082 29731
24912 12928 14520
12928 14520 24912
14520 12928 24912
24911 1657 16392
16392 1657 24911
1657 16392 24911
25066 2530 21666
21666 2530 25066
2530 21666 25066
10818 1914 16955
16955 1914 10818
1914 10818 16955
23595 1030 12986
1030 12986 23595
12986 1030 23595
27909 22975 29033
22975 27909 29033
29033 22975 27909
14344 8893 23816
23816 8893 14344
8893 14344 23816
29015 14587 18700
14587 18700 29015
18700 14587 29015
5973 13798 22341
22341 5973 13798
13798 5973 22341
2747 7645 27057
27057 2747 7645
7645 2747 27057
14323 896 20726
20726 896 14323
896 14323 20726
4209 3794 20957
20957 3794 4209
3794 4209 20957
16935 3389 25896
3389 16935 25896
25896 3389 16935
5631 11905 21851
21851 5631 11905
11905 5631 21851
28386 18719 21231
21231 18719 28386
18719 21231 28386
19419 3453 11101
3453 11101 19419
11101 3453 19419
9879 18464 18552
18552 9879 18464
18464 9879 18552
29163 14289 19705
14289 19705 29163
19705 14289 29163
25795 18818 19396
19396 18818 25795
18818 19396 25795
2184 5300 17242
5300 2184 17242
17242 2184 5300
14069 7659 15736
7659 14069 15736
15736 7659 14069
7391 4738 10230
10230 4738 7391
4738 7391 10230
4130 6802 25215
6802 4130 25215
25215 4130 6802
8258 8667 17597
8667 8258 17597
17597 8258 8667
6462 2358 18516
18516 2358 6462
2358 6462 18516
3194 14831 29931
29931 3194 14831
14831 3194 29931
7899 15521 26896
15521 7899 26896
26896 7899 15521
25482 11357 17815
17815 11357 25482
11357 17815 25482
13023 2752 16660
16660 2752 13023
2752 13023 16660
18005 8493 22436
8493 18005 22436
22436 8493 18005
28177 6514 22577
22577 6514 28177
6514 22577 28177
20394 13976 15760
13976 15760 20394
15760 13976 20394
20185 10775 13109
13109 10775 20185
10775 13109 20185
21903 19727 24253
24253 19727 21903
19727 21903 24253
395 7791 26558
7791 395 26558
26558 395 7791
17133 21020 21340
21020 17133 21340
21340 17133 21020
6306 12 20136
12 6306 20136
20136 12 6306
17355 18999 19293
19293 17355 18999
18999 17355 19293
29607 1482 22861
1482 22861 29607
22861 1482 29607
7616 17689 23848
17689 7616 23848
23848 7616 17689
3522 5599 7362
5599 3522 7362
7362 3522 5599
18756 1176 17571
1176 17571 18756
17571 1176 18756
10149 2740 24265
24265 2740 10149
2740 10149 24265
15151 8265 29812
8265 15151 29812
29812 8265 15151
29424 16725 24901
16725 24901 29424
24901 16725 29424
21163 4631 19591
4631 19591 21163
19591 4631 21163
23650 5369 16626
16626 5369 23650
5369 16626 23650
8352 10842 12506
10842 8352 12506
12506 8352 10842
28918 6670 8792
6670 8792 28918
8792 6670 28918
5584 359 14947
14947 359 5584
