7048 1661 9994
1661 7048 9994
9994 1661 7048
19124 9470 26327
26327 9470 19124
9470 19124 26327
8497 19027 26641
26641 8497 19027
19027 8497 26641
13061 21398 21910
21398 13061 21910
21910 13061 21398
8989 16804 28686
16804 8989 28686
28686 8989 16804
2848 8622 15286
15286 2848 8622
8622 2848 15286
4580 11220 22927
11220 4580 22927
22927 4580 11220
15474 11869 28222
28222 11869 15474
11869 15474 28222
8901 12649 15468
15468 8901 12649
12649 8901 15468
11393 21354 22590
22590 11393 21354
21354 11393 22590
21891 25544 28193
28193 21891 25544
25544 21891 28193
24660 10660 12826
10660 12826 24660
12826 10660 24660
40 23522 27864
27864 40 23522
23522 40 27864
28855 7337 22490
7337 22490 28855
22490 7337 28855
28857 3684 24352
24352 3684 28857
3684 24352 28857
12368 8249 12715
8249 12368 12715
12715 8249 12368
1417 21044 26433
21044 1417 26433
26433 1417 21044
12246 23982 28907
23982 12246 28907
28907 12246 23982
26643 15480 23040
23040 15480 26643
15480 23040 26643
21464 2726 13294
2726 13294 21464
13294 2726 21464
16772 21999 22260
22260 16772 21999
21999 16772 22260
13452 5801 8254
8254 5801 13452
5801 8254 13452
28854 24031 27059
27059 24031 28854
24031 27059 28854
2077 11903 12836
12836 2077 11903
11903 2077 12836
24724 3015 4244
3015 4244 24724
4244 3015 24724
25540 11094 12815
12815 11094 25540
11094 12815 25540
16018 6259 25955
6259 16018 25955
25955 6259 16018
15593 4843 21743
4843 15593 21743
21743 4843 15593
12936 1102 1107
1102 1107 12936
1107 1102 12936
27792 18222 27755
18222 27755 27792
27755 18222 27792
11488 11673 15690
11673 11488 15690
15690 11488 11673
1456 16628 22660
16628 1456 22660
22660 1456 16628
28692 15363 21122
15363 21122 28692
21122 15363 28692
13041 3285 25830
25830 3285 13041
3285 13041 25830
5429 7832 27654
27654 5429 7832
7832 5429 27654
23533 15147 18944
18944 15147 23533
15147 18944 23533
1817 18438 23063
18438 1817 23063
23063 1817 18438
22201 1091 2900
2900 1091 22201
1091 2900 22201
5453 12376 24052
12376 5453 24052
24052 5453 12376
25512 5232 22384
22384 5232 25512
5232 22384 25512
19628 6161 22692
22692 6161 19628
6161 19628 22692
21423 19802 23169
23169 19802 21423
19802 21423 23169
22391 3687 28099
28099 3687 22391
3687 22391 28099
10333 9010 25105
9010 10333 25105
25105 9010 10333
25848 3501 6127
6127 3501 25848
3501 6127 25848
20956 6931 9135
6931 9135 20956
9135 6931 20956
1034 6140 25413
6140 1034 25413
25413 1034 6140
23728 563 16209
16209 563 23728
563 16209 23728
7129 10990 22670
10990 7129 22670
22670 7129 10990
1500 1771 13906
1771 1500 13906
13906 1500 1771
24637 4257 16830
4257 16830 24637
16830 4257 24637
9840 17669 21661
17669 9840 21661
21661 9840 17669
1455 8783 10635
8783 1455 10635
10635 1455 8783
1786 11059 26315
26315 1786 11059
11059 1786 26315
5373 25860 28366
25860 5373 28366
28366 5373 25860
28923 9568 23844
23844 9568 28923
9568 23844 28923
13278 18120 24706
24706 13278 18120
18120 13278 24706
29002 5064 26374
26374 5064 29002
5064 26374 29002
17242 2280 6034
2280 6034 17242
6034 2280 17242
10535 2329 23370
23370 2329 10535
2329 10535 23370
8804 3531 7517
7517 3531 8804
3531 7517 8804
18708 2079 19717
19717 2079 18708
2079 18708 19717
18240 7831 12251
12251 7831 18240
7831 12251 18240
23564 8424 11772
11772 8424 23564
8424 11772 23564
2987 5839 18353
18353 2987 5839
5839 2987 18353
8791 20653 20905
20905 8791 20653
20653 8791 20905
19195 13428 17456
17456 13428 19195
13428 17456 19195
13915 6777 19534
6777 13915 19534
19534 6777 13915
2255 11790 13574
11790 2255 13574
13574 2255 11790
29345 1046 8970
8970 1046 29345
1046 8970 29345
1152 845 7267
7267 845 1152
845 1152 7267
7365 312 21353
312 7365 21353
21353 312 7365
9286 3142 17516
17516 3142 9286
3142 9286 17516
2782 16792 18723
18723 2782 16792
16792 2782 18723
9670 10624 11847
11847 9670 10624
10624 9670 11847
13402 9766 14408
14408 9766 13402
9766 13402 14408
13360 1615 20819
1615 13360 20819
20819 1615 13360
9607 10732 22426
10732 9607 22426
22426 9607 10732
14115 11972 15725
15725 11972 14115
11972 14115 15725
17119 9560 20768
9560 17119 20768
20768 9560 17119
11571 6608 17573
17573 6608 11571
6608 11571 17573
19732 2066 8194
2066 8194 19732
8194 2066 19732
16403 9057 21948
9057 16403 21948
21948 9057 16403
10045 6457 13800
13800 6457 10045
6457 10045 13800
3231 23572 28902
23572 3231 28902
28902 3231 23572
4206 11615 23222
11615 4206 23222
23222 4206 11615
14012 22301 25589
25589 14012 22301
22301 14012 25589
22730 17936 29461
17936 22730 29461
29461 17936 22730
23620 7183 22120
22120 7183 23620
7183 22120 23620
6762 2214 17462
2214 6762 17462
17462 2214 6762
26577 790 3767
790 3767 26577
3767 790 26577
22134 23041 27009
23041 22134 27009
27009 22134 23041
9177 1575 19742
19742 1575 9177
1575 9177 19742
15110 1596 13331
13331 1596 15110
1596 13331 15110
15350 15530 29168
29168 15350 15530
15530 15350 29168
21535 1925 27940
1925 21535 27940
27940 1925 21535
6557 7075 23553
23553 6557 7075
7075 6557 23553
1190 8798 27167
8798 1190 27167
27167 1190 8798
773 5378 27862
5378 773 27862
27862 773 5378
3980 8129 27303
8129 3980 27303
27303 3980 8129
17190 726 2422
2422 726 17190
726 2422 17190
12406 8163 14253
14253 8163 12406
8163 12406 14253
4446 16373 19749
19749 4446 16373
16373 4446 19749
27983 24289 28289
28289 24289 27983
24289 27983 28289
19691 14263 20613
14263 19691 20613
20613 14263 19691
26105 4877 22610
22610 4877 26105
4877 22610 26105
14686 20005 26399
20005 14686 26399
26399 14686 20005
20098 8822 19824
19824 8822 20098
8822 19824 20098
16114 1738 15582
1738 15582 16114
15582 1738 16114
13080 495 4346
4346 495 13080
495 4346 13080
13951 20547 28972
20547 13951 28972
28972 13951 20547
25720 9078 28094
9078 25720 28094
28094 9078 25720
18941 26236 28545
26236 18941 28545
28545 18941 26236
12492 8893 26994
8893 12492 26994
26994 8893 12492
12812 380 5920
5920 380 12812
380 5920 12812
248 16213 18867
18867 248 16213
16213 248 18867
12687 20042 21706
21706 12687 20042
20042 12687 21706
6782 5265 22989
22989 5265 6782
5265 6782 22989
8819 5318 14307
14307 5318 8819
5318 8819 14307
29425 13597 25325
25325 13597 29425
13597 25325 29425
12789 4110 11776
4110 11776 12789
11776 4110 12789
8688 5988 26665
5988 8688 26665
26665 5988 8688
8903 22672 25326
25326 8903 22672
22672 8903 25326
3106 10046 12287
12287 3106 10046
10046 3106 12287
11665 2709 24843
24843 2709 11665
2709 11665 24843
26084 553 17320
17320 553 26084
553 17320 26084
17060 18634 19860
18634 17060 19860
19860 17060 18634
22445 3100 7296
7296 3100 22445
3100 7296 22445
7983 1612 10346
1612 7983 10346
10346 1612 7983
19253 11442 29143
29143 11442 19253
11442 19253 29143
22245 4987 5396
5396 4987 22245
4987 5396 22245
23671 19544 25919
25919 19544 23671
19544 23671 25919
10348 13250 13755
13250 10348 13755
13755 10348 13250
22620 3194 10519
10519 3194 22620
3194 10519 22620
8396 7235 26968
7235 8396 26968
26968 7235 8396
22312 4942 17252
4942 17252 22312
17252 4942 22312
29757 24979 26208
26208 24979 29757
24979 26208 29757
21930 1159 19339
1159 19339 21930
19339 1159 21930
13177 19599 27587
19599 13177 27587
27587 13177 19599
11087 23747 28803
23747 11087 28803
28803 11087 23747
113 2351 4256
4256 113 2351
2351 113 4256
28911 8112 14613
8112 14613 28911
14613 8112 28911
27836 21821 29936
21821 27836 29936
29936 21821 27836
2104 6573 24559
24559 2104 6573
6573 2104 24559
5576 7396 25394
7396 5576 25394
25394 5576 7396
25963 2727 8996
2727 8996 25963
8996 2727 25963
19177 11933 18851
11933 18851 19177
18851 11933 19177
26098 6505 10327
6505 10327 26098
10327 6505 26098
18028 25826 28782
25826 18028 28782
28782 18028 25826
24726 5386 27473
5386 24726 27473
27473 5386 24726
9862 4080 13349
13349 4080 9862
4080 9862 13349
19157 7244 9849
7244 9849 19157
9849 7244 19157
18034 10985 19536
19536 10985 18034
10985 18034 19536
25676 1631 23207
23207 1631 25676
1631 23207 25676
10914 9309 9521
9309 9521 10914
9521 9309 10914
6527 13801 22976
22976 6527 13801
13801 6527 22976
24301 19726 24828
19726 24301 24828
24828 19726 24301
20804 14097 21503
14097 20804 21503
21503 14097 20804
6389 5150 17258
5150 6389 17258
17258 5150 6389
8100 1557 13440
1557 8100 13440
13440 1557 8100
21574 296 20271
20271 296 21574
296 20271 21574
24745 70 11880
70 11880 24745
11880 70 24745
19788 7389 26921
26921 7389 19788
7389 19788 26921
903 9381 12004
12004 903 9381
9381 903 12004
27125 14521 19043
19043 14521 27125
14521 19043 27125
9680 8953 26992
26992 8953 9680
8953 9680 26992
21125 3498 11606
11606 3498 21125
3498 11606 21125
6153 23464 29848
29848 6153 23464
23464 6153 29848
12862 15946 21960
15946 12862 21960
21960 12862 15946
16311 9782 18006
9782 16311 18006
18006 9782 16311
2360 9976 12314
12314 2360 9976
9976 2360 12314
2446 27264 28271
28271 2446 27264
27264 2446 28271
22131 14323 20289
14323 20289 22131
20289 14323 22131
15798 19614 24207
24207 15798 19614
19614 15798 24207
5587 3523 24719
24719 3523 5587
3523 5587 24719
22101 10428 17661
17661 10428 22101
10428 17661 22101
14741 18735 25890
25890 14741 18735
18735 14741 25890
24749 12240 24464
24464 12240 24749
12240 24464 24749
17359 12432 12535
12535 12432 17359
12432 12535 17359
20546 13475 15034
13475 15034 20546
15034 13475 20546
19546 19701 21132
19701 19546 21132
21132 19546 19701
1827 1725 27882
1725 1827 27882
27882 1725 1827
27880 10924 19394
19394 10924 27880
10924 19394 27880
21936 6804 25646
25646 6804 21936
6804 21936 25646
10079 29104 29321
29104 10079 29321
29321 10079 29104
21550 4533 17816
4533 17816 21550
17816 4533 21550
22549 2809 11592
11592 2809 22549
2809 11592 22549
8154 16608 27892
16608 8154 27892
27892 8154 16608
8809 15557 29116
29116 8809 15557
15557 8809 29116
1826 4997 17126
17126 1826 4997
4997 1826 17126
21566 3451 20293
3451 20293 21566
20293 3451 21566
9800 3371 7222
3371 7222 9800
7222 3371 9800
18432 4150 7259
7259 4150 18432
4150 7259 18432
16940 12141 17821
12141 16940 17821
17821 12141 16940
19747 7360 15925
7360 15925 19747
15925 7360 19747
29463 1883 10641
1883 10641 29463
10641 1883 29463
18009 4748 23528
23528 4748 18009
4748 18009 23528
15143 2064 11819
11819 2064 15143
2064 11819 15143
14429 13631 22978
13631 14429 22978
22978 13631 14429
22447 5479 21639
5479 21639 22447
21639 5479 22447
26713 6167 26080
26080 6167 26713
6167 26080 26713
16326 25945 26679
25945 16326 26679
26679 16326 25945
5624 10669 18192
10669 5624 18192
18192 5624 10669
15329 13056 14507
13056 14507 15329
14507 13056 15329
24105 10408 10936
10936 10408 24105
10408 10936 24105
25269 5964 29593
5964 25269 29593
29593 5964 25269
9270 26288 26323
26288 9270 26323
26323 9270 26288
28140 17141 29774
17141 28140 29774
29774 17141 28140
3879 4440 23950
4440 3879 23950
23950 3879 4440
25946 12126 18732
18732 12126 25946
12126 18732 25946
14458 6764 20801
20801 6764 14458
6764 14458 20801
5225 22419 26824
26824 5225 22419
22419 5225 26824
15066 14336 22815
22815 14336 15066
14336 15066 22815
6163 18442 20992
20992 6163 18442
18442 6163 20992
3004 2414 29212
2414 3004 29212
29212 2414 3004
26454 14383 28217
28217 14383 26454
14383 26454 28217
14855 13877 22967
13877 14855 22967
22967 13877 14855
15372 1127 8438
1127 8438 15372
8438 1127 15372
10593 13907 29829
13907 10593 29829
29829 10593 13907
3425 6 29926
6 3425 29926
29926 6 3425
11605 63 20329
20329 63 11605
63 11605 20329
9886 9064 23953
9064 9886 23953
23953 9064 9886
5215 25580 28421
28421 5215 25580
25580 5215 28421
24440 7568 18483
18483 7568 24440
7568 18483 24440
8667 28007 28622
28622 8667 28007
28007 8667 28622
2581 22407 29705
29705 2581 22407
22407 2581 29705
5728 5036 14058
14058 5036 5728
5036 5728 14058
10124 3893 7509
7509 3893 10124
3893 7509 10124
15580 17749 20382
17749 15580 20382
20382 15580 17749
5292 24120 28578
28578 5292 24120
24120 5292 28578
425 14747 21039
14747 425 21039
21039 425 14747
17374 7283 20640
7283 17374 20640
20640 7283 17374
12202 20670 25233
20670 12202 25233
25233 12202 20670
24622 18992 23158
18992 23158 24622
23158 18992 24622
1647 2562 15118
15118 1647 2562
2562 1647 15118
15360 22380 29958
22380 15360 29958
29958 15360 22380
12316 10893 22328
10893 12316 22328
22328 10893 12316
2499 18956 19976
19976 2499 18956
18956 2499 19976
12875 2125 6445
6445 2125 12875
2125 6445 12875
12054 20869 26334
20869 12054 26334
26334 12054 20869
28993 26672 29392
29392 26672 28993
26672 28993 29392
23193 17806 28725
28725 17806 23193
17806 23193 28725
15382 14392 24202
14392 15382 24202
24202 14392 15382
13014 10 20799
20799 10 13014
10 13014 20799
11040 4035 21786
21786 4035 11040
4035 11040 21786
16523 10473 19858
10473 16523 19858
19858 10473 16523
19496 15732 19835
19835 15732 19496
15732 19496 19835
29058 20244 21812
20244 21812 29058
21812 20244 29058
10494 2473 27436
2473 10494 27436
27436 2473 10494
14679 3441 7545
7545 3441 14679
3441 7545 14679
18903 3628 16806
3628 16806 18903
16806 3628 18903
17038 262 24199
262 17038 24199
24199 262 17038
19129 7914 23778
23778 7914 19129
7914 19129 23778
18042 13864 20120
20120 13864 18042
13864 18042 20120
11998 2231 16952
2231 11998 16952
16952 2231 11998
9450 2495 6079
2495 6079 9450
6079 2495 9450
2203 3248 27431
3248 2203 27431
27431 2203 3248
20882 25753 26721
26721 20882 25753
25753 20882 26721
17075 4036 10863
4036 10863 17075
10863 4036 17075
10829 14895 25111
25111 10829 14895
14895 10829 25111
9945 5864 8628
5864 8628 9945
8628 5864 9945
8195 3799 6601
3799 6601 8195
6601 3799 8195
26936 8830 19293
19293 8830 26936
8830 19293 26936
23597 15055 20523
15055 20523 23597
20523 15055 23597
25824 22386 28347
22386 25824 28347
28347 22386 25824
25649 27974 29528
27974 25649 29528
29528 25649 27974
13052 839 28547
28547 839 13052
839 13052 28547
8399 289 19956
19956 289 8399
289 8399 19956
7383 18978 25362
18978 7383 25362
25362 7383 18978
8342 5313 5497
5497 5313 8342
5313 5497 8342
18958 7609 28773
7609 18958 28773
28773 7609 18958
17825 9194 10461
9194 10461 17825
10461 9194 17825
4478 17410 27279
27279 4478 17410
17410 4478 27279
14963 8270 22414
22414 8270 14963
8270 14963 22414
9746 6688 11689
6688 9746 11689
11689 6688 9746
27873 24455 27357
27357 24455 27873
24455 27357 27873
7833 7824 28579
28579 7824 7833
7824 7833 28579
28462 13929 27131
13929 27131 28462
27131 13929 28462
29361 6349 24465
24465 6349 29361
6349 24465 29361
24760 6354 22022
6354 22022 24760
22022 6354 24760
18970 4405 13394
4405 13394 18970
13394 4405 18970
19723 15830 19208
15830 19208 19723
19208 15830 19723
9650 3948 15429
3948 9650 15429
15429 3948 9650
20467 124 17292
124 17292 20467
17292 124 20467
11887 5661 24936
5661 11887 24936
24936 5661 11887
10123 2069 18883
18883 2069 10123
2069 10123 18883
22279 4561 14636
4561 14636 22279
14636 4561 22279
4389 19480 27128
27128 4389 19480
19480 4389 27128
28108 12737 23542
23542 12737 28108
12737 23542 28108
29925 447 28075
447 28075 29925
28075 447 29925
23419 24858 25237
24858 23419 25237
25237 23419 24858
27959 2977 22046
22046 2977 27959
2977 22046 27959
23414 9380 24241
24241 9380 23414
9380 23414 24241
10789 3252 26116
26116 3252 10789
3252 10789 26116
11668 11357 20480
20480 11357 11668
11357 11668 20480
19532 1419 9671
1419 9671 19532
9671 1419 19532
19586 419 21222
419 19586 21222
21222 419 19586
1343 2685 5567
5567 1343 2685
2685 1343 5567
7059 3752 17739
3752 7059 17739
17739 3752 7059
22359 1177 5271
1177 5271 22359
5271 1177 22359
16356 21556 23282
23282 16356 21556
21556 16356 23282
29497 16641 25262
16641 25262 29497
25262 16641 29497
24441 16502 16762
16762 16502 24441
16502 16762 24441
7781 4687 29121
4687 7781 29121
29121 4687 7781
18420 19446 25061
19446 18420 25061
25061 18420 19446
4062 8704 24629
24629 4062 8704
8704 4062 24629
12644 1903 11547
11547 1903 12644
1903 11547 12644
3477 10121 23872
10121 3477 23872
23872 3477 10121
23294 4367 26975
26975 4367 23294
4367 23294 26975
7186 10305 10378
10378 7186 10305
10305 7186 10378
17055 2876 29603
29603 2876 17055
2876 17055 29603
11097 977 16555
16555 977 11097
977 11097 16555
7051 2935 25113
25113 2935 7051
2935 7051 25113
18766 7068 10747
10747 7068 18766
7068 10747 18766
2711 1044 23516
23516 1044 2711
1044 2711 23516
3864 6439 14132
14132 3864 6439
6439 3864 14132
17468 2630 12326
12326 2630 17468
2630 12326 17468
19689 15267 23811
23811 15267 19689
15267 19689 23811
8175 10490 11626
11626 8175 10490
10490 8175 11626
27579 18278 21327
18278 21327 27579
21327 18278 27579
12974 1205 28879
1205 12974 28879
28879 1205 12974
18988 8133 26966
8133 18988 26966
26966 8133 18988
10163 2798 7363
2798 7363 10163
7363 2798 10163
12327 15576 17181
17181 12327 15576
15576 12327 17181
2657 5641 5738
5641 2657 5738
5738 2657 5641
9707 5308 10152
10152 5308 9707
5308 9707 10152
25548 3553 19469
3553 19469 25548
19469 3553 25548
11719 5717 10242
10242 5717 11719
5717 10242 11719
27235 22995 25181
22995 25181 27235
25181 22995 27235
180 11115 27726
27726 180 11115
11115 180 27726
16281 2699 29381
2699 16281 29381
29381 2699 16281
6164 8511 16473
16473 6164 8511
8511 6164 16473
9534 2671 13664
2671 9534 13664
13664 2671 9534
16849 10166 23013
10166 16849 23013
23013 10166 16849
22319 17388 22125
17388 22125 22319
22125 17388 22319
423 19065 29218
29218 423 19065
19065 423 29218
20383 16600 21188
21188 16600 20383
16600 20383 21188
27088 2449 18712
2449 18712 27088
18712 2449 27088
25252 119 4501
119 4501 25252
4501 119 25252
28815 20665 28620
20665 28620 28815
28620 20665 28815
6834 12018 15792
15792 6834 12018
12018 6834 15792
7519 14121 20528
20528 7519 14121
14121 7519 20528
7731 28180 28205
28180 7731 28205
28205 7731 28180
13138 2676 9668
2676 9668 13138
9668 2676 13138
18462 11441 20907
20907 11441 18462
11441 18462 20907
14105 2281 11342
2281 11342 14105
11342 2281 14105
26152 14815 16888
14815 16888 26152
16888 14815 26152
2115 3720 25185
3720 2115 25185
25185 2115 3720
15258 9767 22076
9767 15258 22076
22076 9767 15258
15270 3957 10577
10577 3957 15270
3957 10577 15270
19565 18930 23557
18930 19565 23557
23557 18930 19565
8366 3182 13715
13715 3182 8366
3182 8366 13715
513 12307 12576
12307 513 12576
12576 513 12307
3665 11489 15184
11489 3665 15184
15184 3665 11489
25340 6823 11125
6823 11125 25340
11125 6823 25340
6253 1745 13775
1745 6253 13775
13775 1745 6253
8797 24308 26465
26465 8797 24308
24308 8797 26465
25608 15645 17492
17492 15645 25608
15645 17492 25608
759 8700 26674
8700 759 26674
26674 759 8700
6480 15712 27188
15712 6480 27188
27188 6480 15712
15539 24151 27475
24151 15539 27475
27475 15539 24151
1217 26737 28534
26737 1217 28534
28534 1217 26737
11323 9133 29508
29508 9133 11323
9133 11323 29508
4859 1245 21249
21249 1245 4859
1245 4859 21249
27863 1441 4124
4124 1441 27863
1441 4124 27863
4202 5825 26074
26074 4202 5825
5825 4202 26074
13652 21573 21917
21573 13652 21917
21917 13652 21573
13135 26014 26963
26014 13135 26963
26963 13135 26014
1989 16139 27443
16139 1989 27443
27443 1989 16139
1001 9388 22593
22593 1001 9388
9388 1001 22593
4636 10026 20823
20823 4636 10026
10026 4636 20823
9444 6178 24658
6178 9444 24658
24658 6178 9444
29989 1368 11585
1368 11585 29989
11585 1368 29989
22455 5884 6373
5884 6373 22455
6373 5884 22455
4801 3148 24299
24299 3148 4801
3148 4801 24299
29887 15846 19235
19235 15846 29887
15846 19235 29887
1547 11451 27548
11451 1547 27548
27548 1547 11451
26497 6649 10929
6649 10929 26497
10929 6649 26497
22398 16304 27389
27389 16304 22398
16304 22398 27389
23823 17742 22866
22866 17742 23823
17742 22866 23823
20078 5743 28866
28866 5743 20078
5743 20078 28866
18580 22416 29009
29009 18580 22416
22416 18580 29009
12303 7668 25429
25429 7668 12303
7668 12303 25429
10051 1409 23945
23945 1409 10051
1409 10051 23945
26637 7441 28520
7441 26637 28520
28520 7441 26637
16418 8089 13160
13160 8089 16418
8089 13160 16418
11569 11292 14486
11292 11569 14486
14486 11292 11569
26691 14703 16176
16176 14703 26691
14703 16176 26691
5909 5667 16742
5667 5909 16742
16742 5667 5909
150 12938 15720
15720 150 12938
12938 150 15720
28275 25315 29819
25315 28275 29819
29819 25315 28275
19633 23432 24419
24419 19633 23432
23432 19633 24419
23291 13771 28391
28391 13771 23291
13771 23291 28391
21522 8040 28835
8040 21522 28835
28835 8040 21522
27815 1831 6839
1831 6839 27815
6839 1831 27815
18067 5652 24652
24652 5652 18067
5652 18067 24652
22878 3072 28223
3072 22878 28223
28223 3072 22878
18370 10729 25559
10729 18370 25559
25559 10729 18370
14537 11418 13729
11418 13729 14537
13729 11418 14537
4643 8534 11481
8534 4643 11481
11481 4643 8534
17900 3964 27368
3964 17900 27368
27368 3964 17900
15884 3235 9526
9526 3235 15884
3235 9526 15884
427 2445 24179
24179 427 2445
2445 427 24179
22267 8455 11913
11913 8455 22267
8455 11913 22267
7413 8876 18478
18478 7413 8876
8876 7413 18478
26567 3019 28182
3019 26567 28182
28182 3019 26567
20837 3811 11439
11439 3811 20837
3811 11439 20837
2529 8410 21513
21513 2529 8410
8410 2529 21513
28524 8638 15733
8638 15733 28524
15733 8638 28524
19829 6219 27290
27290 6219 19829
6219 19829 27290
18824 16985 19583
19583 16985 18824
16985 18824 19583
8025 6107 7084
6107 7084 8025
7084 6107 8025
8694 4688 6362
6362 4688 8694
4688 6362 8694
25333 8033 14710
14710 8033 25333
8033 14710 25333
24605 6768 19733
19733 6768 24605
6768 19733 24605
3341 25126 27230
25126 3341 27230
27230 3341 25126
12642 20428 27488
27488 12642 20428
20428 12642 27488
15228 1083 17444
17444 1083 15228
1083 15228 17444
27367 1067 28954
28954 1067 27367
1067 27367 28954
17824 6171 11165
6171 11165 17824
11165 6171 17824
20196 3847 15010
15010 3847 20196
3847 15010 20196
23571 5179 8014
5179 8014 23571
8014 5179 23571
18302 14422 19844
19844 14422 18302
14422 18302 19844
21278 3559 17613
3559 17613 21278
17613 3559 21278
14542 22064 29292
22064 14542 29292
29292 14542 22064
16279 19975 29431
29431 16279 19975
19975 16279 29431
26379 16306 18186
16306 18186 26379
18186 16306 26379
1323 3025 5376
3025 1323 5376
5376 1323 3025
18860 8492 26141
26141 8492 18860
8492 18860 26141
23388 22332 23340
22332 23340 23388
23340 22332 23388
28654 22154 27406
27406 22154 28654
22154 27406 28654
14119 4415 6508
4415 6508 14119
6508 4415 14119
488 16528 24970
24970 488 16528
16528 488 24970
20229 11968 25316
11968 20229 25316
25316 11968 20229
10889 13724 22805
22805 10889 13724
13724 10889 22805
4554 1625 7344
7344 1625 4554
1625 4554 7344
10518 6136 17035
17035 6136 10518
6136 10518 17035
9227 21817 27810
27810 9227 21817
21817 9227 27810
8894 1740 28862
28862 1740 8894
1740 8894 28862
2567 3398 3547
3398 2567 3547
3547 2567 3398
3617 9876 25944
9876 3617 25944
25944 3617 9876
24076 23701 28759
28759 23701 24076
23701 24076 28759
8515 4201 9768
4201 8515 9768
9768 4201 8515
8904 4241 20408
20408 4241 8904
4241 8904 20408
10028 12686 18347
12686 10028 18347
18347 10028 12686
2168 14599 14749
14749 2168 14599
14599 2168 14749
7013 14948 20223
14948 7013 20223
20223 7013 14948
14151 6177 23349
6177 14151 23349
23349 6177 14151
10978 8327 23518
23518 8327 10978
8327 10978 23518
28190 1977 11363
1977 11363 28190
11363 1977 28190
28159 5635 18641
5635 18641 28159
18641 5635 28159
18394 13293 27258
13293 18394 27258
27258 13293 18394
17889 285 11575
11575 285 17889
285 11575 17889
2424 3493 26812
3493 2424 26812
26812 2424 3493
8294 25387 29336
25387 8294 29336
29336 8294 25387
2626 17431 20642
20642 2626 17431
17431 2626 20642
3960 15112 16615
16615 3960 15112
15112 3960 16615
23998 474 961
474 961 23998
961 474 23998
6978 8900 17369
17369 6978 8900
8900 6978 17369
19016 14845 18466
14845 18466 19016
18466 14845 19016
29201 5700 12284
12284 5700 29201
5700 12284 29201
7388 7693 18031
18031 7388 7693
7693 7388 18031
29626 12036 16957
16957 12036 29626
12036 16957 29626
17384 5750 10299
10299 5750 17384
5750 10299 17384
7629 18711 19972
18711 7629 19972
19972 7629 18711
1284 6114 16432
6114 1284 16432
16432 1284 6114
11410 7434 25266
25266 7434 11410
7434 11410 25266
17017 2401 12830
12830 2401 17017
2401 12830 17017
28000 1366 22626
22626 1366 28000
1366 22626 28000
6343 12988 23146
12988 6343 23146
23146 6343 12988
21591 11124 28399
28399 11124 21591
11124 21591 28399
2981 3297 10455
10455 2981 3297
3297 2981 10455
16823 982 21289
21289 982 16823
982 16823 21289
17779 6168 13276
13276 6168 17779
6168 13276 17779
21944 1266 22525
22525 1266 21944
1266 21944 22525
26773 21496 27273
21496 26773 27273
27273 21496 26773
26420 10991 15814
10991 15814 26420
15814 10991 26420
26855 16582 20471
16582 20471 26855
20471 16582 26855
7664 6221 7953
7953 6221 7664
6221 7664 7953
20177 11414 27243
11414 20177 27243
27243 11414 20177
6719 9436 18088
18088 6719 9436
9436 6719 18088
10302 3782 28924
3782 10302 28924
28924 3782 10302
7400 5483 23625
23625 5483 7400
5483 7400 23625
899 10689 24474
10689 899 24474
24474 899 10689
2452 15697 26158
15697 2452 26158
26158 2452 15697
19144 17336 22103
22103 17336 19144
17336 19144 22103
27204 19672 23212
19672 23212 27204
23212 19672 27204
27196 12302 18288
18288 12302 27196
12302 18288 27196
3822 10724 13745
13745 3822 10724
10724 3822 13745
21306 4906 20681
4906 20681 21306
20681 4906 21306
22040 16485 24133
16485 22040 24133
24133 16485 22040
14629 16775 27345
27345 14629 16775
16775 14629 27345
12007 407 996
996 407 12007
407 996 12007
24205 4917 9821
4917 9821 24205
9821 4917 24205
22630 13095 13434
13095 13434 22630
13434 13095 22630
6432 12833 28466
28466 6432 12833
12833 6432 28466
14319 8502 20019
8502 14319 20019
20019 8502 14319
24164 1697 20890
20890 1697 24164
1697 20890 24164
16177 7852 21592
7852 16177 21592
21592 7852 16177
19369 6384 25659
25659 6384 19369
6384 19369 25659
7124 20089 26589
26589 7124 20089
20089 7124 26589
11251 12206 19827
12206 11251 19827
19827 11251 12206
15879 4232 10294
4232 10294 15879
10294 4232 15879
26328 10910 16644
16644 10910 26328
10910 16644 26328
18392 20888 26706
20888 18392 26706
26706 18392 20888
3390 10954 12481
12481 3390 10954
10954 3390 12481
5544 5688 7648
7648 5544 5688
5688 5544 7648
26077 11457 13137
13137 11457 26077
11457 13137 26077
13275 9697 14036
9697 13275 14036
14036 9697 13275
17465 3078 19853
3078 17465 19853
19853 3078 17465
8105 642 6383
642 6383 8105
6383 642 8105
15574 6605 6948
6605 6948 15574
6948 6605 15574
24156 15799 15974
15974 15799 24156
15799 15974 24156
14562 15562 29495
15562 14562 29495
29495 14562 15562
25163 9174 15825
9174 15825 25163
15825 9174 25163
17490 6240 6578
6578 6240 17490
6240 6578 17490
21785 20895 28722
20895 21785 28722
28722 20895 21785
13823 1516 22801
22801 1516 13823
1516 13823 22801
13319 7309 7428
7309 7428 13319
7428 7309 13319
20971 744 13523
744 13523 20971
13523 744 20971
12639 17206 25281
25281 12639 17206
17206 12639 25281
9304 14364 26189
26189 9304 14364
14364 9304 26189
20327 9313 26120
26120 9313 20327
9313 20327 26120
27671 24124 28146
28146 24124 27671
24124 27671 28146
2220 21582 28891
21582 2220 28891
28891 2220 21582
21257 5815 27191
5815 21257 27191
27191 5815 21257
2584 6179 20003
6179 2584 20003
20003 2584 6179
5618 20477 24238
24238 5618 20477
20477 5618 24238
5061 8491 28484
8491 5061 28484
28484 5061 8491
13129 21931 25345
25345 13129 21931
21931 13129 25345
23816 19091 22579
22579 19091 23816
19091 22579 23816
24144 10529 21156
10529 21156 24144
21156 10529 24144
6628 9171 21689
21689 6628 9171
9171 6628 21689
8045 1660 12151
1660 8045 12151
12151 1660 8045
12784 23057 26678
23057 12784 26678
26678 12784 23057
27522 6326 22745
6326 22745 27522
22745 6326 27522
12027 18892 24054
18892 12027 24054
24054 12027 18892
16903 4337 13466
13466 4337 16903
4337 13466 16903
13139 15931 21431
21431 13139 15931
15931 13139 21431
29247 21861 28549
28549 21861 29247
21861 28549 29247
21581 3448 21202
3448 21202 21581
21202 3448 21581
12993 17820 26211
26211 12993 17820
17820 12993 26211
19592 2787 17249
17249 2787 19592
2787 17249 19592
21617 24290 24328
24290 21617 24328
24328 21617 24290
27004 29069 29414
29069 27004 29414
29414 27004 29069
17207 16203 18639
16203 17207 18639
18639 16203 17207
3377 17461 19245
19245 3377 17461
17461 3377 19245
28407 20521 27238
20521 27238 28407
27238 20521 28407
28511 26783 26835
26835 26783 28511
26783 26835 28511
16454 2897 7120
2897 7120 16454
7120 2897 16454
29690 9034 13808
9034 13808 29690
13808 9034 29690
7793 7541 22481
7541 7793 22481
22481 7541 7793
22088 15751 17488
15751 17488 22088
17488 15751 22088
24538 2285 7012
2285 7012 24538
7012 2285 24538
25045 10291 24912
10291 24912 25045
24912 10291 25045
8579 3504 19308
3504 8579 19308
19308 3504 8579
5619 9557 25967
9557 5619 25967
25967 5619 9557
2293 25478 25568
25478 2293 25568
25568 2293 25478
10773 15648 19007
19007 10773 15648
15648 10773 19007
14464 3725 11082
3725 11082 14464
11082 3725 14464
1253 16130 27703
27703 1253 16130
16130 1253 27703
2596 6024 20395
6024 2596 20395
20395 2596 6024
4837 16760 17176
17176 4837 16760
16760 4837 17176
1013 453 28596
28596 453 1013
453 1013 28596
23392 2304 17244
17244 2304 23392
2304 17244 23392
21738 4562 9036
9036 4562 21738
4562 9036 21738
589 108 5603
5603 108 589
108 589 5603
12110 11703 24098
11703 12110 24098
24098 11703 12110
20506 4304 8592
4304 8592 20506
8592 4304 20506
23175 23731 25746
25746 23175 23731
23731 23175 25746
23995 4152 12666
4152 12666 23995
12666 4152 23995
7810 21927 29510
21927 7810 29510
29510 7810 21927
28166 9562 18326
18326 9562 28166
9562 18326 28166
15050 7870 12325
12325 7870 15050
7870 12325 15050
18886 2879 17290
17290 2879 18886
2879 17290 18886
5676 21274 27090
27090 5676 21274
21274 5676 27090
14870 11456 14514
11456 14514 14870
14514 11456 14870
10368 17226 29399
17226 10368 29399
29399 10368 17226
15669 4408 16417
16417 4408 15669
4408 15669 16417
17230 22604 25731
25731 17230 22604
22604 17230 25731
7993 6462 19452
19452 6462 7993
6462 7993 19452
20773 2006 6424
6424 2006 20773
2006 6424 20773
11625 21801 27007
21801 11625 27007
27007 11625 21801
24604 10547 29269
10547 24604 29269
29269 10547 24604
15264 27530 27947
27530 15264 27947
27947 15264 27530
19264 1198 25062
1198 19264 25062
25062 1198 19264
15435 1340 24951
1340 15435 24951
24951 1340 15435
20286 2849 7725
7725 2849 20286
2849 7725 20286
7166 497 12062
497 7166 12062
12062 497 7166
23053 1743 11112
11112 1743 23053
1743 11112 23053
8550 17566 29948
29948 8550 17566
17566 8550 29948
5803 11152 18645
18645 5803 11152
11152 5803 18645
13809 3121 15408
3121 13809 15408
15408 3121 13809
18321 9896 11601
11601 9896 18321
9896 11601 18321
11455 13683 21497
21497 11455 13683
13683 11455 21497
18363 5642 17102
5642 17102 18363
17102 5642 18363
25763 20194 24755
20194 24755 25763
24755 20194 25763
7888 21042 29011
29011 7888 21042
21042 7888 29011
1173 11555 12355
11555 1173 12355
12355 1173 11555
867 10207 20361
10207 867 20361
20361 867 10207
20918 2910 4265
2910 4265 20918
4265 2910 20918
15886 6266 29941
29941 6266 15886
6266 15886 29941
24549 17922 22394
22394 17922 24549
17922 22394 24549
6877 2325 24425
2325 6877 24425
24425 2325 6877
7901 18199 27986
18199 7901 27986
27986 7901 18199
24516 141 19826
141 19826 24516
19826 141 24516
26050 11088 23641
11088 23641 26050
23641 11088 26050
15941 6732 7049
7049 6732 15941
6732 7049 15941
5558 5092 12580
12580 5092 5558
5092 5558 12580
7628 1561 14049
1561 7628 14049
14049 1561 7628
2457 9049 17514
17514 2457 9049
9049 2457 17514
3844 18144 22010
18144 3844 22010
22010 3844 18144
25533 25498 29869
29869 25498 25533
25498 25533 29869
13886 18070 27316
27316 13886 18070
18070 13886 27316
18492 15510 20750
15510 18492 20750
20750 15510 18492
24231 12412 19993
12412 19993 24231
19993 12412 24231
18030 8930 23645
8930 18030 23645
23645 8930 18030
24313 15729 22508
22508 15729 24313
15729 22508 24313
15848 156 19754
19754 156 15848
156 15848 19754
20588 14158 27027
14158 20588 27027
27027 14158 20588
17586 3907 4108
4108 3907 17586
3907 4108 17586
29701 4663 9274
4663 9274 29701
9274 4663 29701
9284 2875 25733
25733 2875 9284
2875 9284 25733
19200 13150 23569
23569 13150 19200
13150 19200 23569
19669 6791 21962
21962 6791 19669
6791 19669 21962
4177 7113 10926
7113 4177 10926
10926 4177 7113
4486 9725 27427
27427 4486 9725
9725 4486 27427
25198 8882 12447
12447 8882 25198
8882 12447 25198
2756 442 6523
6523 442 2756
442 2756 6523
25972 12465 26760
26760 12465 25972
12465 25972 26760
5136 776 25378
776 5136 25378
25378 776 5136
26054 2909 5332
2909 5332 26054
5332 2909 26054
29456 17044 25870
17044 25870 29456
25870 17044 29456
23955 6621 9028
9028 6621 23955
6621 9028 23955
12478 4484 27559
27559 4484 12478
4484 12478 27559
20032 17528 21359
21359 17528 20032
17528 20032 21359
26452 2160 27321
2160 26452 27321
27321 2160 26452
29731 12259 28675
28675 12259 29731
12259 28675 29731
23577 8334 17494
17494 8334 23577
8334 17494 23577
1490 11656 19410
19410 1490 11656
11656 1490 19410
24676 12945 14739
14739 12945 24676
12945 14739 24676
10923 6111 22479
22479 6111 10923
6111 10923 22479
27875 14782 28219
14782 27875 28219
28219 14782 27875
4266 28368 29618
28368 4266 29618
29618 4266 28368
9807 6060 29773
29773 6060 9807
6060 9807 29773
13891 12162 15672
12162 13891 15672
15672 12162 13891
7666 14639 21559
21559 7666 14639
14639 7666 21559
2007 21860 26916
21860 2007 26916
26916 2007 21860
10825 512 17968
512 10825 17968
17968 512 10825
29706 2654 3284
2654 3284 29706
3284 2654 29706
24833 4692 21298
4692 21298 24833
21298 4692 24833
597 32 29039
32 597 29039
29039 32 597
11975 7592 26387
26387 7592 11975
7592 11975 26387
7884 4517 5291
4517 5291 7884
5291 4517 7884
11820 13200 19390
19390 11820 13200
13200 11820 19390
2557 20793 20843
20843 2557 20793
20793 2557 20843
7789 14227 25688
25688 7789 14227
14227 7789 25688
11219 3414 7597
3414 7597 11219
7597 3414 11219
14228 18364 29259
18364 14228 29259
29259 14228 18364
25774 3133 25327
25327 3133 25774
3133 25327 25774
20965 10559 10592
10592 10559 20965
10559 10592 20965
25626 5342 14419
14419 5342 25626
5342 14419 25626
24311 21238 23434
23434 21238 24311
21238 23434 24311
13304 2270 15253
15253 2270 13304
2270 13304 15253
3050 91 12298
91 3050 12298
12298 91 3050
22862 3189 11798
11798 3189 22862
3189 11798 22862
23894 9848 12717
12717 9848 23894
9848 12717 23894
11765 9351 14138
9351 11765 14138
14138 9351 11765
22868 16925 17229
17229 16925 22868
16925 17229 22868
13239 9233 26505
9233 13239 26505
26505 9233 13239
21899 1357 9277
1357 9277 21899
9277 1357 21899
13962 3851 8058
3851 8058 13962
8058 3851 13962
16642 3774 5229
3774 5229 16642
5229 3774 16642
17917 20113 20276
20276 17917 20113
20113 17917 20276
12558 7490 13376
13376 7490 12558
7490 12558 13376
23474 3246 6337
3246 6337 23474
6337 3246 23474
1838 10244 28392
28392 1838 10244
10244 1838 28392
6555 16314 23338
16314 6555 23338
23338 6555 16314
16190 20577 27433
27433 16190 20577
20577 16190 27433
12891 17863 26716
17863 12891 26716
26716 12891 17863
25076 12602 16422
12602 16422 25076
16422 12602 25076
23868 10231 23118
10231 23118 23868
23118 10231 23868
12401 9243 22045
9243 12401 22045
22045 9243 12401
17169 19634 27641
19634 17169 27641
27641 17169 19634
14574 2951 25703
2951 14574 25703
25703 2951 14574
13196 4681 11962
11962 4681 13196
4681 11962 13196
2070 650 5190
5190 650 2070
650 2070 5190
15801 1136 7276
7276 1136 15801
1136 7276 15801
12502 19999 26010
26010 12502 19999
19999 12502 26010
2323 21579 28218
21579 2323 28218
28218 2323 21579
24154 3155 18739
3155 18739 24154
18739 3155 24154
17925 11812 24316
24316 11812 17925
11812 17925 24316
28362 2400 14202
14202 2400 28362
2400 14202 28362
21150 2292 21135
21135 2292 21150
2292 21135 21150
28307 11075 22637
11075 22637 28307
22637 11075 28307
5723 14864 19020
14864 5723 19020
19020 5723 14864
12991 16669 21721
21721 12991 16669
16669 12991 21721
23963 19965 25941
25941 19965 23963
19965 23963 25941
13212 4165 7101
4165 7101 13212
7101 4165 13212
18139 14149 28426
28426 14149 18139
14149 18139 28426
17839 161 6987
6987 161 17839
161 6987 17839
22477 19996 23056
23056 19996 22477
19996 22477 23056
9553 6474 13381
6474 9553 13381
13381 6474 9553
6312 8663 27089
8663 6312 27089
27089 6312 8663
29702 9855 14102
9855 14102 29702
14102 9855 29702
8532 7518 28480
28480 7518 8532
7518 8532 28480
8649 5485 28740
5485 8649 28740
28740 5485 8649
21232 5218 14222
14222 5218 21232
5218 14222 21232
27770 6229 15365
6229 15365 27770
15365 6229 27770
18794 18232 29364
18232 18794 29364
29364 18232 18794
28288 791 28457
791 28288 28457
28457 791 28288
9964 15618 22244
15618 9964 22244
22244 9964 15618
11314 16956 28294
28294 11314 16956
16956 11314 28294
28770 9918 24344
24344 9918 28770
9918 24344 28770
26035 2121 4398
4398 2121 26035
2121 4398 26035
11762 12883 16423
12883 11762 16423
16423 11762 12883
5895 2240 22731
2240 5895 22731
22731 2240 5895
7720 7639 28196
7639 7720 28196
28196 7639 7720
14396 9250 17591
9250 14396 17591
17591 9250 14396
29241 25132 25595
25132 25595 29241
25595 25132 29241
24527 1519 13036
1519 13036 24527
13036 1519 24527
14073 10909 11054
11054 10909 14073
10909 11054 14073
21404 17022 19045
17022 19045 21404
19045 17022 21404
14911 21051 29472
29472 14911 21051
21051 14911 29472
15103 22035 26680
26680 15103 22035
22035 15103 26680
8235 8125 21446
21446 8125 8235
8125 8235 21446
3679 12543 24407
24407 3679 12543
12543 3679 24407
4263 2759 13568
13568 2759 4263
2759 4263 13568
9459 21411 22952
22952 9459 21411
21411 9459 22952
3048 3184 25781
25781 3048 3184
3184 3048 25781
21084 16286 20159
16286 20159 21084
20159 16286 21084
15578 16168 17939
16168 15578 17939
17939 15578 16168
9187 9043 15716
9043 9187 15716
15716 9043 9187
14074 15 6612
6612 15 14074
15 6612 14074
14009 10713 19417
10713 14009 19417
19417 10713 14009
23278 22119 29017
22119 23278 29017
29017 22119 23278
29342 7221 20662
20662 7221 29342
7221 20662 29342
9708 20824 22075
22075 9708 20824
20824 9708 22075
2080 17259 25771
25771 2080 17259
17259 2080 25771
21339 5968 25516
5968 21339 25516
25516 5968 21339
3071 17099 19008
19008 3071 17099
17099 3071 19008
9567 29826 29987
29987 9567 29826
29826 9567 29987
8881 1411 16999
16999 1411 8881
1411 8881 16999
4891 6580 12839
6580 4891 12839
12839 4891 6580
26574 16688 17755
16688 17755 26574
17755 16688 26574
29144 7102 12186
12186 7102 29144
7102 12186 29144
15871 7562 8801
8801 7562 15871
7562 8801 15871
22505 1288 2516
1288 2516 22505
2516 1288 22505
9314 5121 9740
5121 9314 9740
9740 5121 9314
23525 6267 15483
6267 15483 23525
15483 6267 23525
7814 575 20301
20301 575 7814
575 7814 20301
9348 17174 29877
29877 9348 17174
17174 9348 29877
9406 23333 28058
23333 9406 28058
28058 9406 23333
13147 19399 27082
27082 13147 19399
19399 13147 27082
17455 11646 13842
13842 11646 17455
11646 13842 17455
28167 9776 27976
27976 9776 28167
9776 27976 28167
22009 2165 10800
10800 2165 22009
2165 10800 22009
4760 1908 3347
3347 1908 4760
1908 3347 4760
22797 20202 26459
26459 20202 22797
20202 22797 26459
8669 5238 27233
5238 8669 27233
27233 5238 8669
19004 15199 18493
18493 15199 19004
15199 18493 19004
10009 14991 18651
14991 10009 18651
18651 10009 14991
16497 8403 17676
8403 16497 17676
17676 8403 16497
11883 115 7206
7206 115 11883
115 7206 11883
23376 6845 20639
6845 20639 23376
20639 6845 23376
29074 11335 20827
11335 20827 29074
20827 11335 29074
9514 24492 25239
24492 9514 25239
25239 9514 24492
8993 2860 29730
29730 2860 8993
2860 8993 29730
27288 1882 28560
28560 1882 27288
1882 27288 28560
24585 23444 27717
23444 24585 27717
27717 23444 24585
11987 932 10670
932 10670 11987
10670 932 11987
24269 4893 21254
21254 4893 24269
4893 21254 24269
4908 7941 8519
8519 4908 7941
7941 4908 8519
10076 20994 27523
27523 10076 20994
20994 10076 27523
3322 14217 24867
14217 3322 24867
24867 3322 14217
6971 10097 27803
27803 6971 10097
10097 6971 27803
10211 8171 20440
8171 10211 20440
20440 8171 10211
988 12112 20866
12112 988 20866
20866 988 12112
8406 26111 28732
28732 8406 26111
26111 8406 28732
27519 17271 18069
17271 18069 27519
18069 17271 27519
19725 3702 21415
21415 3702 19725
3702 19725 21415
12425 2377 18323
2377 12425 18323
18323 2377 12425
3820 3201 9898
3201 3820 9898
9898 3201 3820
13795 5314 5905
5905 5314 13795
5314 5905 13795
17524 5370 26171
26171 5370 17524
5370 17524 26171
20835 27034 28044
27034 20835 28044
28044 20835 27034
20341 7010 21215
21215 7010 20341
7010 20341 21215
12667 4227 13443
4227 12667 13443
13443 4227 12667
5295 10634 22399
