15162 22412 27747
22412 15162 27747
27747 15162 22412
28960 20865 22095
22095 20865 28960
20865 22095 28960
17215 22114 26488
26488 17215 22114
22114 17215 26488
15544 16177 28101
16177 15544 28101
28101 15544 16177
15759 8741 27848
27848 8741 15759
8741 15759 27848
17041 12044 29157
12044 17041 29157
29157 12044 17041
22856 18303 24211
24211 18303 22856
18303 22856 24211
29810 7376 13110
13110 7376 29810
7376 13110 29810
9036 14015 25641
14015 9036 25641
25641 9036 14015
16430 12872 23627
12872 16430 23627
23627 12872 16430
10387 3076 29959
29959 3076 10387
3076 10387 29959
5184 13151 22569
22569 5184 13151
13151 5184 22569
17486 6916 9028
9028 6916 17486
6916 9028 17486
8840 13975 15839
13975 8840 15839
15839 8840 13975
14655 9093 22816
22816 9093 14655
9093 14655 22816
21374 1847 12589
12589 1847 21374
1847 12589 21374
29734 22467 27015
27015 22467 29734
22467 27015 29734
24329 16437 25068
25068 16437 24329
16437 24329 25068
2237 4754 13656
4754 2237 13656
13656 2237 4754
20193 14193 19867
19867 14193 20193
14193 19867 20193
7051 7939 29424
7939 7051 29424
29424 7051 7939
25396 1868 23061
1868 23061 25396
23061 1868 25396
11034 10505 19712
19712 10505 11034
10505 11034 19712
22373 24697 28875
24697 22373 28875
28875 22373 24697
14412 11315 22655
22655 11315 14412
11315 14412 22655
28044 11522 16072
16072 11522 28044
11522 16072 28044
27352 12237 20229
12237 20229 27352
20229 12237 27352
21348 1440 8141
8141 1440 21348
1440 8141 21348
28155 11970 18641
18641 11970 28155
11970 18641 28155
19277 18411 23578
23578 18411 19277
18411 19277 23578
5777 16109 24789
24789 5777 16109
16109 5777 24789
22765 10699 12517
12517 10699 22765
10699 12517 22765
9838 1742 21959
21959 1742 9838
1742 9838 21959
12836 8212 19228
19228 8212 12836
8212 12836 19228
17708 4698 27972
27972 4698 17708
4698 17708 27972
11689 10075 17227
17227 10075 11689
10075 11689 17227
22616 4828 14438
4828 14438 22616
14438 4828 22616
22729 12608 17802
12608 17802 22729
17802 12608 22729
17578 2489 13463
13463 2489 17578
2489 13463 17578
4336 19037 26918
19037 4336 26918
26918 4336 19037
11697 8055 28086
8055 11697 28086
28086 8055 11697
7217 17543 26350
26350 7217 17543
17543 7217 26350
5742 7497 18245
18245 5742 7497
7497 5742 18245
3179 143 9458
143 3179 9458
9458 143 3179
27406 10798 11207
11207 10798 27406
10798 11207 27406
17481 8527 17670
17670 8527 17481
8527 17481 17670
16724 2180 15834
2180 15834 16724
15834 2180 16724
9561 8253 23471
8253 9561 23471
23471 8253 9561
2509 22940 29618
22940 2509 29618
29618 2509 22940
23090 16799 18681
18681 16799 23090
16799 18681 23090
28500 1343 11598
11598 1343 28500
1343 11598 28500
16249 12667 27729
12667 16249 27729
27729 12667 16249
23592 18996 27805
18996 23592 27805
27805 18996 23592
877 8297 21012
21012 877 8297
8297 877 21012
26435 2437 4757
2437 4757 26435
4757 2437 26435
24743 20351 28313
20351 24743 28313
28313 20351 24743
9973 12573 25988
25988 9973 12573
12573 9973 25988
5033 267 25156
25156 267 5033
267 5033 25156
8112 6062 6513
6513 6062 8112
6062 6513 8112
19962 4857 27630
4857 19962 27630
27630 4857 19962
22012 15727 24496
24496 15727 22012
15727 22012 24496
22868 10693 19512
10693 19512 22868
19512 10693 22868
21779 21110 27510
21110 21779 27510
27510 21110 21779
24401 16483 23179
23179 16483 24401
16483 23179 24401
7551 478 3347
478 3347 7551
3347 478 7551
1299 17756 20073
17756 1299 20073
20073 1299 17756
24259 3774 8532
3774 8532 24259
8532 3774 24259
26296 2234 20358
2234 20358 26296
20358 2234 26296
13416 2713 19356
19356 2713 13416
2713 13416 19356
11488 5406 6082
5406 6082 11488
6082 5406 11488
26589 5216 11474
5216 11474 26589
11474 5216 26589
18852 1919 6452
6452 1919 18852
1919 6452 18852
8914 5146 26832
5146 8914 26832
26832 5146 8914
26636 3675 24073
24073 3675 26636
3675 24073 26636
28070 3551 3976
3551 3976 28070
3976 3551 28070
21481 7193 10195
10195 7193 21481
7193 10195 21481
22560 14237 20122
14237 20122 22560
20122 14237 22560
15267 1053 12543
12543 1053 15267
1053 12543 15267
13647 5516 19467
5516 13647 19467
19467 5516 13647
3428 19287 27770
19287 3428 27770
27770 3428 19287
4380 6602 20010
20010 4380 6602
6602 4380 20010
19190 2361 13106
2361 13106 19190
13106 2361 19190
29926 19751 22795
22795 19751 29926
19751 22795 29926
13350 21283 29975
29975 13350 21283
21283 13350 29975
13998 16330 18226
18226 13998 16330
16330 13998 18226
14263 14567 21205
21205 14263 14567
14567 14263 21205
16510 5922 22587
5922 16510 22587
22587 5922 16510
17247 12038 21317
21317 12038 17247
12038 17247 21317
28874 11088 27170
27170 11088 28874
11088 27170 28874
25969 14039 16842
16842 14039 25969
14039 16842 25969
2755 3846 6783
6783 2755 3846
3846 2755 6783
9572 9329 14471
14471 9329 9572
9329 9572 14471
26243 6851 28706
28706 6851 26243
6851 26243 28706
23979 15382 24051
15382 23979 24051
24051 15382 23979
4605 2416 18597
18597 2416 4605
2416 4605 18597
657 6693 12628
12628 657 6693
6693 657 12628
12086 3984 19719
3984 12086 19719
19719 3984 12086
28522 2399 4863
4863 2399 28522
2399 4863 28522
28372 19892 25865
25865 19892 28372
19892 25865 28372
24453 21977 24774
21977 24453 24774
24774 21977 24453
26791 2716 14463
2716 14463 26791
14463 2716 26791
22687 3882 5984
3882 5984 22687
5984 3882 22687
6196 16476 21453
21453 6196 16476
16476 6196 21453
25320 12705 24835
12705 24835 25320
24835 12705 25320
22612 914 15129
15129 914 22612
914 15129 22612
6111 26101 28788
28788 6111 26101
26101 6111 28788
3952 8938 28576
28576 3952 8938
8938 3952 28576
10830 8745 15918
8745 10830 15918
15918 8745 10830
1508 2288 25574
2288 1508 25574
25574 1508 2288
25137 4924 27816
27816 4924 25137
4924 25137 27816
16693 1244 13533
13533 1244 16693
1244 13533 16693
3558 3043 28615
3043 3558 28615
28615 3043 3558
1091 2586 27994
27994 1091 2586
2586 1091 27994
1778 8655 11138
8655 1778 11138
11138 1778 8655
4710 6961 11731
6961 4710 11731
11731 4710 6961
12876 7274 27032
27032 7274 12876
7274 12876 27032
5305 11150 20432
20432 5305 11150
11150 5305 20432
21102 10377 16936
16936 10377 21102
10377 16936 21102
18035 5333 9575
5333 9575 18035
9575 5333 18035
25491 1275 16133
16133 1275 25491
1275 16133 25491
25335 2858 23589
2858 23589 25335
23589 2858 25335
4743 1225 24956
24956 1225 4743
1225 4743 24956
10164 1810 23375
23375 1810 10164
1810 10164 23375
2054 7431 21821
7431 2054 21821
21821 2054 7431
18730 4510 20587
20587 4510 18730
4510 18730 20587
25789 309 15226
15226 309 25789
309 15226 25789
20929 6080 26743
6080 20929 26743
26743 6080 20929
29901 20030 29675
29675 20030 29901
20030 29675 29901
13756 2693 9325
9325 2693 13756
2693 9325 13756
8704 15789 20636
20636 8704 15789
15789 8704 20636
26908 10991 22546
10991 22546 26908
22546 10991 26908
11844 817 19864
19864 817 11844
817 11844 19864
18689 2958 7495
7495 2958 18689
2958 7495 18689
20068 1161 5769
1161 5769 20068
5769 1161 20068
22002 20330 21553
20330 21553 22002
21553 20330 22002
2831 5755 22509
5755 2831 22509
22509 2831 5755
10490 3648 11289
3648 10490 11289
11289 3648 10490
18128 22019 25662
25662 18128 22019
22019 18128 25662
16289 18596 26151
26151 16289 18596
18596 16289 26151
13816 1879 15002
1879 13816 15002
15002 1879 13816
21297 11021 13507
11021 13507 21297
13507 11021 21297
29042 3450 26825
3450 26825 29042
26825 3450 29042
15431 7512 14619
7512 14619 15431
14619 7512 15431
22133 17185 24011
24011 17185 22133
17185 22133 24011
15883 5079 14232
14232 5079 15883
5079 14232 15883
26579 82 26666
26666 82 26579
82 26579 26666
25050 21108 22751
21108 22751 25050
22751 21108 25050
10570 20954 29306
20954 10570 29306
29306 10570 20954
1732 41 599
599 41 1732
41 599 1732
22793 2311 3963
2311 3963 22793
3963 2311 22793
3408 1344 29797
1344 3408 29797
29797 1344 3408
1133 10760 19119
19119 1133 10760
10760 1133 19119
1776 23167 24847
23167 1776 24847
24847 1776 23167
8659 7544 14385
7544 8659 14385
14385 7544 8659
13810 22329 27676
27676 13810 22329
22329 13810 27676
1666 722 28140
28140 722 1666
722 1666 28140
22755 19894 28417
19894 22755 28417
28417 19894 22755
7599 104 4024
104 4024 7599
4024 104 7599
17293 17920 19900
17920 17293 19900
19900 17293 17920
700 2797 24105
2797 700 24105
24105 700 2797
25480 21295 21407
21407 21295 25480
21295 21407 25480
22608 2474 19612
19612 2474 22608
2474 19612 22608
25750 2872 10964
10964 2872 25750
2872 10964 25750
18107 802 24763
802 18107 24763
24763 802 18107
24297 18885 25861
25861 18885 24297
18885 24297 25861
22049 13257 14085
13257 14085 22049
14085 13257 22049
28129 7957 22438
7957 22438 28129
22438 7957 28129
15362 5957 21737
21737 5957 15362
5957 15362 21737
4945 15 22576
15 4945 22576
22576 15 4945
10950 21700 26742
21700 10950 26742
26742 10950 21700
10770 24514 28919
24514 10770 28919
28919 10770 24514
6678 3508 4949
4949 3508 6678
3508 4949 6678
17836 1914 20981
1914 17836 20981
20981 1914 17836
19026 5420 25803
5420 19026 25803
25803 5420 19026
29756 1604 19373
19373 1604 29756
1604 19373 29756
23988 7559 8905
7559 8905 23988
8905 7559 23988
26244 9724 11574
11574 9724 26244
9724 11574 26244
26366 18520 19197
19197 18520 26366
18520 19197 26366
23416 7259 13994
7259 13994 23416
13994 7259 23416
15642 13201 13956
13956 13201 15642
13201 13956 15642
20312 5069 6621
6621 5069 20312
5069 6621 20312
27750 6322 16703
16703 6322 27750
6322 16703 27750
24553 15370 16984
15370 16984 24553
16984 15370 24553
8956 12428 28814
12428 8956 28814
28814 8956 12428
13230 8172 14372
8172 13230 14372
14372 8172 13230
11480 12319 28584
12319 11480 28584
28584 11480 12319
25110 1312 19183
1312 19183 25110
19183 1312 25110
14034 7232 13794
7232 13794 14034
13794 7232 14034
25702 13576 29171
13576 25702 29171
29171 13576 25702
11113 3577 22177
22177 3577 11113
3577 11113 22177
18961 1994 9784
9784 1994 18961
1994 9784 18961
2395 5058 8156
8156 2395 5058
5058 2395 8156
5507 18337 23039
18337 5507 23039
23039 5507 18337
28732 60 23170
23170 60 28732
60 23170 28732
24840 26077 26792
26077 24840 26792
26792 24840 26077
24444 2571 26224
26224 2571 24444
2571 24444 26224
3266 8346 15121
8346 3266 15121
15121 3266 8346
12633 15252 16107
16107 12633 15252
15252 12633 16107
18944 6911 20191
20191 6911 18944
6911 18944 20191
15058 12931 15509
12931 15058 15509
15509 12931 15058
19205 15447 24041
15447 19205 24041
24041 15447 19205
7019 131 10291
131 7019 10291
10291 131 7019
2910 14650 24710
24710 2910 14650
14650 2910 24710
10045 13500 23013
13500 10045 23013
23013 10045 13500
26681 5256 26699
5256 26681 26699
26699 5256 26681
16316 3745 29997
29997 3745 16316
3745 16316 29997
11661 19 4215
4215 19 11661
19 4215 11661
19857 15418 16980
16980 15418 19857
15418 16980 19857
20616 12641 27105
27105 12641 20616
12641 20616 27105
11405 16218 16489
16489 11405 16218
16218 11405 16489
11010 5887 16512
5887 11010 16512
16512 5887 11010
20080 17512 24427
17512 20080 24427
24427 17512 20080
12071 13065 23184
23184 12071 13065
13065 12071 23184
6118 4993 26379
4993 6118 26379
26379 4993 6118
20097 11795 24251
24251 11795 20097
11795 20097 24251
7162 9810 18691
9810 7162 18691
18691 7162 9810
28398 2185 8016
2185 8016 28398
8016 2185 28398
12465 16471 16774
16471 12465 16774
16774 12465 16471
15241 3892 13977
13977 3892 15241
3892 13977 15241
27706 2386 4262
2386 4262 27706
4262 2386 27706
9916 1494 22722
1494 9916 22722
22722 1494 9916
1896 7128 9290
9290 1896 7128
7128 1896 9290
13437 18361 20676
20676 13437 18361
18361 13437 20676
21359 8399 17573
17573 8399 21359
8399 17573 21359
12519 26717 28929
28929 12519 26717
26717 12519 28929
2836 8259 25589
8259 2836 25589
25589 2836 8259
26143 11920 15677
15677 11920 26143
11920 15677 26143
17785 24246 27938
27938 17785 24246
24246 17785 27938
15529 551 5862
5862 551 15529
551 5862 15529
16167 21006 24116
21006 16167 24116
24116 16167 21006
26629 24086 24434
24086 24434 26629
24434 24086 26629
22370 6377 28369
28369 6377 22370
6377 22370 28369
10683 6434 8993
6434 8993 10683
8993 6434 10683
20104 12878 24332
24332 12878 20104
12878 20104 24332
7644 9154 22662
22662 7644 9154
9154 7644 22662
19469 18836 26311
18836 19469 26311
26311 18836 19469
5962 7682 20198
7682 5962 20198
20198 5962 7682
23630 9086 12404
12404 9086 23630
9086 12404 23630
4663 7950 19686
7950 4663 19686
19686 4663 7950
8908 4762 17263
4762 8908 17263
17263 4762 8908
3410 12740 22104
12740 3410 22104
22104 3410 12740
6273 16395 26718
26718 6273 16395
16395 6273 26718
23081 13784 15571
13784 15571 23081
15571 13784 23081
29915 27161 27692
27692 27161 29915
27161 27692 29915
13081 15100 26239
15100 13081 26239
26239 13081 15100
17333 9671 17424
17424 9671 17333
9671 17333 17424
15554 7725 26102
26102 7725 15554
7725 15554 26102
3308 12934 29904
12934 3308 29904
29904 3308 12934
2825 12909 25221
25221 2825 12909
12909 2825 25221
7276 6286 26752
26752 6286 7276
6286 7276 26752
8324 1586 19640
1586 8324 19640
19640 1586 8324
18892 26091 28056
26091 18892 28056
28056 18892 26091
25951 5257 19102
5257 19102 25951
19102 5257 25951
17808 6316 28705
28705 6316 17808
6316 17808 28705
8530 4647 21612
4647 8530 21612
21612 4647 8530
3725 8420 8718
8718 3725 8420
8420 3725 8718
12777 5935 11477
11477 5935 12777
5935 11477 12777
25548 4569 8609
4569 8609 25548
8609 4569 25548
16806 20711 22649
20711 16806 22649
22649 16806 20711
16746 17326 26952
17326 16746 26952
26952 16746 17326
3751 12764 14803
14803 3751 12764
12764 3751 14803
12240 21497 26780
26780 12240 21497
21497 12240 26780
3769 8085 19172
19172 3769 8085
8085 3769 19172
26820 3414 13099
13099 3414 26820
3414 13099 26820
15513 11311 12119
11311 12119 15513
12119 11311 15513
29893 1772 12557
12557 1772 29893
1772 12557 29893
25287 3223 10212
3223 10212 25287
10212 3223 25287
18909 5547 8391
8391 5547 18909
5547 8391 18909
921 6067 13050
13050 921 6067
6067 921 13050
18736 12496 28662
28662 12496 18736
12496 18736 28662
8921 17823 28754
17823 8921 28754
28754 8921 17823
23901 11665 18363
18363 11665 23901
11665 18363 23901
13466 469 7668
7668 469 13466
469 7668 13466
14248 26206 28729
26206 14248 28729
28729 14248 26206
6314 3958 18428
3958 6314 18428
18428 3958 6314
15495 3439 23659
3439 15495 23659
23659 3439 15495
2142 1631 26330
1631 2142 26330
26330 1631 2142
396 9645 26582
26582 396 9645
9645 396 26582
22026 14620 25605
25605 14620 22026
14620 22026 25605
8463 19776 27162
19776 8463 27162
27162 8463 19776
23387 28833 29473
28833 23387 29473
29473 23387 28833
8481 4730 26524
4730 8481 26524
26524 4730 8481
8272 23479 29361
29361 8272 23479
23479 8272 29361
27746 7298 16165
7298 16165 27746
16165 7298 27746
23244 11837 28175
28175 11837 23244
11837 23244 28175
9777 4362 21192
4362 9777 21192
21192 4362 9777
4064 19288 24520
19288 4064 24520
24520 4064 19288
16162 15947 27364
15947 16162 27364
27364 15947 16162
7570 972 22763
972 7570 22763
22763 972 7570
16326 26882 29089
26882 16326 29089
29089 16326 26882
11033 18148 19482
19482 11033 18148
18148 11033 19482
26613 21622 26992
21622 26613 26992
26992 21622 26613
4003 20963 23872
23872 4003 20963
20963 4003 23872
10918 8482 13030
8482 10918 13030
13030 8482 10918
12752 14293 23178
14293 12752 23178
23178 12752 14293
29947 2087 15566
15566 2087 29947
2087 15566 29947
8882 8600 27224
27224 8600 8882
8600 8882 27224
26121 25718 29848
25718 26121 29848
29848 25718 26121
8850 7035 20438
20438 7035 8850
7035 8850 20438
29632 866 13639
866 13639 29632
13639 866 29632
20205 7331 19970
7331 19970 20205
19970 7331 20205
8068 4186 12026
12026 4186 8068
4186 8068 12026
13764 7782 16667
16667 7782 13764
7782 13764 16667
18118 1537 11887
1537 11887 18118
11887 1537 18118
10515 3671 6436
3671 6436 10515
6436 3671 10515
25192 4899 10856
4899 10856 25192
10856 4899 25192
21859 16623 27993
16623 21859 27993
27993 16623 21859
4508 7669 11065
11065 4508 7669
7669 4508 11065
23418 18494 26591
26591 18494 23418
18494 23418 26591
15177 8095 17909
8095 15177 17909
17909 8095 15177
20627 14389 14895
14895 14389 20627
14389 14895 20627
14514 3552 17880
3552 14514 17880
17880 3552 14514
2495 1014 13755
13755 1014 2495
1014 2495 13755
25519 8198 13714
13714 8198 25519
8198 13714 25519
19568 12676 28438
28438 12676 19568
12676 19568 28438
8015 7116 7890
7890 7116 8015
7116 7890 8015
6359 25531 26940
26940 6359 25531
25531 6359 26940
428 3660 20428
3660 428 20428
20428 428 3660
11865 1915 21782
21782 1915 11865
1915 11865 21782
29929 7735 11143
7735 11143 29929
11143 7735 29929
2084 4271 22526
22526 2084 4271
4271 2084 22526
27451 906 26838
906 26838 27451
26838 906 27451
19443 7288 13451
7288 13451 19443
13451 7288 19443
24389 4214 11175
4214 11175 24389
11175 4214 24389
9089 9300 13252
13252 9089 9300
9300 9089 13252
16534 4742 18770
18770 4742 16534
4742 16534 18770
17114 9356 15887
9356 15887 17114
15887 9356 17114
23065 8495 18347
8495 18347 23065
18347 8495 23065
22396 26 28844
28844 26 22396
26 22396 28844
25487 10376 13836
10376 13836 25487
13836 10376 25487
23761 15743 19055
19055 15743 23761
15743 19055 23761
11692 7469 26304
26304 7469 11692
7469 11692 26304
19144 8632 22391
22391 8632 19144
8632 19144 22391
1817 1718 4959
4959 1718 1817
1718 1817 4959
14520 22157 22173
22157 14520 22173
22173 14520 22157
13671 9581 17826
9581 13671 17826
17826 9581 13671
26547 462 24618
462 24618 26547
24618 462 26547
2122 11967 19977
19977 2122 11967
11967 2122 19977
9375 26066 28941
26066 9375 28941
28941 9375 26066
29459 1811 11831
11831 1811 29459
1811 11831 29459
15975 24438 29448
24438 15975 29448
29448 15975 24438
22466 1151 2348
1151 2348 22466
2348 1151 22466
7798 6675 7105
7105 6675 7798
6675 7105 7798
12631 12355 14450
14450 12355 12631
12355 12631 14450
12261 1486 8132
8132 1486 12261
1486 8132 12261
26305 6148 25408
6148 25408 26305
25408 6148 26305
22006 4430 6874
6874 4430 22006
4430 6874 22006
15355 9332 26568
26568 9332 15355
9332 15355 26568
14165 17843 23389
17843 14165 23389
23389 14165 17843
18177 3922 12438
12438 3922 18177
3922 12438 18177
11335 1599 4047
4047 1599 11335
1599 4047 11335
1391 25829 29870
29870 1391 25829
25829 1391 29870
21291 3013 29945
3013 21291 29945
29945 3013 21291
16435 5291 20507
5291 16435 20507
20507 5291 16435
14725 4946 10353
4946 10353 14725
10353 4946 14725
15087 2969 20996
2969 15087 20996
20996 2969 15087
23248 5988 14779
14779 5988 23248
5988 14779 23248
18906 3106 29458
3106 18906 29458
29458 3106 18906
21986 15347 23820
15347 21986 23820
23820 15347 21986
14555 12317 28980
12317 14555 28980
28980 12317 14555
6534 8179 17804
8179 6534 17804
17804 6534 8179
26830 24557 28025
28025 24557 26830
24557 26830 28025
9090 14891 17967
14891 9090 17967
17967 9090 14891
11918 5866 28294
28294 5866 11918
5866 11918 28294
26362 579 12447
12447 579 26362
579 12447 26362
15729 4529 16847
16847 4529 15729
4529 15729 16847
21360 8757 17397
8757 17397 21360
17397 8757 21360
10891 11046 29087
11046 10891 29087
29087 10891 11046
20334 7629 28506
7629 20334 28506
28506 7629 20334
24260 6005 24738
6005 24260 24738
24738 6005 24260
17926 6632 17198
6632 17198 17926
17198 6632 17926
28921 3651 19924
3651 19924 28921
19924 3651 28921
12444 21692 22344
22344 12444 21692
21692 12444 22344
3589 8328 19831
19831 3589 8328
8328 3589 19831
17515 10605 16726
16726 10605 17515
10605 16726 17515
27869 25580 27710
27710 25580 27869
25580 27710 27869
28992 18021 29419
29419 18021 28992
18021 28992 29419
2601 18998 23247
23247 2601 18998
18998 2601 23247
25347 19992 27730
27730 19992 25347
19992 25347 27730
20818 11243 26754
11243 20818 26754
26754 11243 20818
20665 423 12657
12657 423 20665
423 12657 20665
13363 10266 15845
15845 10266 13363
10266 13363 15845
15790 2214 6844
2214 6844 15790
6844 2214 15790
13657 8048 29094
8048 13657 29094
29094 8048 13657
28534 2312 8424
2312 8424 28534
8424 2312 28534
19311 2828 5975
2828 5975 19311
5975 2828 19311
10115 17075 23080
17075 10115 23080
23080 10115 17075
27282 7467 28544
28544 7467 27282
7467 27282 28544
2226 17696 17895
17895 2226 17696
17696 2226 17895
13587 9465 22130
22130 9465 13587
9465 13587 22130
16443 23048 27857
23048 16443 27857
27857 16443 23048
22053 1354 15906
15906 1354 22053
1354 15906 22053
1493 7137 8496
7137 1493 8496
8496 1493 7137
2538 24030 24772
24030 2538 24772
24772 2538 24030
20536 13804 25666
13804 20536 25666
25666 13804 20536
12503 18198 24502
18198 12503 24502
24502 12503 18198
19673 22551 25342
25342 19673 22551
22551 19673 25342
28569 7941 26794
26794 7941 28569
7941 26794 28569
10007 4445 11645
4445 10007 11645
11645 4445 10007
20561 8456 9516
8456 9516 20561
9516 8456 20561
7054 7616 10518
10518 7054 7616
7616 7054 10518
2052 12871 16393
16393 2052 12871
12871 2052 16393
25791 5400 21723
5400 21723 25791
21723 5400 25791
9620 6661 19683
6661 9620 19683
19683 6661 9620
26082 6088 9831
6088 9831 26082
9831 6088 26082
28786 16580 18690
16580 18690 28786
18690 16580 28786
11415 5101 22347
22347 5101 11415
5101 11415 22347
818 11885 16158
16158 818 11885
11885 818 16158
23290 642 11419
642 11419 23290
11419 642 23290
15892 875 24828
875 15892 24828
24828 875 15892
10153 9381 17681
9381 10153 17681
17681 9381 10153
3713 5183 24087
24087 3713 5183
5183 3713 24087
29773 4714 20923
4714 20923 29773
20923 4714 29773
18105 1104 10866
10866 1104 18105
1104 10866 18105
16841 18837 25089
25089 16841 18837
18837 16841 25089
16344 16304 18017
16304 16344 18017
18017 16304 16344
11173 7672 16371
7672 11173 16371
16371 7672 11173
2210 22324 26562
26562 2210 22324
22324 2210 26562
2004 11341 22432
22432 2004 11341
11341 2004 22432
13448 14436 24930
24930 13448 14436
14436 13448 24930
25683 24949 27681
24949 25683 27681
27681 24949 25683
24320 9384 13198
9384 13198 24320
13198 9384 24320
4527 10046 29074
10046 4527 29074
29074 4527 10046
5677 7625 29974
7625 5677 29974
29974 5677 7625
19266 1771 4248
4248 1771 19266
1771 4248 19266
1000 12098 14830
14830 1000 12098
12098 1000 14830
26969 8348 18016
8348 18016 26969
18016 8348 26969
12938 2667 14556
14556 2667 12938
2667 12938 14556
11446 1775 12105
1775 11446 12105
12105 1775 11446
7757 16441 21954
16441 7757 21954
21954 7757 16441
14879 4199 13122
4199 13122 14879
13122 4199 14879
19160 6666 8734
8734 6666 19160
6666 8734 19160
9406 4520 18529
18529 4520 9406
4520 9406 18529
17119 10388 23251
23251 10388 17119
10388 17119 23251
9261 6095 24394
6095 9261 24394
24394 6095 9261
20145 2138 3220
2138 3220 20145
3220 2138 20145
27611 11670 29902
11670 27611 29902
29902 11670 27611
21353 716 29311
29311 716 21353
716 21353 29311
13090 3359 21191
21191 3359 13090
3359 13090 21191
15432 5294 24221
5294 15432 24221
24221 5294 15432
29629 1766 7451
1766 7451 29629
7451 1766 29629
19628 9639 13368
13368 9639 19628
9639 13368 19628
9114 8100 9887
8100 9114 9887
9887 8100 9114
10584 12794 17005
17005 10584 12794
12794 10584 17005
7009 7476 19626
7476 7009 19626
19626 7009 7476
29026 3111 22409
3111 22409 29026
22409 3111 29026
12928 10170 25675
25675 10170 12928
10170 12928 25675
29727 7252 9658
7252 9658 29727
9658 7252 29727
19997 1429 11270
11270 1429 19997
1429 11270 19997
16948 16003 28926
28926 16003 16948
16003 16948 28926
28625 3510 5920
5920 3510 28625
3510 5920 28625
2259 11371 25610
11371 2259 25610
25610 2259 11371
3044 12343 24171
12343 3044 24171
24171 3044 12343
21681 26904 28943
26904 21681 28943
28943 21681 26904
8011 14384 16116
16116 8011 14384
14384 8011 16116
23429 7285 27652
7285 23429 27652
27652 7285 23429
6375 577 10539
577 6375 10539
10539 577 6375
18188 6401 17281
17281 6401 18188
6401 17281 18188
22623 5295 24861
5295 22623 24861
24861 5295 22623
25368 10499 22152
22152 10499 25368
10499 22152 25368
21419 2852 23895
23895 2852 21419
2852 21419 23895
29173 594 25361
594 25361 29173
25361 594 29173
15386 1200 15647
15647 1200 15386
1200 15386 15647
7484 6977 24498
24498 6977 7484
6977 7484 24498
18397 16738 17020
16738 17020 18397
17020 16738 18397
9618 12156 13369
13369 9618 12156
12156 9618 13369
22081 3697 20746
20746 3697 22081
3697 20746 22081
6970 9905 27888
9905 6970 27888
27888 6970 9905
11618 2773 18310
2773 11618 18310
18310 2773 11618
9778 16331 20447
16331 9778 20447
20447 9778 16331
21569 18368 24335
18368 21569 24335
24335 18368 21569
21551 11084 24141
11084 21551 24141
24141 11084 21551
20297 1414 11355
1414 11355 20297
11355 1414 20297
9025 10822 15632
15632 9025 10822
10822 9025 15632
18995 310 9979
310 9979 18995
9979 310 18995
26120 26503 29111
29111 26120 26503
26503 26120 29111
10272 16252 16495
16252 10272 16495
16495 10272 16252
18755 9878 24139
9878 18755 24139
24139 9878 18755
24547 14981 22798
14981 22798 24547
22798 14981 24547
6121 5263 29060
5263 6121 29060
29060 5263 6121
16294 4536 11633
11633 4536 16294
4536 11633 16294
24788 11749 28178
11749 24788 28178
28178 11749 24788
26491 13219 18662
18662 13219 26491
13219 18662 26491
14484 1147 9942
1147 9942 14484
9942 1147 14484
1560 1496 23814
1496 1560 23814
23814 1496 1560
26896 864 26863
864 26863 26896
26863 864 26896
5005 14542 22978
14542 5005 22978
22978 5005 14542
23140 5299 5639
5639 5299 23140
5299 5639 23140
7882 18595 20614
20614 7882 18595
18595 7882 20614
24599 260 9391
260 9391 24599
9391 260 24599
2225 21422 23949
23949 2225 21422
21422 2225 23949
21648 8354 25059
25059 8354 21648
8354 21648 25059
15433 3235 23911
23911 3235 15433
3235 15433 23911
10841 23250 29699
23250 10841 29699
29699 10841 23250
8329 19633 19760
19633 8329 19760
19760 8329 19633
321 13077 22379
22379 321 13077
13077 321 22379
27262 5559 18248
18248 5559 27262
5559 18248 27262
20190 22489 23758
23758 20190 22489
22489 20190 23758
5718 16885 19980
16885 5718 19980
19980 5718 16885
23867 10057 18548
10057 18548 23867
18548 10057 23867
28011 24075 26138
24075 26138 28011
26138 24075 28011
21766 8876 17336
17336 8876 21766
8876 17336 21766
24760 5167 23279
5167 23279 24760
23279 5167 24760
29668 26252 27151
27151 26252 29668
26252 27151 29668
29678 20234 28301
28301 20234 29678
20234 28301 29678
3750 3598 14515
14515 3598 3750
3598 3750 14515
15103 27110 27349
27110 15103 27349
27349 15103 27110
22255 14865 24088
14865 22255 24088
24088 14865 22255
753 1889 28991
28991 753 1889
1889 753 28991
12799 565 24769
565 12799 24769
24769 565 12799
10175 19893 23337
19893 10175 23337
23337 10175 19893
1674 10041 16440
10041 1674 16440
16440 1674 10041
13819 2775 24488
2775 13819 24488
24488 2775 13819
928 10775 19435
10775 928 19435
19435 928 10775
15254 7995 20232
20232 7995 15254
7995 15254 20232
11759 11756 29513
11756 11759 29513
29513 11756 11759
2540 19006 19281
19281 2540 19006
19006 2540 19281
10536 227 10886
10886 227 10536
227 10536 10886
1084 10540 21233
21233 1084 10540
10540 1084 21233
1209 1408 3758
3758 1209 1408
1408 1209 3758
13405 19796 20213
20213 13405 19796
19796 13405 20213
27235 6737 16532
16532 6737 27235
6737 16532 27235
15473 6280 28426
6280 15473 28426
28426 6280 15473
2911 6145 11427
6145 2911 11427
11427 2911 6145
12251 7133 22652
22652 7133 12251
7133 12251 22652
17961 12619 13923
12619 13923 17961
13923 12619 17961
12053 17438 17935
17438 12053 17935
17935 12053 17438
25132 18042 25931
18042 25132 25931
25931 18042 25132
23297 13666 27739
27739 13666 23297
13666 23297 27739
27277 6304 6980
6304 6980 27277
6980 6304 27277
404 7396 15848
15848 404 7396
7396 404 15848
11378 13581 19070
19070 11378 13581
13581 11378 19070
26970 2458 22950
22950 2458 26970
2458 22950 26970
8471 2037 15115
2037 8471 15115
15115 2037 8471
24622 16055 27285
27285 16055 24622
16055 24622 27285
11437 10134 15653
10134 11437 15653
15653 10134 11437
19554 3229 10946
3229 10946 19554
10946 3229 19554
17162 17012 25000
17012 17162 25000
25000 17012 17162
8476 7032 19795
19795 7032 8476
7032 8476 19795
6780 11839 26259
11839 6780 26259
26259 6780 11839
2121 1899 10049
10049 1899 2121
1899 2121 10049
22890 4340 24939
24939 4340 22890
4340 22890 24939
17211 12124 23115
23115 12124 17211
12124 17211 23115
20271 7572 13256
7572 13256 20271
13256 7572 20271
23079 21580 23513
23513 21580 23079
21580 23079 23513
25204 7879 14283
7879 14283 25204
14283 7879 25204
9091 22696 29211
29211 9091 22696
22696 9091 29211
1935 22964 24962
22964 1935 24962
24962 1935 22964
7679 5247 23191
5247 7679 23191
23191 5247 7679
13512 19149 25097
19149 13512 25097
25097 13512 19149
25099 2874 13654
2874 13654 25099
13654 2874 25099
13876 14990 17171
14990 13876 17171
17171 13876 14990
9007 4184 21521
21521 4184 9007
4184 9007 21521
24970 3053 25005
3053 24970 25005
25005 3053 24970
14323 22054 28669
22054 14323 28669
28669 14323 22054
3445 2344 5841
2344 3445 5841
5841 2344 3445
17717 4062 14721
14721 4062 17717
4062 14721 17717
21412 12874 13852
12874 13852 21412
13852 12874 21412
20231 1106 2007
2007 1106 20231
1106 2007 20231
13508 9850 11168
9850 11168 13508
11168 9850 13508
6932 14844 25619
25619 6932 14844
14844 6932 25619
15914 8120 17393
17393 8120 15914
8120 15914 17393
29222 22041 27601
27601 22041 29222
22041 27601 29222
24160 1059 15775
1059 15775 24160
15775 1059 24160
779 4161 4904
4904 779 4161
4161 779 4904
12028 1203 16359
16359 1203 12028
1203 12028 16359
5733 6775 28852
28852 5733 6775
6775 5733 28852
10667 17595 26166
26166 10667 17595
17595 10667 26166
275 7868 10711
10711 275 7868
7868 275 10711
7923 13384 25512
25512 7923 13384
13384 7923 25512
26475 523 14765
14765 523 26475
523 14765 26475
1388 7099 27474
27474 1388 7099
7099 1388 27474
1981 356 24740
24740 356 1981
356 1981 24740
19011 20249 20956
20956 19011 20249
20249 19011 20956
10012 12770 28999
28999 10012 12770
12770 10012 28999
9604 20158 28171
20158 9604 28171
28171 9604 20158
1235 9207 23275
23275 1235 9207
9207 1235 23275
14590 2814 25310
2814 14590 25310
25310 2814 14590
15994 20470 26190
26190 15994 20470
20470 15994 26190
4331 6108 25744
6108 4331 25744
25744 4331 6108
29168 11565 13374
13374 11565 29168
11565 13374 29168
6140 8152 17822
8152 6140 17822
17822 6140 8152
27066 17297 29812
17297 27066 29812
29812 17297 27066
9511 8942 11137
11137 8942 9511
8942 9511 11137
3749 5088 19429
19429 3749 5088
5088 3749 19429
2275 2164 12138
12138 2164 2275
2164 2275 12138
26425 6130 13116
6130 13116 26425
13116 6130 26425
24413 296 19463
19463 296 24413
296 19463 24413
25822 557 28396
557 25822 28396
28396 557 25822
11638 2719 4873
4873 2719 11638
2719 4873 11638
18801 2552 9075
2552 9075 18801
9075 2552 18801
16013 16118 26352
26352 16013 16118
16118 16013 26352
29741 11779 12270
12270 11779 29741
11779 12270 29741
14122 2039 25730
2039 14122 25730
25730 2039 14122
2000 8054 9829
9829 2000 8054
8054 2000 9829
23409 22407 27271
27271 22407 23409
22407 23409 27271
26033 15056 20852
15056 20852 26033
20852 15056 26033
2393 9472 15153
15153 2393 9472
9472 2393 15153
14829 2669 7910
2669 7910 14829
7910 2669 14829
5422 6003 11176
11176 5422 6003
6003 5422 11176
10460 14900 22082
14900 10460 22082
22082 10460 14900
17409 8336 17889
17889 8336 17409
8336 17409 17889
3378 13568 26691
26691 3378 13568
13568 3378 26691
26297 14418 28843
28843 14418 26297
14418 26297 28843
18349 15526 28460
28460 15526 18349
15526 18349 28460
4994 6093 17054
17054 4994 6093
6093 4994 17054
4620 5949 13311
5949 4620 13311
13311 4620 5949
25196 18296 19637
19637 18296 25196
18296 19637 25196
20332 13867 18551
18551 13867 20332
13867 18551 20332
13683 8538 19636
8538 13683 19636
19636 8538 13683
15154 19095 23952
19095 15154 23952
23952 15154 19095
26117 15192 20121
15192 20121 26117
20121 15192 26117
9469 5258 22738
22738 5258 9469
5258 9469 22738
9758 7816 20378
7816 9758 20378
20378 7816 9758
20454 21712 25561
25561 20454 21712
21712 20454 25561
22176 442 1385
1385 442 22176
442 1385 22176
25172 21928 25210
25210 21928 25172
21928 25172 25210
23225 24839 28974
24839 23225 28974
28974 23225 24839
14911 22478 24843
22478 14911 24843
24843 14911 22478
1248 11975 19608
19608 1248 11975
11975 1248 19608
21287 6674 29374
29374 6674 21287
6674 21287 29374
3026 3228 13999
3228 3026 13999
13999 3026 3228
21431 8698 27418
27418 8698 21431
8698 21431 27418
6700 3527 11924
3527 6700 11924
11924 3527 6700
4045 8664 17927
17927 4045 8664
8664 4045 17927
4023 5698 20760
5698 4023 20760
20760 4023 5698
15885 12620 12967
12967 12620 15885
12620 12967 15885
20734 26237 29547
26237 20734 29547
29547 20734 26237
11616 898 14493
14493 898 11616
898 11616 14493
28354 9119 17784
17784 9119 28354
9119 17784 28354
1861 2117 10229
10229 1861 2117
2117 1861 10229
16147 13125 15751
13125 15751 16147
15751 13125 16147
4918 5444 9704
9704 4918 5444
5444 4918 9704
17238 1381 15920
15920 1381 17238
1381 15920 17238
21885 10820 18586
10820 18586 21885
18586 10820 21885
9825 19250 26438
26438 9825 19250
19250 9825 26438
15822 4666 25217
4666 15822 25217
25217 4666 15822
5499 9632 23655
23655 5499 9632
9632 5499 23655
23963 10653 11212
10653 11212 23963
11212 10653 23963
24969 1529 23527
23527 1529 24969
1529 23527 24969
15932 6212 8951
8951 6212 15932
6212 8951 15932
29408 3799 29107
3799 29107 29408
29107 3799 29408
21262 24728 29014
24728 21262 29014
29014 21262 24728
18045 16146 27158
16146 18045 27158
27158 16146 18045
792 3879 8458
8458 792 3879
3879 792 8458
4441 21663 24994
24994 4441 21663
21663 4441 24994
7449 11116 22036
22036 7449 11116
11116 7449 22036
10036 9649 28193
28193 9649 10036
9649 10036 28193
17462 2154 3135
2154 3135 17462
3135 2154 17462
16597 4406 19815
19815 4406 16597
4406 16597 19815
25722 13580 23804
13580 23804 25722
23804 13580 25722
19942 7393 26686
7393 19942 26686
26686 7393 19942
24190 8025 28851
8025 24190 28851
28851 8025 24190
16145 8816 17719
17719 8816 16145
8816 16145 17719
28560 18558 23381
18558 23381 28560
23381 18558 28560
16422 22270 24656
24656 16422 22270
22270 16422 24656
26139 13299 22503
13299 22503 26139
22503 13299 26139
8531 5986 20288
5986 8531 20288
20288 5986 8531
25458 3232 15489
15489 3232 25458
3232 15489 25458
25699 13341 16126
16126 13341 25699
13341 16126 25699
5440 8450 14347
8450 5440 14347
14347 5440 8450
27658 10785 11441
11441 10785 27658
10785 11441 27658
10925 18399 24549
24549 10925 18399
18399 10925 24549
22988 7018 18476
18476 7018 22988
7018 18476 22988
18471 532 14419
14419 532 18471
532 14419 18471
25582 12369 21701
12369 21701 25582
21701 12369 25582
22998 1464 21358
1464 21358 22998
21358 1464 22998
19265 15511 16041
15511 16041 19265
16041 15511 19265
12416 8242 24676
8242 12416 24676
24676 8242 12416
27672 25701 29134
29134 25701 27672
25701 27672 29134
9242 26049 28653
28653 9242 26049
26049 9242 28653
14596 9538 17277
17277 9538 14596
9538 14596 17277
21778 4876 22265
4876 21778 22265
22265 4876 21778
29101 6571 12491
6571 12491 29101
12491 6571 29101
23828 20081 29911
29911 20081 23828
20081 23828 29911
25946 12582 24836
12582 24836 25946
24836 12582 25946
20382 12627 23153
12627 20382 23153
23153 12627 20382
25980 11871 26454
26454 11871 25980
11871 25980 26454
28983 944 1286
944 1286 28983
1286 944 28983
24452 2794 19320
2794 19320 24452
19320 2794 24452
9380 8151 27191
27191 8151 9380
8151 9380 27191
11462 14594 22365
22365 11462 14594
14594 11462 22365
29328 1359 17248
1359 17248 29328
17248 1359 29328
11464 10287 13556
10287 11464 13556
13556 10287 11464
14581 10777 19245
10777 14581 19245
19245 10777 14581
8012 5721 19948
5721 8012 19948
19948 5721 8012
22196 15427 21549
21549 15427 22196
15427 21549 22196
8070 9431 28224
28224 8070 9431
9431 8070 28224
24225 25541 26501
26501 24225 25541
25541 24225 26501
8223 10883 22826
22826 8223 10883
10883 8223 22826
8282 15539 29523
29523 8282 15539
15539 8282 29523
17135 7049 17190
17190 7049 17135
7049 17135 17190
27089 3808 13655
3808 13655 27089
13655 3808 27089
5773 11455 28766
28766 5773 11455
11455 5773 28766
18311 16350 23034
23034 16350 18311
16350 18311 23034
2663 7269 12145
12145 2663 7269
7269 2663 12145
7818 11296 21477
21477 7818 11296
11296 7818 21477
3372 24936 29852
24936 3372 29852
29852 3372 24936
12398 4459 29234
29234 4459 12398
4459 12398 29234
25193 332 27918
332 25193 27918
27918 332 25193
21841 12365 27058
27058 12365 21841
12365 21841 27058
23188 11204 28949
11204 23188 28949
28949 11204 23188
11440 16168 19433
16168 11440 19433
19433 11440 16168
28810 11906 20528
20528 11906 28810
11906 20528 28810
15561 2102 6732
6732 2102 15561
2102 6732 15561
13456 2382 4682
2382 4682 13456
4682 2382 13456
3547 5448 7135
5448 3547 7135
7135 3547 5448
61 22673 24682
22673 61 24682
24682 61 22673
18986 1288 24758
1288 18986 24758
24758 1288 18986
13439 3050 11227
11227 3050 13439
3050 11227 13439
18009 3300 8929
3300 8929 18009
8929 3300 18009
16998 17298 25425
25425 16998 17298
17298 16998 25425
7087 14330 19766
14330 7087 19766
19766 7087 14330
19621 8390 24378
8390 19621 24378
24378 8390 19621
23155 11529 11979
11979 11529 23155
11529 11979 23155
2179 1113 29548
29548 1113 2179
1113 2179 29548
1910 15670 25118
25118 1910 15670
15670 1910 25118
20354 16001 16780
16780 16001 20354
16001 16780 20354
18990 20585 22147
20585 18990 22147
22147 18990 20585
96 9730 26419
9730 96 26419
26419 96 9730
3787 15671 24091
24091 3787 15671
15671 3787 24091
23580 6876 10800
10800 6876 23580
6876 10800 23580
21214 18493 20633
18493 20633 21214
20633 18493 21214
9416 14889 19929
14889 9416 19929
19929 9416 14889
11199 10603 20719
20719 10603 11199
10603 11199 20719
19264 13432 22784
22784 13432 19264
13432 19264 22784
17569 19564 26397
19564 17569 26397
26397 17569 19564
3676 3054 24440
24440 3054 3676
3054 3676 24440
22736 3294 11945
11945 3294 22736
3294 11945 22736
27764 10297 27930
10297 27764 27930
27930 10297 27764
12540 15485 16819
16819 12540 15485
15485 12540 16819
7327 13586 25267
25267 7327 13586
13586 7327 25267
26154 2070 27483
27483 2070 26154
2070 26154 27483
8307 5724 25248
25248 5724 8307
5724 8307 25248
17972 274 22881
274 17972 22881
22881 274 17972
7089 5169 24889
24889 5169 7089
5169 7089 24889
24058 8227 18626
18626 8227 24058
8227 18626 24058
16016 5123 17831
17831 5123 16016
5123 16016 17831
15351 3626 26371
3626 15351 26371
26371 3626 15351
23454 11956 27509
11956 23454 27509
27509 11956 23454
19352 15247 22820
22820 15247 19352
15247 19352 22820
8176 8186 29100
29100 8176 8186
8186 8176 29100
28137 22799 24661
24661 22799 28137
22799 24661 28137
3556 30 10791
10791 30 3556
30 3556 10791
7589 8478 25805
8478 7589 25805
25805 7589 8478
18688 10795 16944
10795 16944 18688
16944 10795 18688
12333 1707 29644
29644 1707 12333
1707 12333 29644
18720 8515 20347
8515 18720 20347
20347 8515 18720
19383 8820 8918
8918 8820 19383
8820 8918 19383
25241 4589 5570
5570 4589 25241
4589 5570 25241
19838 9531 19624
19624 9531 19838
9531 19624 19838
16744 11966 28828
11966 16744 28828
28828 11966 16744
233 23118 26950
26950 233 23118
23118 233 26950
2153 9047 21524
21524 2153 9047
9047 2153 21524
16653 20625 27581
20625 16653 27581
27581 16653 20625
13571 8232 18630
8232 13571 18630
18630 8232 13571
11115 13893 15367
15367 11115 13893
13893 11115 15367
27925 10117 26974
10117 26974 27925
26974 10117 27925
16999 746 24651
746 16999 24651
24651 746 16999
23237 16960 25614
16960 23237 25614
25614 16960 23237
16981 11934 24017
24017 11934 16981
11934 16981 24017
21931 448 8288
8288 448 21931
448 8288 21931
18536 11372 13340
11372 13340 18536
13340 11372 18536
21970 19541 26337
26337 19541 21970
19541 21970 26337
12813 14403 20031
14403 12813 20031
20031 12813 14403
28785 1251 27093
27093 1251 28785
1251 27093 28785
5831 8796 18726
18726 5831 8796
8796 5831 18726
300 2799 28858
2799 300 28858
28858 300 2799
24081 8783 17413
8783 17413 24081
17413 8783 24081
18240 9960 20555
20555 9960 18240
9960 18240 20555
11460 19071 29017
29017 11460 19071
19071 11460 29017
24657 3164 24407
3164 24407 24657
24407 3164 24657
23407 19495 25874
25874 19495 23407
19495 23407 25874
28909 3159 4098
4098 3159 28909
3159 4098 28909
20093 4882 20979
20979 4882 20093
4882 20093 20979
5334 10761 20147
10761 5334 20147
20147 5334 10761
24764 1740 6229
1740 6229 24764
6229 1740 24764
2156 3687 4022
3687 2156 4022
4022 2156 3687
8536 15624 19861
19861 8536 15624
15624 8536 19861
7029 11269 16569
11269 7029 16569
16569 7029 11269
3872 21667 29064
21667 3872 29064
29064 3872 21667
4735 6263 6701
6701 4735 6263
6263 4735 6701
7322 12372 20265
20265 7322 12372
12372 7322 20265
22828 10672 12742
10672 12742 22828
12742 10672 22828
14175 7149 19960
19960 7149 14175
7149 14175 19960
18820 4700 14069
14069 4700 18820
4700 14069 18820
394 13464 14550
13464 394 14550
14550 394 13464
