18380 12977 23310
12977 18380 23310
23310 12977 18380
4751 29202 29708
29708 4751 29202
29202 4751 29708
2294 17802 20413
17802 2294 20413
20413 2294 17802
21026 6644 9218
6644 9218 21026
9218 6644 21026
7796 8297 18579
18579 7796 8297
8297 7796 18579
9180 859 2640
859 2640 9180
2640 859 9180
15982 25999 26995
26995 15982 25999
25999 15982 26995
26804 1112 8629
1112 8629 26804
8629 1112 26804
26745 1253 6329
6329 1253 26745
1253 6329 26745
21493 18586 29447
29447 18586 21493
18586 21493 29447
27234 20427 26939
26939 20427 27234
20427 26939 27234
5119 25975 26137
26137 5119 25975
25975 5119 26137
3588 16651 17203
16651 3588 17203
17203 3588 16651
8970 6847 25250
25250 6847 8970
6847 8970 25250
12734 7110 8956
8956 7110 12734
7110 8956 12734
16251 10868 28225
28225 10868 16251
10868 16251 28225
9727 12234 18782
12234 9727 18782
18782 9727 12234
11917 23127 24249
24249 11917 23127
23127 11917 24249
15696 5772 20515
20515 5772 15696
5772 15696 20515
25832 3292 15870
15870 3292 25832
3292 15870 25832
714 4744 22891
4744 714 22891
22891 714 4744
12098 5171 21850
21850 5171 12098
5171 12098 21850
15311 17643 28407
17643 15311 28407
28407 15311 17643
3138 24584 28508
24584 3138 28508
28508 3138 24584
8944 4408 11519
4408 8944 11519
11519 4408 8944
3112 5742 15600
5742 3112 15600
15600 3112 5742
9461 7639 11203
7639 9461 11203
11203 7639 9461
21627 11574 13049
11574 13049 21627
13049 11574 21627
28590 3153 21574
3153 21574 28590
21574 3153 28590
20320 14273 22162
22162 14273 20320
14273 20320 22162
25947 2516 20518
20518 2516 25947
2516 20518 25947
15845 5723 26483
26483 5723 15845
5723 15845 26483
1493 2701 13289
2701 1493 13289
13289 1493 2701
25374 13010 27785
27785 13010 25374
13010 25374 27785
24691 22997 29658
29658 22997 24691
22997 24691 29658
22770 7461 21792
21792 7461 22770
7461 21792 22770
22466 3456 22226
3456 22226 22466
22226 3456 22466
12909 12876 17719
12876 12909 17719
17719 12876 12909
25491 1053 5547
5547 1053 25491
1053 5547 25491
22890 13795 15807
13795 15807 22890
15807 13795 22890
14208 10802 27043
27043 10802 14208
10802 14208 27043
25085 7843 29487
29487 7843 25085
7843 25085 29487
26771 6541 23222
6541 23222 26771
23222 6541 26771
27070 4759 28302
28302 4759 27070
4759 27070 28302
19975 7561 13286
7561 13286 19975
13286 7561 19975
19566 1074 5969
1074 5969 19566
5969 1074 19566
26362 2557 9714
9714 2557 26362
2557 9714 26362
17574 2708 16454
16454 2708 17574
2708 16454 17574
19818 14584 19285
14584 19285 19818
19285 14584 19818
24152 7798 26543
7798 24152 26543
26543 7798 24152
9958 22629 27564
27564 9958 22629
22629 9958 27564
17873 22026 26166
26166 17873 22026
22026 17873 26166
2475 5845 7181
7181 2475 5845
5845 2475 7181
15773 14670 25002
25002 14670 15773
14670 15773 25002
29783 6920 24897
6920 24897 29783
24897 6920 29783
22924 2934 24329
2934 22924 24329
24329 2934 22924
8367 8458 12364
12364 8367 8458
8458 8367 12364
22827 15644 25411
25411 15644 22827
15644 22827 25411
7194 23224 28920
28920 7194 23224
23224 7194 28920
18237 1543 26441
1543 18237 26441
26441 1543 18237
12120 1120 11959
11959 1120 12120
1120 11959 12120
14738 3723 10590
3723 10590 14738
10590 3723 14738
14563 16252 21442
21442 14563 16252
16252 14563 21442
10375 3186 20058
3186 10375 20058
20058 3186 10375
12470 503 7996
503 7996 12470
7996 503 12470
12438 14103 27214
14103 12438 27214
27214 12438 14103
1372 973 1361
1361 973 1372
973 1361 1372
25547 12963 13811
13811 12963 25547
12963 13811 25547
24536 15475 17963
15475 17963 24536
17963 15475 24536
3019 5476 26540
5476 3019 26540
26540 3019 5476
23179 17815 22735
22735 17815 23179
17815 22735 23179
15942 2204 26435
26435 2204 15942
2204 15942 26435
1353 5872 19753
19753 1353 5872
5872 1353 19753
27283 648 4224
4224 648 27283
648 4224 27283
417 14372 25025
14372 417 25025
25025 417 14372
10539 16249 27210
27210 10539 16249
16249 10539 27210
7248 22050 28571
28571 7248 22050
22050 7248 28571
12060 21471 28817
28817 12060 21471
21471 12060 28817
25484 1135 22450
22450 1135 25484
1135 22450 25484
21237 2545 11852
11852 2545 21237
2545 11852 21237
17935 5369 23182
23182 5369 17935
5369 17935 23182
13593 8312 29154
29154 8312 13593
8312 13593 29154
1516 4861 20957
4861 1516 20957
20957 1516 4861
14666 343 5139
343 5139 14666
5139 343 14666
840 5113 14630
5113 840 14630
14630 840 5113
29456 3883 14934
14934 3883 29456
3883 14934 29456
5635 21099 24648
21099 5635 24648
24648 5635 21099
3702 11683 15899
15899 3702 11683
11683 3702 15899
18707 3794 8473
3794 8473 18707
8473 3794 18707
1855 14430 17284
14430 1855 17284
17284 1855 14430
15492 5426 28094
28094 5426 15492
5426 15492 28094
11051 23375 25312
25312 11051 23375
23375 11051 25312
13626 2165 9512
9512 2165 13626
2165 9512 13626
26542 1224 3923
1224 3923 26542
3923 1224 26542
26511 699 12399
12399 699 26511
699 12399 26511
20197 5063 5277
5277 5063 20197
5063 5277 20197
8044 14179 21130
21130 8044 14179
14179 8044 21130
8446 14489 25262
14489 8446 25262
25262 8446 14489
26550 1318 23549
23549 1318 26550
1318 23549 26550
12676 5892 20446
20446 5892 12676
5892 12676 20446
20647 15893 24890
24890 15893 20647
15893 20647 24890
29336 9187 14915
9187 14915 29336
14915 9187 29336
7957 20710 29813
20710 7957 29813
29813 7957 20710
25888 18057 22840
22840 18057 25888
18057 22840 25888
12047 435 21270
435 12047 21270
21270 435 12047
25292 1948 12236
12236 1948 25292
1948 12236 25292
10472 592 24297
24297 592 10472
592 10472 24297
8617 18225 21261
21261 8617 18225
18225 8617 21261
2338 10695 26478
10695 2338 26478
26478 2338 10695
3856 5839 6985
5839 3856 6985
6985 3856 5839
7858 1525 17163
1525 7858 17163
17163 1525 7858
2660 19054 21065
19054 2660 21065
21065 2660 19054
19756 21225 28652
28652 19756 21225
21225 19756 28652
6153 6776 29176
29176 6153 6776
6776 6153 29176
7229 965 19938
19938 965 7229
965 7229 19938
14802 3038 24936
3038 14802 24936
24936 3038 14802
11831 7341 9579
7341 9579 11831
9579 7341 11831
27500 17777 19262
19262 17777 27500
17777 19262 27500
12045 2794 7115
7115 2794 12045
2794 7115 12045
23125 7895 20743
7895 20743 23125
20743 7895 23125
8951 13925 18497
13925 8951 18497
18497 8951 13925
1538 10033 23033
23033 1538 10033
10033 1538 23033
25789 19845 28325
19845 25789 28325
28325 19845 25789
11224 1668 3990
3990 1668 11224
1668 3990 11224
11822 4594 28323
28323 4594 11822
4594 11822 28323
13506 18011 24867
18011 13506 24867
24867 13506 18011
14439 6641 18597
6641 14439 18597
18597 6641 14439
18917 1906 20124
1906 18917 20124
20124 1906 18917
18960 10700 18124
18124 10700 18960
10700 18124 18960
8964 15260 17609
17609 8964 15260
15260 8964 17609
18295 1650 28564
28564 1650 18295
1650 18295 28564
24277 5464 18944
18944 5464 24277
5464 18944 24277
20259 19399 27178
27178 19399 20259
19399 20259 27178
18785 9281 26222
9281 18785 26222
26222 9281 18785
43 13386 20895
20895 43 13386
13386 43 20895
10683 9580 22406
22406 9580 10683
9580 10683 22406
12232 15906 22393
15906 12232 22393
22393 12232 15906
10376 13409 20319
13409 10376 20319
20319 10376 13409
8888 13862 21169
13862 8888 21169
21169 8888 13862
21449 15425 17012
15425 17012 21449
17012 15425 21449
12386 9604 24799
9604 12386 24799
24799 9604 12386
20040 12049 19110
12049 19110 20040
19110 12049 20040
16762 10450 22439
10450 16762 22439
22439 10450 16762
150 5256 5576
5256 150 5576
5576 150 5256
10485 8615 20481
20481 8615 10485
8615 10485 20481
809 3169 11705
3169 809 11705
11705 809 3169
15920 6916 26203
26203 6916 15920
6916 15920 26203
22416 5835 27269
27269 5835 22416
5835 22416 27269
17674 3754 22480
3754 17674 22480
22480 3754 17674
13337 1536 25666
1536 13337 25666
25666 1536 13337
25107 7494 25354
7494 25107 25354
25354 7494 25107
27138 21549 22180
21549 22180 27138
22180 21549 27138
4940 12056 24439
12056 4940 24439
24439 4940 12056
8245 23003 29405
29405 8245 23003
23003 8245 29405
4579 17936 29351
29351 4579 17936
17936 4579 29351
17673 14558 20036
14558 17673 20036
20036 14558 17673
22587 10321 17741
17741 10321 22587
10321 17741 22587
14953 6118 28207
28207 6118 14953
6118 14953 28207
13204 7527 14337
7527 13204 14337
14337 7527 13204
17895 9806 25552
9806 17895 25552
25552 9806 17895
17984 11504 16926
16926 11504 17984
11504 16926 17984
12020 16675 21272
21272 12020 16675
16675 12020 21272
8138 13445 23373
23373 8138 13445
13445 8138 23373
25242 25988 28348
28348 25242 25988
25988 25242 28348
19967 11969 25369
11969 19967 25369
25369 11969 19967
22346 22839 25716
25716 22346 22839
22839 22346 25716
10774 22283 28593
28593 10774 22283
22283 10774 28593
24681 17055 18951
18951 17055 24681
17055 18951 24681
1376 2407 3834
3834 1376 2407
2407 1376 3834
29922 9826 25804
9826 25804 29922
25804 9826 29922
4007 13044 13826
13044 4007 13826
13826 4007 13044
6921 4632 25467
25467 4632 6921
4632 6921 25467
1136 1324 20750
1324 1136 20750
20750 1136 1324
6028 16412 26337
26337 6028 16412
16412 6028 26337
1854 5024 11149
5024 1854 11149
11149 1854 5024
29208 11640 23104
11640 23104 29208
23104 11640 29208
5472 22993 26236
22993 5472 26236
26236 5472 22993
5237 23865 28293
28293 5237 23865
23865 5237 28293
23334 1652 10944
1652 10944 23334
10944 1652 23334
14734 11867 21093
11867 14734 21093
21093 11867 14734
8527 21414 23414
23414 8527 21414
21414 8527 23414
13354 4924 15170
15170 4924 13354
4924 13354 15170
19841 670 4762
4762 670 19841
670 4762 19841
11533 4994 18167
4994 11533 18167
18167 4994 11533
14059 695 25658
25658 695 14059
695 14059 25658
8351 14194 15781
14194 8351 15781
15781 8351 14194
10136 3365 24058
3365 10136 24058
24058 3365 10136
23718 2577 24818
24818 2577 23718
2577 23718 24818
17114 14081 24977
24977 14081 17114
14081 17114 24977
21411 11568 21016
21016 11568 21411
11568 21016 21411
27573 6907 15257
6907 15257 27573
15257 6907 27573
3968 20549 27127
20549 3968 27127
27127 3968 20549
12189 14106 22453
14106 12189 22453
22453 12189 14106
19395 1524 19372
19372 1524 19395
1524 19372 19395
29289 14148 19063
19063 14148 29289
14148 19063 29289
19339 19209 29153
29153 19209 19339
19209 19339 29153
13014 3635 16702
16702 3635 13014
3635 13014 16702
23832 6313 24953
24953 6313 23832
6313 23832 24953
2978 5144 11167
5144 2978 11167
11167 2978 5144
23786 782 16647
16647 782 23786
782 16647 23786
26621 16931 17855
17855 16931 26621
16931 17855 26621
28625 10886 23216
23216 10886 28625
10886 23216 28625
24550 1036 9943
1036 9943 24550
9943 1036 24550
10964 6545 18213
6545 10964 18213
18213 6545 10964
26675 1651 11623
11623 1651 26675
1651 11623 26675
11659 10901 15974
15974 10901 11659
10901 11659 15974
21753 9311 20687
9311 20687 21753
20687 9311 21753
19451 14358 20683
20683 14358 19451
14358 19451 20683
27004 6201 16162
6201 16162 27004
16162 6201 27004
22425 204 2355
204 2355 22425
2355 204 22425
13152 14721 27922
14721 13152 27922
27922 13152 14721
19418 12415 20489
12415 19418 20489
20489 12415 19418
10382 9174 17868
17868 9174 10382
9174 10382 17868
6982 13353 28245
13353 6982 28245
28245 6982 13353
2095 5296 20598
20598 2095 5296
5296 2095 20598
27228 615 26401
615 26401 27228
26401 615 27228
9156 5572 13235
5572 9156 13235
13235 5572 9156
14686 3355 8683
8683 3355 14686
3355 8683 14686
22424 3445 27156
27156 3445 22424
3445 22424 27156
13660 385 17689
17689 385 13660
385 13660 17689
26794 4686 16998
16998 4686 26794
4686 16998 26794
11730 20170 22985
22985 11730 20170
20170 11730 22985
8128 18496 29987
29987 8128 18496
18496 8128 29987
22902 67 7555
7555 67 22902
67 7555 22902
24294 8662 27992
8662 24294 27992
27992 8662 24294
14668 15477 23789
23789 14668 15477
15477 14668 23789
19354 2234 19882
2234 19354 19882
19882 2234 19354
10490 13012 18038
13012 10490 18038
18038 10490 13012
20273 9749 16272
16272 9749 20273
9749 16272 20273
14798 11244 14438
14438 11244 14798
11244 14438 14798
2335 4814 6372
4814 2335 6372
6372 2335 4814
14641 2326 7817
2326 7817 14641
7817 2326 14641
14865 3745 9030
3745 9030 14865
9030 3745 14865
16517 12014 12572
12014 12572 16517
12572 12014 16517
16928 20104 25306
25306 16928 20104
20104 16928 25306
8613 7685 16401
16401 7685 8613
7685 8613 16401
19894 7744 9139
9139 7744 19894
7744 9139 19894
26174 8802 18652
18652 8802 26174
8802 18652 26174
13064 14361 26814
14361 13064 26814
26814 13064 14361
298 1188 6683
1188 298 6683
6683 298 1188
29324 1425 4436
4436 1425 29324
1425 4436 29324
5042 15902 20638
15902 5042 20638
20638 5042 15902
13379 16940 29705
16940 13379 29705
29705 13379 16940
17959 8419 15555
8419 15555 17959
15555 8419 17959
11259 3732 29008
29008 3732 11259
3732 11259 29008
25213 8354 12590
12590 8354 25213
8354 12590 25213
27185 19704 25409
25409 19704 27185
19704 25409 27185
29584 25375 26858
25375 26858 29584
26858 25375 29584
26903 1290 24357
24357 1290 26903
1290 24357 26903
12899 11560 25063
11560 12899 25063
25063 11560 12899
7147 5411 28813
28813 5411 7147
5411 7147 28813
16803 14054 28408
28408 14054 16803
14054 16803 28408
5639 9980 13330
13330 5639 9980
9980 5639 13330
2524 11195 21786
11195 2524 21786
21786 2524 11195
25012 11204 29251
11204 25012 29251
29251 11204 25012
28308 9129 26944
26944 9129 28308
9129 26944 28308
22192 2077 18202
2077 18202 22192
18202 2077 22192
26331 2635 9850
2635 9850 26331
9850 2635 26331
1707 3646 21946
21946 1707 3646
3646 1707 21946
5243 8998 19520
8998 5243 19520
19520 5243 8998
13540 12194 28787
28787 12194 13540
12194 13540 28787
1042 5610 20192
5610 1042 20192
20192 1042 5610
2321 11662 21559
11662 2321 21559
21559 2321 11662
26501 9718 21328
21328 9718 26501
9718 21328 26501
12353 1276 13685
13685 1276 12353
1276 12353 13685
18257 6435 16954
6435 16954 18257
16954 6435 18257
20108 4558 19224
19224 4558 20108
4558 19224 20108
347 7698 10356
7698 347 10356
10356 347 7698
14771 3857 4282
4282 3857 14771
3857 4282 14771
2876 6629 25867
25867 2876 6629
6629 2876 25867
4425 4886 5080
4886 4425 5080
5080 4425 4886
20924 11206 22669
22669 11206 20924
11206 20924 22669
5731 16146 25128
16146 5731 25128
25128 5731 16146
24342 13782 16036
16036 13782 24342
13782 16036 24342
27527 6262 17539
6262 17539 27527
17539 6262 27527
21027 17408 24250
24250 17408 21027
17408 21027 24250
16555 3587 20156
3587 16555 20156
20156 3587 16555
26755 19560 25792
19560 25792 26755
25792 19560 26755
7783 2652 28098
28098 2652 7783
2652 7783 28098
3149 10279 17898
10279 3149 17898
17898 3149 10279
21189 7898 28174
7898 21189 28174
28174 7898 21189
14409 4133 28418
28418 4133 14409
4133 14409 28418
1362 5335 18345
5335 1362 18345
18345 1362 5335
11248 12377 13098
13098 11248 12377
12377 11248 13098
2665 1642 7677
1642 2665 7677
7677 1642 2665
11359 5046 20012
20012 5046 11359
5046 11359 20012
726 14324 28381
28381 726 14324
14324 726 28381
7556 10037 17710
10037 7556 17710
17710 7556 10037
24742 5487 5789
5487 5789 24742
5789 5487 24742
13908 3859 6883
6883 3859 13908
3859 6883 13908
15161 15252 24051
15252 15161 24051
24051 15161 15252
19555 2137 14902
14902 2137 19555
2137 14902 19555
14384 5265 26147
26147 5265 14384
5265 14384 26147
3284 5258 29530
29530 3284 5258
5258 3284 29530
4214 20979 28713
20979 4214 28713
28713 4214 20979
23518 20803 26260
26260 20803 23518
20803 23518 26260
3454 13430 16222
13430 3454 16222
16222 3454 13430
8732 2156 16853
2156 8732 16853
16853 2156 8732
10398 16288 18000
16288 10398 18000
18000 10398 16288
4731 5570 29411
5570 4731 29411
29411 4731 5570
24264 4596 14091
4596 14091 24264
14091 4596 24264
23728 1942 16903
16903 1942 23728
1942 16903 23728
12289 4717 14910
4717 12289 14910
14910 4717 12289
26938 6042 7907
6042 7907 26938
7907 6042 26938
4165 14581 19417
19417 4165 14581
14581 4165 19417
11218 7150 17230
17230 7150 11218
7150 11218 17230
1386 5520 5996
5996 1386 5520
5520 1386 5996
24596 4864 24846
4864 24596 24846
24846 4864 24596
27695 5763 29752
29752 5763 27695
5763 27695 29752
27035 700 25237
700 25237 27035
25237 700 27035
29542 5442 25938
5442 25938 29542
25938 5442 29542
3855 12463 23689
12463 3855 23689
23689 3855 12463
24734 8692 19429
8692 19429 24734
19429 8692 24734
27852 2986 25847
25847 2986 27852
2986 25847 27852
4186 14863 15220
14863 4186 15220
15220 4186 14863
29802 15313 17209
15313 17209 29802
17209 15313 29802
23455 7876 10942
7876 10942 23455
10942 7876 23455
28380 11440 29569
29569 11440 28380
11440 28380 29569
7385 17313 29093
17313 7385 29093
29093 7385 17313
6256 8827 28588
28588 6256 8827
8827 6256 28588
14718 22331 23479
23479 14718 22331
22331 14718 23479
10923 4711 25576
25576 4711 10923
4711 10923 25576
14520 10723 12537
12537 10723 14520
10723 12537 14520
15561 17105 20372
20372 15561 17105
17105 15561 20372
8012 23184 24502
24502 8012 23184
23184 8012 24502
13329 12998 15841
15841 12998 13329
12998 13329 15841
27844 16030 29676
29676 16030 27844
16030 27844 29676
12921 13813 17894
17894 12921 13813
13813 12921 17894
3844 8623 27146
8623 3844 27146
27146 3844 8623
9223 1344 20838
20838 1344 9223
1344 9223 20838
11408 534 28826
534 11408 28826
28826 534 11408
23732 3561 7177
7177 3561 23732
3561 7177 23732
8371 11059 26848
26848 8371 11059
11059 8371 26848
3770 11652 24372
24372 3770 11652
11652 3770 24372
28066 14699 29933
29933 14699 28066
14699 28066 29933
8414 20759 26921
20759 8414 26921
26921 8414 20759
20640 4323 18692
18692 4323 20640
4323 18692 20640
14740 11986 27800
11986 14740 27800
27800 11986 14740
24555 2037 9038
9038 2037 24555
2037 9038 24555
23495 5553 25410
5553 23495 25410
25410 5553 23495
19299 15814 22898
15814 19299 22898
22898 15814 19299
24943 2814 12576
12576 2814 24943
2814 12576 24943
6995 23347 28918
23347 6995 28918
28918 6995 23347
23080 607 9232
9232 607 23080
607 9232 23080
3657 6215 17348
6215 3657 17348
17348 3657 6215
466 19759 23860
23860 466 19759
19759 466 23860
20257 11487 12376
11487 12376 20257
12376 11487 20257
6938 1731 9135
9135 1731 6938
1731 6938 9135
8144 1791 20354
1791 8144 20354
20354 1791 8144
11583 15889 20219
20219 11583 15889
15889 11583 20219
18198 3137 27011
27011 3137 18198
3137 18198 27011
6238 12752 28907
12752 6238 28907
28907 6238 12752
14923 3507 21292
3507 14923 21292
21292 3507 14923
17119 18415 24427
18415 17119 24427
24427 17119 18415
4750 15853 19666
19666 4750 15853
15853 4750 19666
4092 395 16052
16052 395 4092
395 4092 16052
20415 9959 11916
11916 9959 20415
9959 11916 20415
16523 8584 20565
8584 16523 20565
20565 8584 16523
23660 16569 18158
18158 16569 23660
16569 18158 23660
13518 29461 29792
29792 13518 29461
29461 13518 29792
6745 2320 23244
2320 6745 23244
23244 2320 6745
24155 15251 24562
24562 15251 24155
15251 24155 24562
21215 2058 4895
2058 4895 21215
4895 2058 21215
6427 11071 15970
11071 6427 15970
15970 6427 11071
25861 569 26657
569 25861 26657
26657 569 25861
25120 4618 24446
24446 4618 25120
4618 24446 25120
11198 8064 11548
8064 11198 11548
11548 8064 11198
13356 5874 9528
5874 9528 13356
9528 5874 13356
22017 21772 23894
21772 22017 23894
23894 21772 22017
22609 13815 25597
13815 22609 25597
25597 13815 22609
9737 7914 17417
17417 7914 9737
7914 9737 17417
12934 2205 12852
12852 2205 12934
2205 12852 12934
5233 7751 10022
10022 5233 7751
7751 5233 10022
2142 8723 9605
8723 2142 9605
9605 2142 8723
26081 9671 15179
15179 9671 26081
9671 15179 26081
22634 19235 28095
28095 19235 22634
19235 22634 28095
7815 10587 17365
10587 7815 17365
17365 7815 10587
10001 1446 17004
1446 10001 17004
17004 1446 10001
28678 9723 18490
18490 9723 28678
9723 18490 28678
23554 6421 29776
29776 6421 23554
6421 23554 29776
25908 3214 20525
20525 3214 25908
3214 20525 25908
20132 13743 24564
24564 13743 20132
13743 20132 24564
10439 14777 25064
14777 10439 25064
25064 10439 14777
28132 8318 13310
8318 13310 28132
13310 8318 28132
8624 15628 23652
15628 8624 23652
23652 8624 15628
25343 19971 21693
19971 21693 25343
21693 19971 25343
13292 13339 15343
13339 13292 15343
15343 13292 13339
18446 8141 13496
8141 13496 18446
13496 8141 18446
29161 3750 6752
3750 6752 29161
6752 3750 29161
24447 4367 5290
5290 4367 24447
4367 5290 24447
8815 1243 27914
27914 1243 8815
1243 8815 27914
5133 1821 21890
21890 1821 5133
1821 5133 21890
25826 122 2967
2967 122 25826
122 2967 25826
29404 22881 24314
22881 24314 29404
24314 22881 29404
19698 6160 27778
6160 19698 27778
27778 6160 19698
23765 13869 26051
26051 13869 23765
13869 23765 26051
29000 1008 26102
1008 26102 29000
26102 1008 29000
27595 4641 28781
4641 27595 28781
28781 4641 27595
17155 4953 17042
4953 17042 17155
17042 4953 17155
28097 4021 15411
4021 15411 28097
15411 4021 28097
12614 3144 29965
29965 3144 12614
3144 12614 29965
21624 23199 28210
23199 21624 28210
28210 21624 23199
28712 8498 20188
20188 8498 28712
8498 20188 28712
21214 23056 25529
23056 21214 25529
25529 21214 23056
12077 12221 21521
12221 12077 21521
21521 12077 12221
16505 22821 26565
22821 16505 26565
26565 16505 22821
13216 13693 18790
18790 13216 13693
13693 13216 18790
4504 790 25311
25311 790 4504
790 4504 25311
4017 6515 20709
6515 4017 20709
20709 4017 6515
20787 18474 19181
19181 18474 20787
18474 19181 20787
25522 9276 17892
17892 9276 25522
9276 17892 25522
13000 15417 22225
22225 13000 15417
15417 13000 22225
1701 4946 7618
4946 1701 7618
7618 1701 4946
16411 19862 27131
19862 16411 27131
27131 16411 19862
26933 11226 22646
11226 22646 26933
22646 11226 26933
22680 14816 26597
14816 22680 26597
26597 14816 22680
17903 14901 17798
14901 17798 17903
17798 14901 17903
16624 17866 20946
20946 16624 17866
17866 16624 20946
10409 24015 24862
24015 10409 24862
24862 10409 24015
28258 13399 29486
29486 13399 28258
13399 28258 29486
22897 21203 21725
21203 21725 22897
21725 21203 22897
5668 20514 21105
21105 5668 20514
20514 5668 21105
15613 18595 22583
22583 15613 18595
18595 15613 22583
25137 8027 16234
8027 16234 25137
16234 8027 25137
19192 13965 25080
13965 19192 25080
25080 13965 19192
5951 14109 21978
21978 5951 14109
14109 5951 21978
5026 4938 28836
4938 5026 28836
28836 4938 5026
25782 7076 13561
7076 13561 25782
13561 7076 25782
25430 10518 27873
27873 10518 25430
10518 25430 27873
16311 5653 13158
5653 13158 16311
13158 5653 16311
18696 14124 15962
15962 14124 18696
14124 15962 18696
8565 6915 23358
23358 6915 8565
6915 8565 23358
5408 1158 20962
20962 1158 5408
1158 5408 20962
28729 18224 18702
18702 18224 28729
18224 18702 28729
358 3268 20353
20353 358 3268
3268 358 20353
3876 21277 24133
21277 3876 24133
24133 3876 21277
20391 13700 16388
16388 13700 20391
13700 16388 20391
16433 6311 12094
6311 12094 16433
12094 6311 16433
28534 1714 4544
4544 1714 28534
1714 4544 28534
4452 9462 24278
24278 4452 9462
9462 4452 24278
23980 936 10679
10679 936 23980
936 10679 23980
22672 13979 27739
13979 22672 27739
27739 13979 22672
3960 323 21208
323 3960 21208
21208 323 3960
2308 20449 28091
20449 2308 28091
28091 2308 20449
19719 7811 16143
7811 16143 19719
16143 7811 19719
25270 7357 28025
28025 7357 25270
7357 25270 28025
10768 2966 11663
2966 10768 11663
11663 2966 10768
2868 23157 26589
23157 2868 26589
26589 2868 23157
1152 5172 26159
5172 1152 26159
26159 1152 5172
1082 24961 29214
24961 1082 29214
29214 1082 24961
2306 4350 17649
17649 2306 4350
4350 2306 17649
886 13345 16161
16161 886 13345
13345 886 16161
2312 4142 5694
4142 2312 5694
5694 2312 4142
2001 1703 13257
13257 1703 2001
1703 2001 13257
5586 697 6130
6130 697 5586
697 5586 6130
16534 1562 15288
15288 1562 16534
1562 15288 16534
29689 2963 28006
28006 2963 29689
2963 28006 29689
7598 293 27039
27039 293 7598
293 7598 27039
15049 14401 16967
14401 15049 16967
16967 14401 15049
27217 19611 27471
27471 19611 27217
19611 27217 27471
13791 22833 23252
23252 13791 22833
22833 13791 23252
24206 13389 15255
13389 15255 24206
15255 13389 24206
26290 913 20773
20773 913 26290
913 20773 26290
24355 13080 17228
17228 13080 24355
13080 17228 24355
12351 4076 11785
4076 11785 12351
11785 4076 12351
8336 10884 12865
10884 8336 12865
12865 8336 10884
8086 15296 18041
18041 8086 15296
15296 8086 18041
6074 2113 26861
26861 2113 6074
2113 6074 26861
1653 16958 19785
16958 1653 19785
19785 1653 16958
25642 1817 2964
2964 1817 25642
1817 2964 25642
21956 2472 29009
29009 2472 21956
2472 21956 29009
16975 12658 25994
25994 12658 16975
12658 16975 25994
17319 2919 22613
2919 17319 22613
22613 2919 17319
18176 4773 4832
4773 4832 18176
4832 4773 18176
18010 9342 10528
9342 10528 18010
10528 9342 18010
4742 4326 6447
4326 4742 6447
6447 4326 4742
22046 23971 24436
24436 22046 23971
23971 22046 24436
8920 5809 21331
5809 8920 21331
21331 5809 8920
14497 12052 23060
23060 12052 14497
12052 14497 23060
20085 16941 28882
16941 20085 28882
28882 16941 20085
5372 2915 6113
6113 2915 5372
2915 5372 6113
29977 9125 19710
19710 9125 29977
9125 19710 29977
28080 13802 19042
19042 13802 28080
13802 19042 28080
27600 14538 26129
14538 26129 27600
26129 14538 27600
4443 13528 15928
15928 4443 13528
13528 4443 15928
26947 3286 13748
13748 3286 26947
3286 13748 26947
149 7311 22909
22909 149 7311
7311 149 22909
15993 19590 27188
27188 15993 19590
19590 15993 27188
20331 4201 12788
4201 12788 20331
12788 4201 20331
15136 11563 24442
24442 11563 15136
11563 15136 24442
1476 20591 23610
20591 1476 23610
23610 1476 20591
14707 16049 25696
25696 14707 16049
16049 14707 25696
17948 998 13724
998 13724 17948
13724 998 17948
27799 11341 17597
11341 17597 27799
17597 11341 27799
7425 28646 28807
28807 7425 28646
28646 7425 28807
17944 90 24351
24351 90 17944
90 17944 24351
5350 4386 29875
4386 5350 29875
29875 4386 5350
12684 11465 16777
11465 12684 16777
16777 11465 12684
1481 3028 15169
3028 1481 15169
15169 1481 3028
5069 10353 28360
28360 5069 10353
10353 5069 28360
16114 7906 29408
29408 7906 16114
7906 16114 29408
12423 5856 11269
5856 11269 12423
11269 5856 12423
6345 24606 26007
24606 6345 26007
26007 6345 24606
28423 908 8536
908 8536 28423
8536 908 28423
17179 7352 17081
17081 7352 17179
7352 17081 17179
14982 14486 17337
17337 14486 14982
14486 14982 17337
10157 12106 26034
26034 10157 12106
12106 10157 26034
15700 10731 12059
12059 10731 15700
10731 12059 15700
101 10662 18402
10662 101 18402
18402 101 10662
13126 23399 27262
27262 13126 23399
23399 13126 27262
2999 5022 21612
21612 2999 5022
5022 2999 21612
29908 19846 25739
19846 25739 29908
25739 19846 29908
11250 438 5337
438 5337 11250
5337 438 11250
17592 13275 19603
13275 17592 19603
19603 13275 17592
9376 13480 24080
24080 9376 13480
13480 9376 24080
11434 916 8055
916 8055 11434
8055 916 11434
21865 9997 10076
9997 10076 21865
10076 9997 21865
2406 11577 23171
11577 2406 23171
23171 2406 11577
12749 15618 26975
15618 12749 26975
26975 12749 15618
6894 16195 23984
23984 6894 16195
16195 6894 23984
1807 4681 9840
4681 1807 9840
9840 1807 4681
16453 23500 26152
23500 16453 26152
26152 16453 23500
22655 14837 28547
14837 22655 28547
28547 14837 22655
21917 17260 21845
17260 21845 21917
21845 17260 21917
25582 2222 5864
2222 5864 25582
5864 2222 25582
25230 1993 20760
20760 1993 25230
1993 20760 25230
20612 21103 21918
21103 20612 21918
21918 20612 21103
27107 17383 23275
23275 17383 27107
17383 23275 27107
14559 459 1581
1581 459 14559
459 1581 14559
27464 16536 16786
16786 16536 27464
16536 16786 27464
28569 13648 25726
13648 25726 28569
25726 13648 28569
6714 14970 23790
23790 6714 14970
14970 6714 23790
24402 10278 26037
10278 24402 26037
26037 10278 24402
21664 5367 27461
5367 21664 27461
27461 5367 21664
2865 3455 21206
3455 2865 21206
21206 2865 3455
6723 23253 27858
23253 6723 27858
27858 6723 23253
10772 8755 22506
22506 8755 10772
8755 10772 22506
16999 20822 27523
27523 16999 20822
20822 16999 27523
29331 20204 21161
20204 21161 29331
21161 20204 29331
28446 4480 6107
4480 6107 28446
6107 4480 28446
21145 15409 18473
18473 15409 21145
15409 18473 21145
27609 5922 13426
13426 5922 27609
5922 13426 27609
23875 1444 6697
6697 1444 23875
1444 6697 23875
20869 9106 22856
9106 20869 22856
22856 9106 20869
2147 4892 16126
16126 2147 4892
4892 2147 16126
23264 1351 5001
1351 5001 23264
5001 1351 23264
6970 8542 22775
22775 6970 8542
8542 6970 22775
25857 4599 16164
16164 4599 25857
4599 16164 25857
6858 7809 9940
9940 6858 7809
7809 6858 9940
28475 7757 24916
7757 24916 28475
24916 7757 28475
10527 4465 25228
25228 4465 10527
4465 10527 25228
21654 4377 28303
4377 21654 28303
28303 4377 21654
19112 5933 27867
5933 19112 27867
27867 5933 19112
25471 4592 27379
27379 4592 25471
4592 25471 27379
22487 10544 19393
19393 10544 22487
10544 19393 22487
16439 7165 11028
11028 7165 16439
7165 11028 16439
1848 2462 10684
10684 1848 2462
2462 1848 10684
6205 3351 26625
3351 6205 26625
26625 3351 6205
8180 11499 20522
11499 8180 20522
20522 8180 11499
14533 993 17505
993 14533 17505
17505 993 14533
27683 12609 23985
23985 12609 27683
12609 23985 27683
11630 20533 22267
20533 11630 22267
22267 11630 20533
8743 3311 9726
3311 8743 9726
9726 3311 8743
13718 14713 28370
14713 13718 28370
28370 13718 14713
1808 10479 22378
22378 1808 10479
10479 1808 22378
342 6747 13172
6747 342 13172
13172 342 6747
12033 1923 10040
1923 10040 12033
10040 1923 12033
13335 15708 19992
15708 13335 19992
19992 13335 15708
19146 14207 26022
14207 19146 26022
26022 14207 19146
15290 2893 27549
2893 15290 27549
27549 2893 15290
13283 5210 25744
25744 5210 13283
5210 13283 25744
15329 10751 25691
10751 15329 25691
25691 10751 15329
9079 14898 20877
14898 9079 20877
20877 9079 14898
29631 4692 23834
23834 4692 29631
4692 23834 29631
12150 6777 17779
6777 12150 17779
17779 6777 12150
25600 2584 23636
2584 23636 25600
23636 2584 25600
24116 10366 18253
10366 18253 24116
18253 10366 24116
7389 15604 27495
27495 7389 15604
15604 7389 27495
3263 7604 21061
21061 3263 7604
7604 3263 21061
13211 1001 22884
22884 1001 13211
1001 13211 22884
4318 10516 11398
11398 4318 10516
10516 4318 11398
184 23428 26826
23428 184 26826
26826 184 23428
25388 8932 19918
8932 19918 25388
19918 8932 25388
7249 1790 18932
18932 1790 7249
1790 7249 18932
19154 1504 24077
1504 19154 24077
24077 1504 19154
1583 5203 22727
22727 1583 5203
5203 1583 22727
4508 6798 27200
6798 4508 27200
27200 4508 6798
6326 10119 12253
12253 6326 10119
10119 6326 12253
8741 13428 23041
13428 8741 23041
23041 8741 13428
20282 16765 17672
17672 16765 20282
16765 17672 20282
9759 14576 29887
14576 9759 29887
29887 9759 14576
29464 6705 15607
15607 6705 29464
6705 15607 29464
16723 10015 24841
24841 10015 16723
10015 16723 24841
12685 12905 15721
12905 12685 15721
15721 12685 12905
11760 3701 5985
5985 3701 11760
3701 5985 11760
23109 10385 16966
16966 10385 23109
10385 16966 23109
13679 21452 22244
21452 13679 22244
22244 13679 21452
16857 9876 13246
13246 9876 16857
9876 13246 16857
3738 1063 18180
1063 3738 18180
18180 1063 3738
23478 13370 18373
18373 13370 23478
13370 18373 23478
5145 15980 25735
15980 5145 25735
25735 5145 15980
28168 24381 24682
24682 24381 28168
24381 24682 28168
27462 12401 15096
15096 12401 27462
12401 15096 27462
29414 8192 9485
8192 9485 29414
9485 8192 29414
1843 5604 17725
5604 1843 17725
17725 1843 5604
17677 704 4918
704 4918 17677
4918 704 17677
12574 7937 18810
7937 12574 18810
18810 7937 12574
15634 17577 25501
17577 15634 25501
25501 15634 17577
16749 3300 3429
3429 3300 16749
3300 3429 16749
14482 28060 29131
29131 14482 28060
28060 14482 29131
8013 19501 24524
24524 8013 19501
19501 8013 24524
124 18392 28147
28147 124 18392
18392 124 28147
24959 5047 20993
5047 20993 24959
20993 5047 24959
13673 15789 28257
15789 13673 28257
28257 13673 15789
27532 5991 25395
5991 25395 27532
25395 5991 27532
4255 1019 25180
25180 1019 4255
1019 4255 25180
17931 6740 25914
25914 6740 17931
6740 17931 25914
7433 10214 13524
13524 7433 10214
10214 7433 13524
4221 7379 26649
26649 4221 7379
7379 4221 26649
18874 6684 24363
6684 18874 24363
24363 6684 18874
17755 7436 18840
7436 17755 18840
18840 7436 17755
10156 15947 28901
28901 10156 15947
15947 10156 28901
22594 2957 18348
2957 18348 22594
18348 2957 22594
20535 14164 22500
14164 20535 22500
22500 14164 20535
23236 3486 17531
17531 3486 23236
3486 17531 23236
27036 9289 16679
9289 16679 27036
16679 9289 27036
7488 3157 23661
3157 7488 23661
23661 3157 7488
27398 5503 14134
14134 5503 27398
5503 14134 27398
16230 625 27209
27209 625 16230
625 16230 27209
5505 13944 22286
13944 5505 22286
22286 5505 13944
550 2114 22429
2114 550 22429
22429 550 2114
3421 16703 16710
16703 3421 16710
16710 3421 16703
9450 11358 24069
11358 9450 24069
24069 9450 11358
2195 11813 13945
11813 2195 13945
13945 2195 11813
580 384 23560
384 580 23560
23560 384 580
23798 14480 16819
16819 14480 23798
14480 16819 23798
23978 9838 22330
9838 22330 23978
22330 9838 23978
5666 10388 10673
10388 5666 10673
10673 5666 10388
751 13621 16267
16267 751 13621
13621 751 16267
2749 576 27482
27482 576 2749
576 2749 27482
7420 1081 17754
17754 1081 7420
1081 7420 17754
5010 12360 12696
12696 5010 12360
12360 5010 12696
23571 19025 27000
27000 19025 23571
19025 23571 27000
20121 1457 5587
1457 5587 20121
5587 1457 20121
23443 1498 14145
1498 14145 23443
14145 1498 23443
20418 5331 21696
5331 20418 21696
21696 5331 20418
16182 10889 29807
29807 10889 16182
10889 16182 29807
6449 21258 27660
21258 6449 27660
27660 6449 21258
15987 1599 21798
21798 1599 15987
1599 15987 21798
17957 5341 26418
5341 17957 26418
26418 5341 17957
26677 12872 18471
18471 12872 26677
12872 18471 26677
19404 1940 7219
7219 1940 19404
1940 7219 19404
19466 1245 6210
1245 6210 19466
6210 1245 19466
18801 9075 10917
10917 9075 18801
9075 10917 18801
18793 1533 6109
6109 1533 18793
1533 6109 18793
13713 20067 28416
28416 13713 20067
20067 13713 28416
854 20668 26194
26194 854 20668
20668 854 26194
5452 2465 19796
19796 2465 5452
2465 5452 19796
12577 6445 16147
6445 12577 16147
16147 6445 12577
25468 2255 14367
14367 2255 25468
2255 14367 25468
4900 2576 23643
23643 2576 4900
2576 4900 23643
6712 5492 20967
20967 5492 6712
5492 6712 20967
13896 4337 13449
4337 13449 13896
13449 4337 13896
27365 1134 21985
1134 21985 27365
21985 1134 27365
21761 8169 26188
26188 8169 21761
8169 21761 26188
1208 19915 26997
19915 1208 26997
26997 1208 19915
26852 17295 19928
17295 19928 26852
19928 17295 26852
20458 2629 13756
2629 13756 20458
13756 2629 20458
22315 7848 17961
17961 7848 22315
7848 17961 22315
11031 3361 22599
3361 11031 22599
22599 3361 11031
27942 14108 24822
14108 24822 27942
24822 14108 27942
18317 16054 24582
16054 18317 24582
24582 16054 18317
29338 13779 19256
19256 13779 29338
13779 19256 29338
18135 4272 7897
4272 7897 18135
7897 4272 18135
3441 10554 19898
19898 3441 10554
10554 3441 19898
14524 2485 18039
18039 2485 14524
2485 14524 18039
6757 952 16728
16728 952 6757
952 6757 16728
23702 2377 7037
2377 7037 23702
7037 2377 23702
12893 6252 15669
6252 12893 15669
15669 6252 12893
1580 2241 7741
2241 1580 7741
7741 1580 2241
3722 10799 20833
20833 3722 10799
10799 3722 20833
21002 22761 25294
25294 21002 22761
22761 21002 25294
13601 12346 19430
12346 13601 19430
19430 12346 13601
27445 10726 24537
10726 24537 27445
24537 10726 27445
11228 23221 25892
25892 11228 23221
23221 11228 25892
19190 10988 28243
10988 19190 28243
28243 10988 19190
26198 5029 17499
17499 5029 26198
5029 17499 26198
22710 3106 25376
25376 3106 22710
3106 22710 25376
27678 19120 21382
19120 21382 27678
21382 19120 27678
3431 3873 10991
3873 3431 10991
10991 3431 3873
11193 3824 18575
3824 11193 18575
18575 3824 11193
20110 2259 26273
26273 2259 20110
2259 20110 26273
21934 3246 3458
3458 3246 21934
3246 3458 21934
8157 19070 22160
19070 8157 22160
22160 8157 19070
29518 11723 27364
27364 11723 29518
11723 27364 29518
18334 1257 5622
1257 5622 18334
5622 1257 18334
17533 7 29827
29827 7 17533
7 17533 29827
6633 8698 21576
21576 6633 8698
8698 6633 21576
20580 970 8657
970 8657 20580
8657 970 20580
16881 1560 25704
25704 1560 16881
1560 16881 25704
18690 13744 20322
13744 18690 20322
20322 13744 18690
5299 8860 13785
8860 5299 13785
13785 5299 8860
4070 13812 26710
26710 4070 13812
13812 4070 26710
26072 8229 18842
18842 8229 26072
8229 18842 26072
211 1233 25404
1233 211 25404
25404 211 1233
22753 26503 28584
28584 22753 26503
26503 22753 28584
13612 19142 27284
27284 13612 19142
19142 13612 27284
18847 18926 22053
22053 18847 18926
18926 18847 22053
3480 13042 24884
24884 3480 13042
13042 3480 24884
16239 238 20099
20099 238 16239
238 16239 20099
11165 9024 27504
9024 11165 27504
27504 9024 11165
19531 5156 24496
24496 5156 19531
5156 19531 24496
5267 26060 26601
26060 5267 26601
26601 5267 26060
28822 2982 18606
2982 18606 28822
18606 2982 28822
25482 110 11493
110 11493 25482
11493 110 25482
16811 12709 15228
12709 15228 16811
15228 12709 16811
23690 3312 11729
3312 11729 23690
11729 3312 23690
5021 14972 26637
14972 5021 26637
26637 5021 14972
7330 21070 29030
29030 7330 21070
21070 7330 29030
11180 16572 28166
28166 11180 16572
16572 11180 28166
19436 4915 24599
4915 19436 24599
24599 4915 19436
11510 22108 24939
24939 11510 22108
22108 11510 24939
7569 1410 9133
1410 7569 9133
9133 1410 7569
13113 7712 8738
8738 7712 13113
7712 8738 13113
8313 588 22539
588 8313 22539
22539 588 8313
4298 1864 7758
7758 1864 4298
1864 4298 7758
23604 8492 28076
28076 8492 23604
8492 23604 28076
23319 9199 11817
9199 11817 23319
11817 9199 23319
14180 10671 26186
10671 14180 26186
26186 10671 14180
24997 7353 10139
10139 7353 24997
7353 10139 24997
9177 1046 6206
1046 6206 9177
6206 1046 9177
19148 15366 26311
26311 15366 19148
15366 19148 26311
27696 308 8631
8631 308 27696
308 8631 27696
23444 863 21361
21361 863 23444
863 21361 23444
25322 6939 24186
6939 24186 25322
24186 6939 25322
17051 3591 5077
3591 5077 17051
5077 3591 17051
6448 11789 17309
17309 6448 11789
11789 6448 17309
19332 4562 8082
4562 8082 19332
8082 4562 19332
25074 10600 19280
19280 10600 25074
10600 19280 25074
22548 5863 22671
22671 5863 22548
5863 22548 22671
4149 330 5249
5249 330 4149
330 4149 5249
16650 7808 15737
7808 15737 16650
15737 7808 16650
741 113 28158
113 741 28158
28158 113 741
15156 12196 29696
12196 15156 29696
29696 12196 15156
28812 6439 22658
6439 22658 28812
22658 6439 28812
7136 21325 26055
21325 7136 26055
26055 7136 21325
20622 224 2018
2018 224 20622
224 2018 20622
11774 10542 11428
11428 10542 11774
10542 11428 11774
23261 7968 24483
7968 23261 24483
24483 7968 23261
6900 2116 16565
2116 6900 16565
16565 2116 6900
23311 6045 28495
6045 23311 28495
28495 6045 23311
5532 14521 23377
23377 5532 14521
14521 5532 23377
16342 8185 15763
15763 8185 16342
8185 15763 16342
157 1389 11957
1389 157 11957
11957 157 1389
12443 4675 10260
10260 4675 12443
4675 10260 12443
3182 14958 24263
14958 3182 24263
24263 3182 14958
4174 14043 21316
14043 4174 21316
21316 4174 14043
26278 6659 12958
12958 6659 26278
6659 12958 26278
13764 127 13452
13452 127 13764
127 13452 13764
13230 15943 24750
15943 13230 24750
24750 13230 15943
12846 5594 9925
9925 5594 12846
5594 9925 12846
19362 24795 27932
27932 19362 24795
24795 19362 27932
5545 9245 19718
19718 5545 9245
9245 5545 19718
24477 9261 27141
9261 24477 27141
27141 9261 24477
10574 7380 21740
21740 7380 10574
7380 10574 21740
2669 11136 16057
11136 2669 16057
16057 2669 11136
4304 10843 12140
10843 4304 12140
12140 4304 10843
15682 6575 11777
11777 6575 15682
6575 11777 15682
15016 6302 21485
21485 6302 15016
6302 15016 21485
10315 24735 26320
26320 10315 24735
24735 10315 26320
7116 17000 26781
17000 7116 26781
26781 7116 17000
21403 12408 19724
12408 19724 21403
19724 12408 21403
1130 7833 24192
7833 1130 24192
24192 1130 7833
28789 20011 27305
27305 20011 28789
20011 27305 28789
12623 19068 22430
19068 12623 22430
22430 12623 19068
14595 16283 22557
22557 14595 16283
16283 14595 22557
4290 412 4482
412 4290 4482
4482 412 4290
7601 25182 28965
28965 7601 25182
25182 7601 28965
23847 7738 13731
7738 13731 23847
13731 7738 23847
29796 13112 16886
16886 13112 29796
13112 16886 29796
27468 10503 25741
25741 10503 27468
10503 25741 27468
2060 11345 21840
11345 2060 21840
21840 2060 11345
14706 530 26780
26780 530 14706
530 14706 26780
4894 14202 23809
14202 4894 23809
23809 4894 14202
22360 9288 20722
20722 9288 22360
9288 20722 22360
19684 6947 20604
20604 6947 19684
6947 19684 20604
21171 13053 19655
19655 13053 21171
13053 19655 21171
3585 12674 26433
12674 3585 26433
26433 3585 12674
22032 19782 29623
19782 22032 29623
