137 12 151
151 12 137
12 137 151
142 38 188
188 38 142
38 142 188
225 250 255
250 225 255
255 225 250
200 29 260
260 29 200
29 200 260
6 55 299
299 6 55
55 6 299
23 4 170
170 4 23
4 23 170
263 136 218
136 218 263
218 136 263
213 293 296
296 213 293
293 213 296
223 7 70
70 7 223
7 70 223
149 5 54
54 5 149
5 54 149
109 24 113
113 24 109
24 109 113
87 75 106
75 87 106
106 75 87
18 212 232
232 18 212
212 18 232
226 84 234
234 84 226
84 226 234
237 17 57
57 17 237
17 57 237
181 15 31
31 15 181
15 31 181
126 67 211
67 126 211
211 67 126
275 79 266
266 79 275
79 266 275
300 117 195
195 117 300
117 195 300
81 135 183
183 81 135
135 81 183
180 146 197
197 146 180
146 180 197
174 1 47
1 47 174
47 1 174
50 21 215
21 50 215
215 21 50
244 217 224
217 224 244
224 217 244
198 138 173
173 138 198
138 173 198
254 59 219
219 59 254
59 219 254
99 32 64
64 32 99
32 64 99
248 33 152
33 152 248
152 33 248
196 155 236
155 196 236
236 155 196
171 34 203
203 34 171
34 171 203
249 9 169
9 169 249
169 9 249
69 40 207
40 69 207
207 40 69
48 111 141
141 48 111
111 48 141
65 41 283
41 65 283
283 41 65
144 80 216
216 80 144
80 144 216
222 90 101
101 90 222
90 101 222
230 46 49
46 49 230
49 46 230
20 147 208
208 20 147
147 20 208
63 154 156
154 63 156
156 63 154
86 105 276
276 86 105
105 86 276
128 71 98
71 98 128
98 71 128
194 116 288
288 116 194
116 194 288
295 10 280
280 10 295
10 280 295
122 72 175
72 122 175
175 72 122
239 3 241
241 3 239
3 239 241
120 190 247
247 120 190
190 120 247
235 8 150
8 150 235
150 8 235
127 103 134
103 127 134
134 103 127
205 26 258
26 205 258
258 26 205
246 30 159
30 159 246
159 30 246
88 73 114
73 88 114
114 73 88
94 110 119
119 94 110
110 94 119
285 77 118
77 118 285
118 77 285
268 82 163
82 163 268
163 82 268
172 44 140
44 140 172
140 44 172
201 13 76
13 76 201
76 13 201
252 35 161
161 35 252
35 161 252
264 14 273
273 14 264
14 264 273
164 166 184
166 164 184
184 164 166
177 158 162
162 158 177
158 162 177
279 214 262
214 262 279
262 214 279
124 2 270
270 2 124
2 124 270
187 242 267
267 187 242
242 187 267
176 160 204
160 176 204
204 160 176
272 93 95
95 93 272
93 95 272
286 168 269
168 269 286
269 168 286
51 132 165
165 51 132
132 51 165
191 61 251
251 61 191
61 191 251
178 74 240
240 74 178
74 178 240
125 104 153
153 104 125
104 125 153
115 192 202
202 115 192
192 115 202
102 58 193
58 102 193
193 58 102
148 85 289
85 148 289
289 85 148
297 112 265
265 112 297
112 265 297
243 52 129
129 52 243
52 129 243
291 66 167
66 167 291
167 66 291
133 28 231
28 133 231
231 28 133
107 25 43
43 25 107
25 43 107
287 179 245
179 245 287
245 179 287
206 37 259
259 37 206
37 206 259
229 42 257
42 229 257
257 42 229
182 96 97
96 97 182
97 96 182
130 199 271
199 130 271
271 130 199
143 56 238
56 143 238
238 56 143
228 121 233
121 228 233
233 121 228
83 27 189
189 27 83
27 83 189
108 209 210
209 108 210
210 108 209
68 123 274
274 68 123
123 68 274
253 261 278
261 253 278
278 253 261
60 220 290
220 60 290
290 60 220
294 19 100
100 19 294
19 100 294
22 91 131
131 22 91
91 22 131
139 36 92
92 36 139
36 92 139
227 157 292
292 157 227
157 227 292
39 45 221
45 39 221
221 39 45
186 62 256
62 186 256
256 62 186
284 78 89
78 89 284
89 78 284
277 282 298
298 277 282
282 277 298
145 11 185
185 11 145
11 145 185
16 53 281
53 16 281
281 16 53
