144 49 267
49 144 267
267 49 144
192 16 278
278 16 192
16 192 278
95 112 190
190 95 112
112 95 190
127 46 60
60 46 127
46 60 127
31 107 292
107 31 292
292 31 107
146 162 289
289 146 162
162 146 289
113 111 148
111 113 148
148 111 113
268 182 259
259 182 268
182 259 268
105 52 237
237 52 105
52 105 237
69 32 226
32 69 226
226 32 69
208 8 249
249 8 208
8 208 249
87 141 252
252 87 141
141 87 252
196 193 205
205 193 196
193 196 205
86 147 286
147 86 286
286 86 147
191 185 240
240 185 191
185 191 240
175 168 296
168 175 296
296 168 175
158 58 82
58 82 158
82 58 158
194 137 257
137 194 257
257 137 194
203 17 114
17 114 203
114 17 203
37 13 230
13 37 230
230 13 37
159 5 198
198 5 159
5 159 198
97 23 222
23 97 222
222 23 97
234 139 233
139 233 234
233 139 234
276 72 200
200 72 276
72 200 276
50 71 74
71 50 74
74 50 71
177 166 174
166 174 177
174 166 177
70 135 221
221 70 135
135 70 221
201 242 271
271 201 242
242 201 271
102 90 103
90 102 103
103 90 102
266 75 231
231 75 266
75 231 266
131 11 152
152 11 131
11 131 152
121 27 28
27 28 121
28 27 121
181 57 263
57 181 263
263 57 181
77 85 216
216 77 85
85 77 216
246 128 199
128 199 246
199 128 246
295 15 61
15 61 295
61 15 295
66 83 297
83 66 297
297 66 83
282 41 133
41 133 282
133 41 282
188 63 88
63 88 188
88 63 188
89 117 179
117 89 179
179 89 117
239 3 274
274 3 239
3 239 274
73 210 299
299 73 210
210 73 299
223 25 33
33 25 223
25 33 223
36 45 78
78 36 45
45 36 78
43 126 255
126 43 255
255 43 126
247 29 67
29 67 247
67 29 247
206 81 164
81 164 206
164 81 206
228 120 288
120 228 288
288 120 228
195 65 285
285 65 195
65 195 285
93 62 251
62 93 251
251 62 93
269 55 244
55 244 269
244 55 269
169 104 180
180 104 169
104 169 180
47 154 243
154 47 243
243 47 154
153 56 138
56 138 153
138 56 153
229 106 218
106 218 229
218 106 229
12 145 245
145 12 245
245 12 145
281 197 212
197 212 281
212 197 281
99 7 26
26 7 99
7 26 99
290 91 260
260 91 290
91 260 290
232 207 250
250 207 232
207 232 250
110 79 202
202 79 110
79 110 202
53 122 163
122 53 163
163 53 122
217 18 176
176 18 217
18 176 217
165 2 275
2 165 275
275 2 165
280 4 284
4 280 284
284 4 280
149 20 209
209 20 149
20 149 209
213 30 150
150 30 213
30 150 213
241 10 265
10 241 265
265 10 241
48 35 108
35 48 108
108 35 48
6 136 279
279 6 136
136 6 279
151 92 261
261 92 151
92 151 261
130 68 160
68 130 160
160 68 130
248 1 220
220 1 248
1 220 248
235 38 273
273 38 235
38 235 273
224 42 189
189 42 224
42 189 224
258 14 294
294 14 258
14 258 294
124 101 161
101 124 161
161 101 124
155 171 238
238 155 171
171 155 238
272 34 44
44 34 272
34 44 272
227 76 118
76 118 227
118 76 227
186 39 178
178 39 186
39 178 186
54 184 256
256 54 184
184 54 256
80 9 254
9 80 254
254 9 80
134 183 298
183 134 298
298 134 183
132 109 214
214 109 132
109 132 214
204 24 123
24 123 204
123 24 204
94 167 172
172 94 167
167 94 172
156 40 211
211 40 156
40 156 211
219 173 270
270 173 219
173 219 270
291 100 157
157 100 291
100 157 291
115 125 262
262 115 125
125 115 262
98 21 51
21 51 98
51 21 98
253 22 59
59 22 253
22 59 253
187 64 170
170 64 187
64 170 187
215 19 277
19 215 277
277 19 215
283 119 142
119 142 283
142 119 283
264 96 140
140 96 264
96 140 264
84 129 300
129 84 300
300 84 129
236 287 293
287 236 293
293 236 287
143 116 225
116 143 225
225 116 143
