9190 11160 20248
11160 9190 20248
20248 9190 11160
27781 3647 22337
22337 3647 27781
3647 22337 27781
21208 13639 25433
25433 13639 21208
13639 21208 25433
7216 15195 28265
28265 7216 15195
15195 7216 28265
27607 9768 29026
9768 27607 29026
29026 9768 27607
1413 5009 15945
5009 1413 15945
15945 1413 5009
8518 16144 24072
16144 8518 24072
24072 8518 16144
20372 20667 25454
20667 20372 25454
25454 20372 20667
9437 14663 26338
14663 9437 26338
26338 9437 14663
19767 15437 18620
15437 18620 19767
18620 15437 19767
26066 6674 20776
20776 6674 26066
6674 20776 26066
5045 20716 25519
25519 5045 20716
20716 5045 25519
27339 10726 29351
29351 10726 27339
10726 27339 29351
16819 9858 27355
27355 9858 16819
9858 16819 27355
22019 9542 28186
9542 22019 28186
28186 9542 22019
2964 20718 21941
20718 2964 21941
21941 2964 20718
26198 17752 20988
20988 17752 26198
17752 20988 26198
11558 4940 5167
4940 5167 11558
5167 4940 11558
879 6738 25588
25588 879 6738
6738 879 25588
3989 13651 28913
28913 3989 13651
13651 3989 28913
3641 9407 15998
9407 3641 15998
15998 3641 9407
22981 22196 27020
27020 22196 22981
22196 22981 27020
22499 3386 18411
3386 18411 22499
18411 3386 22499
4738 19686 24868
19686 4738 24868
24868 4738 19686
12078 3842 28474
28474 3842 12078
3842 12078 28474
24236 15359 26097
26097 15359 24236
15359 24236 26097
23882 16280 29476
29476 16280 23882
16280 23882 29476
22567 970 12307
970 12307 22567
12307 970 22567
29795 21564 21664
21664 21564 29795
21564 21664 29795
28986 14591 15351
14591 15351 28986
15351 14591 28986
24704 19428 22398
19428 22398 24704
22398 19428 24704
27208 17022 17870
17022 17870 27208
17870 17022 27208
7786 1348 21480
21480 1348 7786
1348 7786 21480
10962 19102 20221
19102 10962 20221
20221 10962 19102
28353 17952 26622
17952 26622 28353
26622 17952 28353
28008 10627 19998
10627 19998 28008
19998 10627 28008
6302 4010 16176
4010 6302 16176
16176 4010 6302
21700 19668 28818
19668 21700 28818
28818 19668 21700
3583 12959 26671
12959 3583 26671
26671 3583 12959
13125 1248 9449
1248 9449 13125
9449 1248 13125
1884 5888 19964
5888 1884 19964
19964 1884 5888
28229 8220 16163
16163 8220 28229
8220 16163 28229
28749 18454 25150
25150 18454 28749
18454 25150 28749
1964 12393 23279
23279 1964 12393
12393 1964 23279
6381 5681 19576
19576 5681 6381
5681 6381 19576
14884 1487 5326
5326 1487 14884
1487 5326 14884
17959 1694 8199
1694 8199 17959
8199 1694 17959
14658 5831 12639
12639 5831 14658
5831 12639 14658
17343 5820 26542
5820 17343 26542
26542 5820 17343
4596 5929 24157
5929 4596 24157
24157 4596 5929
21532 6264 9763
6264 9763 21532
9763 6264 21532
20234 3539 10584
3539 10584 20234
10584 3539 20234
17730 21788 24603
24603 17730 21788
21788 17730 24603
2454 945 10811
10811 945 2454
945 2454 10811
5213 15450 17722
15450 5213 17722
17722 5213 15450
16480 24308 29461
29461 16480 24308
24308 16480 29461
1756 3474 9601
9601 1756 3474
3474 1756 9601
27025 13642 22150
22150 13642 27025
13642 22150 27025
16059 8019 16854
8019 16059 16854
16854 8019 16059
20636 18507 20650
18507 20636 20650
20650 18507 20636
4876 12540 13058
13058 4876 12540
12540 4876 13058
2263 4057 20655
4057 2263 20655
20655 2263 4057
24384 9105 12638
9105 12638 24384
12638 9105 24384
22766 2765 11061
2765 11061 22766
11061 2765 22766
17200 8213 14904
14904 8213 17200
8213 14904 17200
1556 19047 23435
19047 1556 23435
23435 1556 19047
5178 3360 4209
4209 3360 5178
3360 4209 5178
4831 11511 15618
15618 4831 11511
11511 4831 15618
3139 17795 22025
17795 3139 22025
22025 3139 17795
12746 7991 13300
7991 12746 13300
13300 7991 12746
20188 6122 11013
11013 6122 20188
6122 11013 20188
20515 7858 28037
28037 7858 20515
7858 20515 28037
19320 13092 15604
13092 15604 19320
15604 13092 19320
12128 11131 28571
11131 12128 28571
28571 11131 12128
21923 4681 12231
12231 4681 21923
4681 12231 21923
14304 9922 14535
14535 9922 14304
9922 14304 14535
10101 20337 25867
20337 10101 25867
25867 10101 20337
13765 22571 23355
22571 13765 23355
23355 13765 22571
22026 7753 11403
11403 7753 22026
7753 11403 22026
16632 9896 13858
9896 13858 16632
13858 9896 16632
27056 104 5447
5447 104 27056
104 5447 27056
16074 17351 17576
17576 16074 17351
17351 16074 17576
6890 17683 25827
17683 6890 25827
25827 6890 17683
22234 4188 17045
17045 4188 22234
4188 17045 22234
27338 22319 26603
22319 26603 27338
26603 22319 27338
19670 27717 29758
27717 19670 29758
29758 19670 27717
6620 2315 15904
2315 6620 15904
15904 2315 6620
26599 14056 20216
20216 14056 26599
14056 20216 26599
24433 2001 16777
16777 2001 24433
2001 16777 24433
1862 20513 23411
20513 1862 23411
23411 1862 20513
14585 437 25112
25112 437 14585
437 14585 25112
8170 28492 29280
28492 8170 29280
29280 8170 28492
1697 7011 21515
7011 1697 21515
21515 1697 7011
3059 11297 23187
23187 3059 11297
11297 3059 23187
12571 990 2220
990 2220 12571
2220 990 12571
25445 5989 7303
7303 5989 25445
5989 7303 25445
11405 4363 7524
4363 7524 11405
7524 4363 11405
14021 334 21050
21050 334 14021
334 14021 21050
1174 15865 16181
15865 1174 16181
16181 1174 15865
10554 2491 6983
6983 2491 10554
2491 6983 10554
25637 5435 29051
29051 5435 25637
5435 25637 29051
24861 8686 23447
23447 8686 24861
8686 23447 24861
29238 18857 18921
18921 18857 29238
18857 18921 29238
13516 14355 14686
14355 13516 14686
14686 13516 14355
15965 16024 16885
16024 15965 16885
16885 15965 16024
12424 1797 23841
23841 1797 12424
1797 12424 23841
6923 1825 6631
1825 6631 6923
6631 1825 6923
18430 14988 24381
14988 18430 24381
24381 14988 18430
666 21410 29075
21410 666 29075
29075 666 21410
14338 16274 23328
16274 14338 23328
23328 14338 16274
25264 13790 14861
13790 14861 25264
14861 13790 25264
18347 1966 11869
1966 11869 18347
11869 1966 18347
22099 21051 28406
28406 21051 22099
21051 22099 28406
22404 2691 26712
2691 22404 26712
26712 2691 22404
19251 9949 12092
12092 9949 19251
9949 12092 19251
146 7456 28738
28738 146 7456
7456 146 28738
20013 8555 23658
8555 20013 23658
23658 8555 20013
20353 837 28297
837 20353 28297
28297 837 20353
28664 12119 28168
28168 12119 28664
12119 28168 28664
20581 9320 23919
23919 9320 20581
9320 20581 23919
20983 14537 28514
14537 20983 28514
28514 14537 20983
8289 12361 18299
12361 8289 18299
18299 8289 12361
52 3420 15816
3420 52 15816
15816 52 3420
10685 20505 24092
20505 10685 24092
24092 10685 20505
13200 5202 10214
10214 5202 13200
5202 10214 13200
3428 14115 19000
19000 3428 14115
14115 3428 19000
11804 6917 7683
7683 6917 11804
6917 7683 11804
25648 19946 23514
23514 19946 25648
19946 23514 25648
18594 1879 7160
1879 7160 18594
7160 1879 18594
5828 7099 9759
7099 5828 9759
9759 5828 7099
26381 17409 20544
20544 17409 26381
17409 20544 26381
19478 17604 28576
17604 19478 28576
28576 17604 19478
17454 7446 10848
7446 10848 17454
10848 7446 17454
15365 8465 22123
22123 8465 15365
8465 15365 22123
21285 10832 24031
24031 10832 21285
10832 21285 24031
4225 5061 17441
17441 4225 5061
5061 4225 17441
26861 13521 27332
27332 13521 26861
13521 26861 27332
8562 17823 18151
18151 8562 17823
17823 8562 18151
7457 13927 27089
27089 7457 13927
13927 7457 27089
6560 4152 18140
4152 6560 18140
18140 4152 6560
26762 6298 19456
6298 19456 26762
19456 6298 26762
10251 18455 24755
18455 10251 24755
24755 10251 18455
12513 9003 18285
9003 12513 18285
18285 9003 12513
5609 11317 22586
22586 5609 11317
11317 5609 22586
20679 6612 21023
21023 6612 20679
6612 20679 21023
7908 13264 13914
13914 7908 13264
13264 7908 13914
11971 15327 21201
15327 11971 21201
21201 11971 15327
1133 16110 26843
26843 1133 16110
16110 1133 26843
1251 3667 25165
3667 1251 25165
25165 1251 3667
11244 24915 26802
24915 11244 26802
26802 11244 24915
18248 7413 23100
7413 18248 23100
23100 7413 18248
15319 10462 14132
14132 10462 15319
10462 14132 15319
13111 4870 10296
4870 10296 13111
10296 4870 13111
29903 10635 24385
24385 10635 29903
10635 24385 29903
22251 3367 11709
3367 11709 22251
11709 3367 22251
322 8250 13447
8250 322 13447
13447 322 8250
8139 21540 29046
29046 8139 21540
21540 8139 29046
16307 7276 8401
7276 8401 16307
8401 7276 16307
20807 11814 28897
28897 11814 20807
11814 20807 28897
14236 20883 27434
20883 14236 27434
27434 14236 20883
9790 5242 15914
15914 5242 9790
5242 9790 15914
18121 12716 17172
12716 17172 18121
17172 12716 18121
6017 5419 10574
5419 6017 10574
10574 5419 6017
28522 10410 25302
25302 10410 28522
10410 25302 28522
21041 8123 17141
8123 17141 21041
17141 8123 21041
19051 5054 22703
5054 19051 22703
22703 5054 19051
1912 26889 27959
26889 1912 27959
27959 1912 26889
24596 6104 20366
20366 6104 24596
6104 20366 24596
6258 607 24529
24529 607 6258
607 6258 24529
12875 2858 7678
2858 7678 12875
7678 2858 12875
24921 1453 10727
10727 1453 24921
1453 10727 24921
21091 312 14013
14013 312 21091
312 14013 21091
4659 2480 14167
14167 2480 4659
2480 4659 14167
454 15890 17260
15890 454 17260
17260 454 15890
6332 16416 19610
19610 6332 16416
16416 6332 19610
28775 7968 29317
29317 7968 28775
7968 28775 29317
14945 2421 7186
2421 7186 14945
7186 2421 14945
21070 3682 14283
14283 3682 21070
3682 14283 21070
4103 22212 23375
22212 4103 23375
23375 4103 22212
10013 12276 23508
12276 10013 23508
23508 10013 12276
26224 20760 28885
20760 26224 28885
28885 20760 26224
2514 3707 22082
22082 2514 3707
3707 2514 22082
29428 1311 26707
26707 1311 29428
1311 26707 29428
3585 11319 25350
25350 3585 11319
11319 3585 25350
5840 2960 20621
2960 5840 20621
20621 2960 5840
12014 22331 23097
22331 12014 23097
23097 12014 22331
27006 18077 27591
18077 27006 27591
27591 18077 27006
13465 9032 29833
29833 9032 13465
9032 13465 29833
26544 14995 22644
22644 14995 26544
14995 22644 26544
25836 1028 24645
24645 1028 25836
1028 24645 25836
17154 20963 29179
29179 17154 20963
20963 17154 29179
4752 16803 21926
16803 4752 21926
21926 4752 16803
27486 8746 16630
16630 8746 27486
8746 16630 27486
26098 12505 14871
12505 14871 26098
14871 12505 26098
3180 5166 16557
16557 3180 5166
5166 3180 16557
4288 9316 10460
9316 4288 10460
10460 4288 9316
20442 13398 21340
21340 13398 20442
13398 20442 21340
20627 21075 24723
21075 20627 24723
24723 20627 21075
2531 11972 21301
21301 2531 11972
11972 2531 21301
29855 2464 7877
7877 2464 29855
2464 7877 29855
6412 21784 23940
23940 6412 21784
21784 6412 23940
22104 13607 17027
17027 13607 22104
13607 17027 22104
17021 7026 23768
7026 17021 23768
23768 7026 17021
28857 23721 27967
27967 23721 28857
23721 27967 28857
9309 817 8667
817 8667 9309
8667 817 9309
27711 13085 13942
13942 13085 27711
13085 13942 27711
7809 15666 26665
15666 7809 26665
26665 7809 15666
29905 8880 26811
26811 8880 29905
8880 26811 29905
28613 6818 23182
6818 23182 28613
23182 6818 28613
17379 6100 21571
6100 17379 21571
21571 6100 17379
8916 7562 29434
29434 7562 8916
7562 8916 29434
2079 554 7375
554 2079 7375
7375 554 2079
25083 9791 22824
9791 22824 25083
22824 9791 25083
22835 6177 26658
26658 6177 22835
6177 22835 26658
1492 2812 25032
25032 1492 2812
2812 1492 25032
15414 999 18255
18255 999 15414
999 15414 18255
7857 5869 12404
12404 5869 7857
5869 7857 12404
17065 2025 17309
2025 17065 17309
17309 2025 17065
25161 14291 23134
14291 23134 25161
23134 14291 25161
27783 7382 18756
18756 7382 27783
7382 18756 27783
29997 8071 25053
8071 25053 29997
25053 8071 29997
21902 2994 26467
26467 2994 21902
2994 21902 26467
6497 22543 29514
22543 6497 29514
29514 6497 22543
17389 8178 21544
21544 8178 17389
8178 17389 21544
6542 16679 28457
28457 6542 16679
16679 6542 28457
4239 23212 25428
25428 4239 23212
23212 4239 25428
1363 5573 29762
29762 1363 5573
5573 1363 29762
17522 25450 27278
27278 17522 25450
25450 17522 27278
13761 8998 27305
8998 13761 27305
27305 8998 13761
11739 4310 18201
4310 11739 18201
18201 4310 11739
21288 16058 18409
16058 18409 21288
18409 16058 21288
593 7295 20032
20032 593 7295
7295 593 20032
29994 11250 22005
22005 11250 29994
11250 22005 29994
23021 2594 24530
24530 2594 23021
2594 23021 24530
29221 13865 22889
13865 22889 29221
22889 13865 29221
1321 7005 12794
12794 1321 7005
7005 1321 12794
29010 2704 3856
3856 2704 29010
2704 3856 29010
6634 13945 23823
23823 6634 13945
13945 6634 23823
16256 9957 26615
26615 9957 16256
9957 16256 26615
2422 12 16544
12 2422 16544
16544 12 2422
5812 19938 28189
19938 5812 28189
28189 5812 19938
14804 22721 24930
24930 14804 22721
22721 14804 24930
28597 7314 7737
7737 7314 28597
7314 7737 28597
24122 7629 16505
7629 16505 24122
16505 7629 24122
29123 7149 11973
7149 11973 29123
11973 7149 29123
3388 10616 18646
10616 3388 18646
18646 3388 10616
8872 13599 23694
23694 8872 13599
13599 8872 23694
12198 10569 21311
21311 10569 12198
10569 12198 21311
3009 3496 27984
3496 3009 27984
27984 3009 3496
14059 12039 29874
12039 14059 29874
29874 12039 14059
135 20083 29158
20083 135 29158
29158 135 20083
18242 4024 16986
4024 16986 18242
16986 4024 18242
21863 1808 26656
1808 21863 26656
26656 1808 21863
21757 2118 8759
2118 8759 21757
8759 2118 21757
16620 10491 29438
29438 10491 16620
10491 16620 29438
15392 10106 23481
23481 10106 15392
10106 15392 23481
9943 2339 17928
17928 2339 9943
2339 9943 17928
9596 252 19443
19443 252 9596
252 9596 19443
941 4546 8800
8800 941 4546
4546 941 8800
13557 3425 25386
25386 3425 13557
3425 13557 25386
22860 7531 11028
7531 11028 22860
11028 7531 22860
1971 4957 9103
4957 1971 9103
9103 1971 4957
7458 1187 14506
1187 7458 14506
14506 1187 7458
3928 4119 12867
12867 3928 4119
4119 3928 12867
6817 4224 12332
12332 4224 6817
4224 6817 12332
1467 7508 11268
11268 1467 7508
7508 1467 11268
6779 2299 15556
2299 6779 15556
15556 2299 6779
5391 17042 22036
22036 5391 17042
17042 5391 22036
7028 8594 15634
8594 7028 15634
15634 7028 8594
20164 2247 28938
28938 2247 20164
2247 20164 28938
29285 18471 20878
20878 18471 29285
18471 20878 29285
4994 12077 25107
25107 4994 12077
12077 4994 25107
3934 1861 20553
1861 3934 20553
20553 1861 3934
1873 1859 20989
1859 1873 20989
20989 1859 1873
15677 734 17079
734 15677 17079
17079 734 15677
24852 6867 28541
6867 24852 28541
28541 6867 24852
955 4041 16320
4041 955 16320
16320 955 4041
28078 11054 26149
26149 11054 28078
11054 26149 28078
10575 6309 20030
6309 10575 20030
20030 6309 10575
17089 16492 24783
16492 17089 24783
24783 16492 17089
26872 1075 26698
1075 26698 26872
26698 1075 26872
17612 2777 12329
12329 2777 17612
2777 12329 17612
2626 9787 15694
15694 2626 9787
9787 2626 15694
5668 3986 5421
5421 3986 5668
3986 5421 5668
17103 1282 5295
1282 5295 17103
5295 1282 17103
1762 20340 26470
26470 1762 20340
20340 1762 26470
25455 9710 21360
9710 21360 25455
21360 9710 25455
15918 8138 25061
8138 15918 25061
25061 8138 15918
26225 8690 13059
13059 8690 26225
8690 13059 26225
10162 3592 20111
20111 3592 10162
3592 10162 20111
17304 15168 17541
15168 17304 17541
17541 15168 17304
22808 19333 29796
19333 22808 29796
29796 19333 22808
17628 441 5214
5214 441 17628
441 5214 17628
13334 7376 23313
23313 7376 13334
7376 13334 23313
24786 10381 23622
10381 23622 24786
23622 10381 24786
10783 3890 6616
3890 6616 10783
6616 3890 10783
9536 2759 7826
2759 7826 9536
7826 2759 9536
21539 6652 19551
6652 19551 21539
19551 6652 21539
19257 4443 12059
12059 4443 19257
4443 12059 19257
9775 13091 17997
17997 9775 13091
13091 9775 17997
17689 12983 25208
25208 12983 17689
12983 17689 25208
9782 1497 8689
8689 1497 9782
1497 8689 9782
1033 10774 17028
10774 1033 17028
17028 1033 10774
21840 20801 27601
20801 21840 27601
27601 20801 21840
16296 6834 17844
17844 6834 16296
6834 16296 17844
3396 2437 2606
2606 2437 3396
2437 2606 3396
20970 10929 25345
10929 20970 25345
25345 10929 20970
10348 22075 23153
22075 10348 23153
23153 10348 22075
10056 26789 27171
26789 10056 27171
27171 10056 26789
5505 10965 20198
20198 5505 10965
10965 5505 20198
9917 983 12613
983 9917 12613
12613 983 9917
21809 7162 12669
7162 12669 21809
12669 7162 21809
25258 12476 17567
17567 12476 25258
12476 17567 25258
9915 17152 25913
25913 9915 17152
17152 9915 25913
25815 10522 12690
12690 10522 25815
10522 12690 25815
28807 6729 10326
10326 6729 28807
6729 10326 28807
10210 13910 26140
13910 10210 26140
26140 10210 13910
21856 3970 12304
12304 3970 21856
3970 12304 21856
28952 11186 22853
22853 11186 28952
11186 22853 28952
21729 2209 27658
27658 2209 21729
2209 21729 27658
12587 1417 25873
25873 1417 12587
1417 12587 25873
10006 1601 5999
5999 1601 10006
1601 5999 10006
2684 5718 20211
20211 2684 5718
5718 2684 20211
20509 4973 28050
4973 20509 28050
28050 4973 20509
9626 3157 8718
3157 8718 9626
8718 3157 9626
1563 10233 22430
22430 1563 10233
10233 1563 22430
16595 14451 16321
16321 14451 16595
14451 16321 16595
17526 20414 20572
20572 17526 20414
20414 17526 20572
25401 7286 14815
14815 7286 25401
7286 14815 25401
5769 19026 22233
22233 5769 19026
19026 5769 22233
8152 12183 27481
12183 8152 27481
27481 8152 12183
9941 18607 27630
18607 9941 27630
27630 9941 18607
20019 6668 18984
18984 6668 20019
6668 18984 20019
26184 20810 26967
26967 20810 26184
20810 26184 26967
12031 315 23503
315 12031 23503
23503 315 12031
10287 8438 15060
15060 8438 10287
8438 10287 15060
28184 5146 8012
8012 5146 28184
5146 8012 28184
28224 22279 24327
22279 24327 28224
24327 22279 28224
19059 9221 25276
25276 9221 19059
9221 19059 25276
23244 10244 12161
10244 12161 23244
12161 10244 23244
10892 20786 28788
20786 10892 28788
28788 10892 20786
14507 9876 18177
9876 14507 18177
18177 9876 14507
24677 8570 27751
27751 8570 24677
8570 24677 27751
8380 4913 17706
17706 4913 8380
4913 8380 17706
13108 9082 28364
28364 9082 13108
9082 13108 28364
21123 6458 14806
6458 14806 21123
14806 6458 21123
8903 29677 29907
29677 8903 29907
29907 8903 29677
9923 19650 29525
29525 9923 19650
19650 9923 29525
10752 12849 15832
12849 10752 15832
15832 10752 12849
8938 9734 13344
9734 8938 13344
13344 8938 9734
6265 11123 27329
11123 6265 27329
27329 6265 11123
4318 3175 19636
3175 4318 19636
19636 3175 4318
27910 285 3514
285 3514 27910
3514 285 27910
26827 2293 21358
2293 21358 26827
21358 2293 26827
7317 12537 16996
12537 7317 16996
16996 7317 12537
10966 14160 26713
26713 10966 14160
14160 10966 26713
3588 27239 29231
27239 3588 29231
29231 3588 27239
4523 9576 28213
28213 4523 9576
9576 4523 28213
8709 13116 22951
13116 8709 22951
22951 8709 13116
15065 1434 19663
19663 1434 15065
1434 15065 19663
26319 5058 17725
17725 5058 26319
5058 17725 26319
16383 4992 15240
4992 15240 16383
15240 4992 16383
13815 16892 22986
22986 13815 16892
16892 13815 22986
28324 27881 28976
27881 28324 28976
28976 27881 28324
18279 16167 22086
22086 16167 18279
16167 18279 22086
25571 2467 25287
2467 25287 25571
25287 2467 25571
15441 5757 13878
5757 13878 15441
13878 5757 15441
22716 25434 29409
29409 22716 25434
25434 22716 29409
25728 15196 19402
15196 19402 25728
19402 15196 25728
10738 11431 13082
13082 10738 11431
11431 10738 13082
8531 2580 16139
2580 8531 16139
16139 2580 8531
10562 12197 15047
12197 10562 15047
15047 10562 12197
29213 199 12810
199 12810 29213
12810 199 29213
19345 3850 10442
3850 10442 19345
10442 3850 19345
20401 8229 21286
21286 8229 20401
8229 20401 21286
19058 9686 18616
18616 9686 19058
9686 18616 19058
20141 13134 17829
13134 17829 20141
17829 13134 20141
22271 2795 16158
16158 2795 22271
2795 16158 22271
13941 10588 20791
20791 10588 13941
10588 13941 20791
3067 479 13225
479 3067 13225
13225 479 3067
2878 11143 23528
23528 2878 11143
11143 2878 23528
21303 850 15321
15321 850 21303
850 15321 21303
25191 25486 28931
28931 25191 25486
25486 25191 28931
6832 13137 16222
16222 6832 13137
13137 6832 16222
7661 7780 9624
9624 7661 7780
7780 7661 9624
3904 12619 17504
17504 3904 12619
12619 3904 17504
20560 17002 24687
17002 20560 24687
24687 17002 20560
26382 8118 24234
24234 8118 26382
8118 24234 26382
16422 5875 28924
5875 16422 28924
28924 5875 16422
21908 15758 16051
15758 16051 21908
16051 15758 21908
21992 1331 5771
5771 1331 21992
1331 5771 21992
845 8622 14529
8622 845 14529
14529 845 8622
27972 16459 21764
21764 16459 27972
16459 21764 27972
27140 15709 24763
15709 24763 27140
24763 15709 27140
1027 22204 23341
23341 1027 22204
22204 1027 23341
27367 12830 19177
12830 19177 27367
19177 12830 27367
25633 7591 11557
7591 11557 25633
11557 7591 25633
15238 4417 26607
4417 15238 26607
26607 4417 15238
14414 1408 5019
5019 1408 14414
1408 5019 14414
5509 19244 23195
23195 5509 19244
19244 5509 23195
8338 10932 28543
10932 8338 28543
28543 8338 10932
24002 13365 18132
18132 13365 24002
13365 18132 24002
3568 4342 12413
12413 3568 4342
4342 3568 12413
27447 20888 27377
20888 27377 27447
27377 20888 27447
12923 24012 26148
24012 12923 26148
26148 12923 24012
7327 1253 25019
1253 7327 25019
25019 1253 7327
26985 7445 21646
21646 7445 26985
7445 21646 26985
16377 1065 22562
22562 1065 16377
1065 16377 22562
11481 11482 13132
13132 11481 11482
11482 11481 13132
26074 1906 13413
13413 1906 26074
1906 13413 26074
9057 19349 25976
25976 9057 19349
19349 9057 25976
21435 2111 17568
17568 2111 21435
2111 17568 21435
29106 16656 23426
16656 23426 29106
23426 16656 29106
3070 6486 13341
13341 3070 6486
6486 3070 13341
426 21345 24655
24655 426 21345
21345 426 24655
7018 2870 5527
2870 5527 7018
5527 2870 7018
2153 4967 8345
8345 2153 4967
4967 2153 8345
27501 17874 23079
17874 23079 27501
23079 17874 27501
9264 1937 9224
9224 1937 9264
1937 9224 9264
29349 6798 24462
6798 24462 29349
24462 6798 29349
3565 4074 14051
14051 3565 4074
4074 3565 14051
21452 17457 20964
20964 17457 21452
17457 20964 21452
16358 15323 27935
15323 16358 27935
27935 15323 16358
1224 13984 24408
24408 1224 13984
13984 1224 24408
7777 4393 20362
20362 4393 7777
4393 7777 20362
13679 25889 25911
25911 13679 25889
25889 13679 25911
10495 379 17279
379 10495 17279
17279 379 10495
25260 19880 24624
19880 24624 25260
24624 19880 25260
23908 7038 24123
24123 7038 23908
7038 23908 24123
28146 17294 29941
17294 28146 29941
29941 17294 28146
5496 3035 21351
21351 3035 5496
3035 5496 21351
27829 17297 17575
17297 17575 27829
17575 17297 27829
24374 1703 27014
27014 1703 24374
1703 24374 27014
26972 6544 8809
8809 6544 26972
6544 8809 26972
10705 5170 6754
6754 5170 10705
5170 6754 10705
10246 14350 21163
21163 10246 14350
14350 10246 21163
19924 17229 22749
17229 19924 22749
22749 17229 19924
22570 16162 19262
19262 16162 22570
16162 19262 22570
19164 27633 28679
28679 19164 27633
27633 19164 28679
411 1688 29099
1688 411 29099
29099 411 1688
15082 19128 24430
19128 15082 24430
24430 15082 19128
12543 1399 29466
29466 1399 12543
1399 12543 29466
18448 14185 23516
14185 18448 23516
23516 14185 18448
23511 17482 20976
20976 17482 23511
17482 20976 23511
27978 1295 28398
28398 1295 27978
1295 27978 28398
3039 10364 22252
22252 3039 10364
10364 3039 22252
1655 242 22597
242 1655 22597
22597 242 1655
10991 18630 28378
28378 10991 18630
18630 10991 28378
8719 4822 6649
6649 4822 8719
4822 6649 8719
511 717 13610
13610 511 717
717 511 13610
18721 15457 24231
24231 15457 18721
15457 18721 24231
15485 11472 25862
11472 15485 25862
25862 11472 15485
16708 2015 9122
2015 9122 16708
9122 2015 16708
15603 15207 29470
29470 15207 15603
15207 15603 29470
17041 10690 29539
29539 10690 17041
10690 17041 29539
20138 21342 23525
21342 20138 23525
23525 20138 21342
28686 18674 19123
19123 18674 28686
18674 19123 28686
29250 2539 19381
2539 19381 29250
19381 2539 29250
11332 15078 29295
15078 11332 29295
29295 11332 15078
25205 23635 26735
26735 23635 25205
23635 25205 26735
26941 15109 21222
21222 15109 26941
15109 21222 26941
1847 20089 24697
24697 1847 20089
20089 1847 24697
14702 16631 24824
24824 14702 16631
16631 14702 24824
17553 11668 19100
19100 11668 17553
11668 17553 19100
22052 9031 22022
22022 9031 22052
9031 22022 22052
10298 16123 20904
16123 10298 20904
20904 10298 16123
19188 7638 14417
7638 14417 19188
14417 7638 19188
4456 11284 23374
11284 4456 23374
23374 4456 11284
958 17428 27788
17428 958 27788
27788 958 17428
14948 5747 15576
5747 14948 15576
15576 5747 14948
17195 7884 11839
11839 7884 17195
7884 11839 17195
892 11969 15374
11969 892 15374
15374 892 11969
6435 7705 10367
10367 6435 7705
7705 6435 10367
26491 13102 29015
29015 13102 26491
13102 26491 29015
11679 14818 26006
26006 11679 14818
14818 11679 26006
17373 1478 6876
1478 6876 17373
6876 1478 17373
25393 1594 15948
15948 1594 25393
1594 15948 25393
28047 11932 13709
13709 11932 28047
11932 13709 28047
28222 10931 18097
18097 10931 28222
10931 18097 28222
28393 3000 16736
3000 16736 28393
16736 3000 28393
16802 20616 22215
22215 16802 20616
20616 16802 22215
20539 19464 22990
19464 20539 22990
22990 19464 20539
5137 590 18464
18464 590 5137
590 5137 18464
517 5684 21741
21741 517 5684
5684 517 21741
16525 19294 19853
19853 16525 19294
19294 16525 19853
28109 17484 21524
17484 21524 28109
21524 17484 28109
1373 5255 22908
22908 1373 5255
5255 1373 22908
19655 24088 24602
24602 19655 24088
24088 19655 24602
11355 12153 12222
12153 11355 12222
12222 11355 12153
154 14038 16347
14038 154 16347
16347 154 14038
4843 10394 24464
24464 4843 10394
10394 4843 24464
2823 19774 24740
19774 2823 24740
24740 2823 19774
5737 21669 25584
21669 5737 25584
25584 5737 21669
11479 6737 28945
6737 11479 28945
28945 6737 11479
2277 23480 26557
23480 2277 26557
26557 2277 23480
13393 243 13506
243 13393 13506
13506 243 13393
8954 16655 22933
16655 8954 22933
22933 8954 16655
25948 2946 11006
2946 11006 25948
11006 2946 25948
8359 5749 13499
5749 8359 13499
13499 5749 8359
10184 21626 26291
26291 10184 21626
21626 10184 26291
1529 17155 26460
26460 1529 17155
17155 1529 26460
12718 117 19069
117 12718 19069
19069 117 12718
3124 1061 12378
1061 3124 12378
12378 1061 3124
15763 2138 11600
2138 11600 15763
11600 2138 15763
15574 2604 28993
2604 15574 28993
28993 2604 15574
21206 14723 16368
14723 16368 21206
16368 14723 21206
13289 10297 27340
10297 13289 27340
27340 10297 13289
20832 9704 12103
12103 9704 20832
9704 12103 20832
26969 13550 16712
16712 13550 26969
13550 16712 26969
17616 4178 10822
10822 4178 17616
4178 10822 17616
13100 14483 24024
14483 13100 24024
24024 13100 14483
12261 1804 23451
1804 12261 23451
23451 1804 12261
6955 5970 13800
5970 6955 13800
13800 5970 6955
5074 5876 9870
9870 5074 5876
5876 5074 9870
18053 27001 28410
28410 18053 27001
27001 18053 28410
972 26200 29615
26200 972 29615
29615 972 26200
11007 4974 19951
19951 4974 11007
4974 11007 19951
2714 8368 14008
14008 2714 8368
8368 2714 14008
2253 2144 7703
2144 2253 7703
7703 2144 2253
3721 7933 27654
27654 3721 7933
7933 3721 27654
24249 7089 29754
29754 7089 24249
7089 24249 29754
14189 10681 25121
25121 10681 14189
10681 14189 25121
976 3552 12233
12233 976 3552
3552 976 12233
10595 5902 21509
5902 10595 21509
21509 5902 10595
4210 3362 19302
19302 3362 4210
3362 4210 19302
8455 18183 26076
18183 8455 26076
26076 8455 18183
6977 16587 23597
16587 6977 23597
23597 6977 16587
17599 20607 28666
28666 17599 20607
20607 17599 28666
5635 8618 22230
22230 5635 8618
8618 5635 22230
3730 1259 19125
19125 1259 3730
1259 3730 19125
4259 24733 28278
28278 4259 24733
24733 4259 28278
13833 341 11291
341 11291 13833
11291 341 13833
5158 13226 15445
15445 5158 13226
13226 5158 15445
15643 1036 4590
4590 1036 15643
1036 4590 15643
829 17832 17846
17832 829 17846
17846 829 17832
20422 1700 16179
16179 1700 20422
1700 16179 20422
12390 6394 9485
6394 9485 12390
9485 6394 12390
20849 11698 25830
11698 20849 25830
25830 11698 20849
14321 10502 12837
10502 12837 14321
12837 10502 14321
5472 12313 28429
28429 5472 12313
12313 5472 28429
20329 2633 6915
6915 2633 20329
2633 6915 20329
568 3705 27860
27860 568 3705
3705 568 27860
20066 13234 17481
13234 17481 20066
17481 13234 20066
4529 5921 13937
5921 4529 13937
13937 4529 5921
24320 12789 28461
12789 24320 28461
28461 12789 24320
12595 8063 28893
8063 12595 28893
28893 8063 12595
21627 11494 24243
11494 21627 24243
24243 11494 21627
4522 933 3622
3622 933 4522
933 3622 4522
18851 5071 22581
22581 5071 18851
5071 18851 22581
15443 9499 15946
15946 9499 15443
9499 15443 15946
26162 14793 22255
22255 14793 26162
14793 22255 26162
14795 576 16370
16370 576 14795
576 14795 16370
12356 2228 2723
2228 2723 12356
2723 2228 12356
19154 8233 17851
17851 8233 19154
8233 17851 19154
16564 6431 24695
24695 6431 16564
6431 16564 24695
17728 15772 19568
15772 17728 19568
19568 15772 17728
14446 16047 29032
29032 14446 16047
16047 14446 29032
3345 19911 25583
25583 3345 19911
19911 3345 25583
23615 26029 28716
28716 23615 26029
26029 23615 28716
14929 4602 4690
4602 4690 14929
4690 4602 14929
25536 6380 13295
13295 6380 25536
6380 13295 25536
11850 22509 24701
22509 11850 24701
24701 11850 22509
15835 1607 11576
1607 11576 15835
11576 1607 15835
15507 22273 29139
22273 15507 29139
29139 15507 22273
12192 7150 11898
7150 11898 12192
11898 7150 12192
7727 1528 12870
12870 1528 7727
1528 7727 12870
7623 9674 14123
9674 7623 14123
14123 7623 9674
555 14473 14553
14473 555 14553
14553 555 14473
21275 5052 19530
5052 19530 21275
19530 5052 21275
15503 12302 19321
19321 12302 15503
12302 15503 19321
5130 15655 19119
19119 5130 15655
15655 5130 19119
24856 10573 29766
29766 10573 24856
10573 24856 29766
20892 2451 25463
2451 20892 25463
25463 2451 20892
27139 1765 13133
13133 1765 27139
1765 13133 27139
27937 11785 12898
12898 11785 27937
11785 12898 27937
8512 15800 22789
22789 8512 15800
15800 8512 22789
29589 5773 28214
5773 28214 29589
28214 5773 29589
26258 7493 25464
25464 7493 26258
7493 25464 26258
25684 11840 26687
26687 11840 25684
11840 25684 26687
2845 13077 14180
13077 2845 14180
14180 2845 13077
10556 6664 12105
6664 10556 12105
12105 6664 10556
19253 10322 13006
10322 13006 19253
13006 10322 19253
9533 18839 23247
23247 9533 18839
18839 9533 23247
3262 8926 15308
15308 3262 8926
8926 3262 15308
19276 13839 21602
21602 13839 19276
13839 19276 21602
15271 5207 5572
5207 5572 15271
5572 5207 15271
21749 9096 15206
15206 9096 21749
9096 15206 21749
17418 6804 21053
6804 17418 21053
21053 6804 17418
15122 18650 23024
23024 15122 18650
18650 15122 23024
525 4201 21596
4201 525 21596
21596 525 4201
2008 563 29275
29275 563 2008
563 2008 29275
8601 6898 26814
6898 8601 26814
26814 6898 8601
12680 3203 29831
3203 12680 29831
29831 3203 12680
25295 719 23062
719 23062 25295
23062 719 25295
3027 21667 27175
21667 3027 27175
27175 3027 21667
15233 5694 19493
19493 5694 15233
5694 15233 19493
11805 9302 18552
9302 11805 18552
18552 9302 11805
25462 670 3370
3370 670 25462
670 3370 25462
24344 2566 7848
2566 7848 24344
7848 2566 24344
1908 15170 21374
15170 1908 21374
21374 1908 15170
25363 1867 5363
1867 5363 25363
5363 1867 25363
22829 14260 16584
14260 16584 22829
16584 14260 22829
23619 8874 12887
12887 8874 23619
8874 12887 23619
10194 29286 29699
29699 10194 29286
29286 10194 29699
3192 23102 28325
23102 3192 28325
28325 3192 23102
7145 5395 7995
5395 7145 7995
7995 5395 7145
9425 5335 17095
17095 5335 9425
5335 9425 17095
29404 5494 19832
5494 19832 29404
19832 5494 29404
16953 406 5301
5301 406 16953
406 5301 16953
29247 15989 17578
17578 15989 29247
15989 17578 29247
451 7976 11075
7976 451 11075
11075 451 7976
10023 24735 26830
24735 10023 26830
26830 10023 24735
23495 8766 19423
8766 19423 23495
19423 8766 23495
3929 22518 24356
24356 3929 22518
22518 3929 24356
23786 13631 17169
13631 17169 23786
17169 13631 23786
22024 20612 29840
20612 22024 29840
29840 20612 22024
20011 6339 20302
20302 6339 20011
6339 20011 20302
18320 14396 23923
14396 18320 23923
23923 14396 18320
22693 5468 13818
13818 5468 22693
5468 13818 22693
923 9242 17593
9242 923 17593
17593 923 9242
5309 8177 16310
16310 5309 8177
8177 5309 16310
3066 10824 12259
10824 3066 12259
12259 3066 10824
28121 7937 11023
11023 7937 28121
7937 11023 28121
11647 17992 25558
25558 11647 17992
17992 11647 25558
28024 20784 25640
20784 25640 28024
25640 20784 28024
2527 6529 11605
6529 2527 11605
11605 2527 6529
8540 20338 26281
20338 8540 26281
26281 8540 20338
15253 26144 26907
26144 15253 26907
26907 15253 26144
22544 1848 21182
1848 21182 22544
21182 1848 22544
9525 3676 23868
3676 9525 23868
23868 3676 9525
21195 4217 15345
15345 4217 21195
4217 15345 21195
13593 10500 21443
10500 13593 21443
21443 10500 13593
24259 1382 22799
22799 1382 24259
1382 22799 24259
22536 26820 26829
26820 22536 26829
26829 22536 26820
4618 3956 17836
17836 3956 4618
3956 4618 17836
27636 2836 10431
10431 2836 27636
2836 10431 27636
5428 1156 23790
23790 1156 5428
1156 5428 23790
2303 23146 26003
26003 2303 23146
23146 2303 26003
20076 3608 10226
10226 3608 20076
3608 10226 20076
17217 27953 29116
29116 17217 27953
27953 17217 29116
5133 9283 15223
15223 5133 9283
9283 5133 15223
16851 4809 19639
19639 4809 16851
4809 16851 19639
28170 3228 27877
27877 3228 28170
3228 27877 28170
20726 11314 29785
11314 20726 29785
29785 11314 20726
17213 19943 29215
19943 17213 29215
29215 17213 19943
4545 401 29057
29057 401 4545
401 4545 29057
6953 3266 6481
3266 6481 6953
6481 3266 6953
3578 902 20715
20715 902 3578
902 3578 20715
278 11476 14133
11476 278 14133
14133 278 11476
13067 4630 9733
4630 9733 13067
9733 4630 13067
2791 15241 15495
15241 2791 15495
15495 2791 15241
22421 6488 18696
18696 6488 22421
6488 18696 22421
4970 1686 27833
27833 1686 4970
1686 4970 27833
10954 24870 28853
28853 10954 24870
24870 10954 28853
29384 8873 20121
8873 20121 29384
20121 8873 29384
6288 15789 26695
15789 6288 26695
26695 6288 15789
25817 1037 22878
22878 1037 25817
1037 22878 25817
24451 3299 13955
3299 13955 24451
13955 3299 24451
3336 15663 27718
15663 3336 27718
27718 3336 15663
11801 25740 29377
25740 11801 29377
29377 11801 25740
29729 1609 25499
1609 25499 29729
25499 1609 29729
23107 14201 16860
14201 16860 23107
16860 14201 23107
21389 4620 4782
4782 4620 21389
4620 4782 21389
16105 10860 28017
28017 10860 16105
10860 16105 28017
8121 4560 16867
16867 4560 8121
4560 8121 16867
21812 17785 24721
24721 17785 21812
17785 21812 24721
11830 4771 17270
17270 4771 11830
4771 11830 17270
25992 13269 18704
13269 18704 25992
18704 13269 25992
11211 10332 16502
10332 11211 16502
16502 10332 11211
1864 8528 17958
17958 1864 8528
8528 1864 17958
11480 20911 28971
28971 11480 20911
20911 11480 28971
5044 1611 13698
13698 1611 5044
1611 5044 13698
11681 1371 21337
21337 1371 11681
1371 11681 21337
29908 17016 29701
29701 17016 29908
17016 29701 29908
6628 2953 10978
10978 2953 6628
2953 6628 10978
15400 19092 24110
19092 15400 24110
24110 15400 19092
20100 5151 6551
5151 6551 20100
6551 5151 20100
26640 1297 14241
14241 1297 26640
1297 14241 26640
30 25970 27359
27359 30 25970
25970 30 27359
12713 198 17799
198 12713 17799
17799 198 12713
21349 10178 22411
22411 10178 21349
10178 21349 22411
11248 1565 7581
1565 7581 11248
7581 1565 11248
20518 15041 24872
15041 20518 24872
24872 15041 20518
11064 11058 16054
16054 11058 11064
11058 11064 16054
27547 1891 27007
1891 27007 27547
27007 1891 27547
19155 21229 29338
21229 19155 29338
29338 19155 21229
3303 13766 19674
13766 3303 19674
19674 3303 13766
4187 4762 8706
8706 4187 4762
4762 4187 8706
13554 21011 27917
21011 13554 27917
27917 13554 21011
4216 6632 23234
6632 4216 23234
23234 4216 6632
2452 27695 29744
27695 2452 29744
29744 2452 27695
14991 22572 28697
28697 14991 22572
22572 14991 28697
2346 2210 14695
2210 2346 14695
14695 2210 2346
1730 8935 17913
17913 1730 8935
8935 1730 17913
7681 3783 22713
3783 7681 22713
22713 3783 7681
1900 8505 9395
8505 1900 9395
9395 1900 8505
12829 15748 26311
26311 12829 15748
15748 12829 26311
608 2814 8006
8006 608 2814
2814 608 8006
442 1733 26309
1733 442 26309
26309 442 1733
22524 189 16076
189 16076 22524
16076 189 22524
394 18868 19021
18868 394 19021
19021 394 18868
6615 21332 22486
21332 6615 22486
22486 6615 21332
11325 2081 6494
6494 2081 11325
2081 6494 11325
2740 3339 20768
3339 2740 20768
20768 2740 3339
4229 4240 16932
16932 4229 4240
4240 4229 16932
20349 6082 16810
6082 16810 20349
16810 6082 20349
19217 12997 24293
12997 19217 24293
24293 12997 19217
22871 5528 27468
27468 5528 22871
5528 22871 27468
20735 6519 11769
11769 6519 20735
6519 11769 20735
19592 15453 24479
15453 19592 24479
24479 15453 19592
11396 9501 28942
28942 9501 11396
9501 11396 28942
19086 18281 25219
18281 19086 25219
25219 18281 19086
16938 11640 25658
11640 16938 25658
25658 11640 16938
24379 18629 20200
20200 18629 24379
18629 20200 24379
5470 2018 7167
7167 2018 5470
2018 5470 7167
18221 16463 28102
16463 18221 28102
28102 16463 18221
27872 10015 28322
28322 10015 27872
10015 27872 28322
2847 7391 8243
7391 2847 8243
8243 2847 7391
26919 9210 26376
26376 9210 26919
9210 26376 26919
4553 6045 9399
9399 4553 6045
6045 4553 9399
1406 19433 20467
20467 1406 19433
19433 1406 20467
25903 11443 19448
11443 19448 25903
19448 11443 25903
26884 6383 9073
6383 9073 26884
9073 6383 26884
29871 3841 19738
3841 19738 29871
19738 3841 29871
28326 7578 18367
7578 18367 28326
18367 7578 28326
17834 14384 26278
14384 17834 26278
26278 14384 17834
22942 11370 23087
23087 11370 22942
11370 22942 23087
16846 23012 23926
23926 16846 23012
23012 16846 23926
27957 26120 27204
26120 27204 27957
27204 26120 27957
8029 20798 26552
20798 8029 26552
26552 8029 20798
11719 11791 24326
24326 11719 11791
11791 11719 24326
21331 6200 27112
27112 6200 21331
6200 21331 27112
20866 402 24477
402 20866 24477
24477 402 20866
27250 21428 25389
21428 25389 27250
25389 21428 27250
21943 17642 28739
28739 17642 21943
17642 21943 28739
22315 12258 15896
15896 12258 22315
12258 15896 22315
903 13186 15446
15446 903 13186
13186 903 15446
8943 10898 17268
17268 8943 10898
10898 8943 17268
8224 10181 20016
20016 8224 10181
10181 8224 20016
10401 12787 17674
17674 10401 12787
12787 10401 17674
17531 1516 25738
25738 1516 17531
1516 17531 25738
10674 3022 21165
3022 10674 21165
21165 3022 10674
28798 16285 24639
24639 16285 28798
16285 24639 28798
14790 7405 13617
13617 7405 14790
7405 13617 14790
20748 6354 17886
17886 6354 20748
6354 17886 20748
21909 932 5885
932 5885 21909
5885 932 21909
22591 20731 28766
20731 22591 28766
28766 20731 22591
16315 3398 6202
3398 6202 16315
6202 3398 16315
29225 11908 17754
17754 11908 29225
11908 17754 29225
14033 2041 13879
2041 13879 14033
13879 2041 14033
9561 7213 22756
7213 9561 22756
22756 7213 9561
19940 2979 9343
9343 2979 19940
2979 9343 19940
16555 2114 21848
21848 2114 16555
2114 16555 21848
23853 2469 17275
17275 2469 23853
2469 17275 23853
16688 23831 25495
23831 16688 25495
25495 16688 23831
26324 10152 18568
10152 18568 26324
18568 10152 26324
25405 4689 6547
4689 6547 25405
6547 4689 25405
9712 5802 29400
5802 9712 29400
29400 5802 9712
6640 4595 22711
4595 6640 22711
22711 4595 6640
18962 8694 21191
8694 18962 21191
21191 8694 18962
29132 10506 27581
10506 27581 29132
27581 10506 29132
23114 18013 22936
22936 18013 23114
18013 22936 23114
17809 8472 12733
8472 12733 17809
12733 8472 17809
17786 13043 25620
13043 17786 25620
25620 13043 17786
29996 8792 9821
9821 8792 29996
8792 9821 29996
22149 856 24659
24659 856 22149
856 22149 24659
1135 4744 9679
4744 1135 9679
9679 1135 4744
13783 4984 15933
4984 13783 15933
15933 4984 13783
5317 3556 29713
3556 5317 29713
29713 3556 5317
19794 8414 23994
23994 8414 19794
8414 19794 23994
19730 15969 23894
23894 15969 19730
15969 19730 23894
29961 3951 5165
5165 3951 29961
3951 5165 29961
6619 26538 26826
26826 6619 26538
26538 6619 26826
24737 16771 19823
19823 16771 24737
16771 19823 24737
2940 6981 19768
6981 2940 19768
19768 2940 6981
9313 26646 29951
29951 9313 26646
26646 9313 29951
16152 6506 22869
22869 6506 16152
6506 16152 22869
19195 19273 22275
22275 19195 19273
19273 19195 22275
15017 15928 24428
24428 15017 15928
15928 15017 24428
25905 5050 6428
6428 5050 25905
5050 6428 25905
9040 8481 15653
15653 8481 9040
8481 9040 15653
13812 1392 6293
1392 6293 13812
6293 1392 13812
1201 16192 23228
16192 1201 23228
23228 1201 16192
22763 21207 26675
26675 21207 22763
21207 22763 26675
1035 190 21601
190 1035 21601
21601 190 1035
1880 15213 17923
17923 1880 15213
15213 1880 17923
26748 4189 21142
4189 21142 26748
21142 4189 26748
1826 4466 12381
12381 1826 4466
4466 1826 12381
