355 897 2116
2116 355 897
897 355 2116
1247 2274 2461
2274 1247 2461
2461 1247 2274
1433 1529 2971
2971 1433 1529
1529 1433 2971
1916 1052 2593
1052 1916 2593
2593 1052 1916
2818 41 2993
41 2818 2993
2993 41 2818
1184 2430 2872
2430 1184 2872
2872 1184 2430
1704 1367 2311
1367 1704 2311
2311 1367 1704
2349 496 1324
1324 496 2349
496 1324 2349
2267 135 548
548 135 2267
135 548 2267
949 2150 2356
2356 949 2150
2150 949 2356
2757 2375 2497
2375 2497 2757
2497 2375 2757
2803 21 675
675 21 2803
21 675 2803
2658 904 2232
2232 904 2658
904 2232 2658
1827 786 1681
1681 786 1827
786 1681 1827
238 806 1521
1521 238 806
806 238 1521
1050 152 266
152 266 1050
266 152 1050
877 1171 2175
1171 877 2175
2175 877 1171
2001 226 2418
226 2001 2418
2418 226 2001
584 2169 2948
2948 584 2169
2169 584 2948
746 964 1320
964 746 1320
1320 746 964
1768 1381 1591
1591 1381 1768
1381 1591 1768
2935 19 2183
19 2183 2935
2183 19 2935
395 839 2438
839 395 2438
2438 395 839
686 159 2562
2562 159 686
159 686 2562
165 546 1308
546 165 1308
1308 165 546
1330 905 1453
905 1330 1453
1453 905 1330
1434 1159 2201
2201 1159 1434
1159 1434 2201
2771 780 2793
2793 780 2771
780 2771 2793
1772 2499 2647
2499 1772 2647
2647 1772 2499
1722 1880 2739
1880 1722 2739
2739 1722 1880
1913 488 1527
488 1527 1913
1527 488 1913
225 73 2644
2644 73 225
73 225 2644
1989 643 993
993 643 1989
643 993 1989
2348 555 1700
1700 555 2348
555 1700 2348
1486 1444 2193
1444 1486 2193
2193 1444 1486
1973 689 1810
1810 689 1973
689 1810 1973
1083 1018 1650
1650 1018 1083
1018 1083 1650
2171 1196 2612
2612 1196 2171
1196 2171 2612
2195 388 2060
2060 388 2195
388 2060 2195
1567 2121 2856
2856 1567 2121
2121 1567 2856
340 855 2581
855 340 2581
2581 340 855
954 810 914
810 914 954
914 810 954
2784 180 2008
2008 180 2784
180 2008 2784
2212 413 679
413 679 2212
679 413 2212
633 394 549
394 549 633
549 394 633
1798 59 2335
59 1798 2335
2335 59 1798
295 1505 1941
1505 295 1941
1941 295 1505
1566 1542 1863
1542 1566 1863
1863 1542 1566
2401 420 1122
420 1122 2401
1122 420 2401
2149 8 31
8 31 2149
31 8 2149
2946 220 629
220 629 2946
629 220 2946
1141 1676 2424
1676 1141 2424
2424 1141 1676
651 71 2764
2764 71 651
71 651 2764
2664 695 845
695 845 2664
845 695 2664
344 350 1387
1387 344 350
350 344 1387
2945 175 2030
2030 175 2945
175 2030 2945
1667 1796 2442
2442 1667 1796
1796 1667 2442
1092 532 1006
1006 532 1092
532 1006 1092
2252 628 1613
628 1613 2252
1613 628 2252
2867 742 2070
742 2070 2867
2070 742 2867
2876 25 671
25 671 2876
671 25 2876
2444 887 2717
2717 887 2444
887 2444 2717
1776 2540 2931
2540 1776 2931
2931 1776 2540
2014 1732 2021
1732 2014 2021
2021 1732 2014
2319 1095 2532
2532 1095 2319
1095 2319 2532
2874 2459 2467
2459 2467 2874
2467 2459 2874
1085 1641 2487
1641 1085 2487
2487 1085 1641
2897 40 1421
40 1421 2897
1421 40 2897
971 800 2485
2485 800 971
800 971 2485
1602 687 2167
687 1602 2167
2167 687 1602
2284 1265 2440
1265 2284 2440
2440 1265 2284
1371 2543 2746
2543 1371 2746
2746 1371 2543
1825 1988 2231
2231 1825 1988
1988 1825 2231
286 480 2603
2603 286 480
480 286 2603
2560 267 841
841 267 2560
267 841 2560
397 117 1060
1060 117 397
117 397 1060
1586 562 576
562 576 1586
576 562 1586
2486 2659 2802
2659 2486 2802
2802 2486 2659
1541 631 2643
631 1541 2643
2643 631 1541
813 1409 2916
1409 813 2916
2916 813 1409
2998 476 2110
2110 476 2998
476 2110 2998
2841 1370 2357
2357 1370 2841
1370 2357 2841
1059 888 2005
2005 888 1059
888 1059 2005
1075 697 1658
697 1075 1658
1658 697 1075
1420 515 729
729 515 1420
515 729 1420
2328 1388 2769
1388 2328 2769
2769 1388 2328
1084 727 1537
727 1084 1537
1537 727 1084
560 2241 2716
2241 560 2716
2716 560 2241
2986 2508 2795
2508 2795 2986
2795 2508 2986
425 2200 2515
2515 425 2200
2200 425 2515
2844 719 2387
2387 719 2844
719 2387 2844
1744 2743 2820
2820 1744 2743
2743 1744 2820
1936 2168 2752
2168 1936 2752
2752 1936 2168
2652 1947 1975
1975 1947 2652
1947 1975 2652
1064 66 2672
2672 66 1064
66 1064 2672
2228 297 2685
2685 297 2228
297 2228 2685
2680 240 1295
1295 240 2680
240 1295 2680
901 938 1207
1207 901 938
938 901 1207
101 809 2602
809 101 2602
2602 101 809
1524 153 1494
153 1494 1524
1494 153 1524
1766 1024 1323
1024 1323 1766
1323 1024 1766
1672 2704 2840
2840 1672 2704
2704 1672 2840
455 1001 1363
1363 455 1001
1001 455 1363
1474 856 1151
1151 856 1474
856 1151 1474
1390 1123 1170
1123 1170 1390
1170 1123 1390
558 649 2722
2722 558 649
649 558 2722
315 102 104
104 102 315
102 104 315
2262 669 1192
1192 669 2262
669 1192 2262
1688 1124 1588
1588 1124 1688
1124 1588 1688
285 228 491
228 285 491
491 228 285
2511 2087 2269
2087 2269 2511
2269 2087 2511
1477 563 1403
1403 563 1477
563 1403 1477
215 2613 2926
2613 215 2926
2926 215 2613
956 795 1317
1317 795 956
795 956 1317
489 1340 1970
1340 489 1970
1970 489 1340
1168 1226 2474
1226 1168 2474
2474 1168 1226
471 1601 2132
2132 471 1601
1601 471 2132
2133 859 1100
859 1100 2133
1100 859 2133
2069 275 2099
2099 275 2069
275 2069 2099
398 205 1373
205 398 1373
1373 205 398
1113 1333 1834
1333 1113 1834
1834 1113 1333
2682 874 2637
874 2637 2682
2637 874 2682
2733 2006 2695
2006 2695 2733
2695 2006 2733
2174 1755 2938
1755 2174 2938
2938 1755 2174
2815 1795 2477
1795 2477 2815
2477 1795 2815
2849 1898 2711
1898 2711 2849
2711 1898 2849
1073 2059 2961
2961 1073 2059
2059 1073 2961
526 508 965
965 508 526
508 526 965
2314 86 2728
86 2314 2728
2728 86 2314
2758 1248 1355
1248 1355 2758
1355 1248 2758
533 1091 1706
1091 533 1706
1706 533 1091
195 658 2573
658 195 2573
2573 195 658
1145 144 2483
144 1145 2483
2483 144 1145
1283 2700 2930
2700 1283 2930
2930 1283 2700
1321 1441 1630
1630 1321 1441
1441 1321 1630
88 2034 2518
2034 88 2518
2518 88 2034
2699 857 1683
857 1683 2699
1683 857 2699
2290 599 1742
1742 599 2290
599 1742 2290
1876 1334 1464
1334 1464 1876
1464 1334 1876
1293 1032 2626
2626 1032 1293
1032 1293 2626
713 224 1638
1638 224 713
224 713 1638
2839 1561 2591
2591 1561 2839
1561 2591 2839
2705 1685 2382
1685 2382 2705
2382 1685 2705
1358 1349 2071
2071 1349 1358
1349 1358 2071
1154 682 2297
682 1154 2297
2297 682 1154
1966 798 987
987 798 1966
798 987 1966
959 1383 1642
1642 959 1383
1383 959 1642
170 1287 1450
1287 170 1450
1450 170 1287
2046 1449 2929
2929 1449 2046
1449 2046 2929
2808 460 1971
1971 460 2808
460 1971 2808
217 1635 1705
1705 217 1635
1635 217 1705
2665 1546 2748
1546 2665 2748
2748 1546 2665
1665 978 1841
1841 978 1665
978 1665 1841
516 1148 2389
1148 516 2389
2389 516 1148
572 35 2160
2160 35 572
35 572 2160
2575 1539 2489
2489 1539 2575
1539 2489 2575
1406 321 1016
321 1016 1406
1016 321 1406
1310 1555 2433
1555 1310 2433
2433 1310 1555
1440 977 2609
2609 977 1440
977 1440 2609
2539 519 552
552 519 2539
519 552 2539
2109 688 2361
688 2109 2361
2361 688 2109
45 803 1135
1135 45 803
803 45 1135
730 2620 2997
2620 730 2997
2997 730 2620
1213 1532 2783
2783 1213 1532
1532 1213 2783
2437 270 2653
270 2437 2653
2653 270 2437
1907 1845 1972
1972 1845 1907
1845 1907 1972
360 2140 2824
2140 360 2824
2824 360 2140
2903 1303 2249
1303 2249 2903
2249 1303 2903
659 1086 2035
2035 659 1086
1086 659 2035
316 1125 1309
1309 316 1125
1125 316 1309
1678 24 654
654 24 1678
24 654 1678
2899 655 1809
655 1809 2899
1809 655 2899
991 791 1031
791 991 1031
1031 791 991
1036 400 2458
400 1036 2458
2458 400 1036
972 30 1886
30 972 1886
1886 30 972
2178 1 1801
1 1801 2178
1801 1 2178
1194 326 2589
2589 326 1194
326 1194 2589
862 2429 2816
2429 862 2816
2816 862 2429
2185 255 2213
2213 255 2185
255 2185 2213
259 435 2456
435 259 2456
2456 259 435
78 2531 2902
2531 78 2902
2902 78 2531
911 1643 1882
1643 911 1882
1882 911 1643
1746 100 1756
1756 100 1746
100 1746 1756
2246 542 684
684 542 2246
542 684 2246
973 1553 2630
1553 973 2630
2630 973 1553
2719 851 2386
2386 851 2719
851 2386 2719
1564 436 2833
2833 436 1564
436 1564 2833
711 1469 1854
1469 711 1854
1854 711 1469
536 1562 2782
2782 536 1562
1562 536 2782
1987 2332 2450
2450 1987 2332
2332 1987 2450
1290 600 2085
2085 600 1290
600 1290 2085
1028 756 1865
1865 756 1028
756 1028 1865
2063 975 1040
1040 975 2063
975 1040 2063
2015 1703 1960
1960 1703 2015
1703 1960 2015
1253 779 2805
2805 779 1253
779 1253 2805
1331 1090 1790
1790 1090 1331
1090 1331 1790
2831 1715 2491
1715 2491 2831
2491 1715 2831
304 760 995
760 304 995
995 304 760
738 154 2299
154 738 2299
2299 154 738
302 1993 2785
1993 302 2785
2785 302 1993
2985 2396 2577
2577 2396 2985
2396 2577 2985
2623 952 2847
2847 952 2623
952 2623 2847
1568 76 1842
1842 76 1568
76 1568 1842
38 206 1745
206 38 1745
1745 38 206
1138 849 2534
849 1138 2534
2534 849 1138
2804 903 2229
903 2229 2804
2229 903 2804
2131 2305 2656
2656 2131 2305
2305 2131 2656
2942 77 1069
1069 77 2942
77 1069 2942
685 2528 2615
2528 685 2615
2615 685 2528
967 411 2610
411 967 2610
2610 411 967
2155 338 1812
338 1812 2155
1812 338 2155
1278 2472 2992
2472 1278 2992
2992 1278 2472
1736 1337 1419
1419 1337 1736
1337 1419 1736
724 2588 2933
2933 724 2588
2588 724 2933
1721 1890 2298
1890 1721 2298
2298 1721 1890
1268 712 1698
1698 712 1268
712 1268 1698
930 653 2536
653 930 2536
2536 653 930
789 56 128
56 128 789
128 56 789
627 456 2551
2551 456 627
456 627 2551
1424 51 2838
2838 51 1424
51 1424 2838
678 1385 2809
1385 678 2809
2809 678 1385
2217 2086 2544
2086 2217 2544
2544 2086 2217
1777 1955 2346
1955 1777 2346
2346 1777 1955
1871 753 2036
2036 753 1871
753 1871 2036
2962 254 1156
254 1156 2962
1156 254 2962
883 1033 1895
1895 883 1033
1033 883 1895
276 1844 2345
1844 276 2345
2345 276 1844
2464 2414 2875
2414 2464 2875
2875 2414 2464
1942 404 1428
1428 404 1942
404 1428 1942
2555 39 564
564 39 2555
39 564 2555
759 1172 2674
2674 759 1172
1172 759 2674
2727 528 1081
528 1081 2727
1081 528 2727
1118 1877 2283
2283 1118 1877
1877 1118 2283
2220 1969 2900
2900 1969 2220
1969 2220 2900
1824 1430 2688
2688 1430 1824
1430 1824 2688
314 1920 2135
2135 314 1920
1920 314 2135
766 676 1850
676 766 1850
1850 676 766
1548 1127 1753
1127 1548 1753
1753 1127 1548
1270 642 2327
2327 642 1270
642 1270 2327
2033 1509 1836
1836 1509 2033
1509 1836 2033
2675 1585 1958
1958 1585 2675
1585 1958 2675
720 362 799
362 720 799
799 362 720
7 2322 2504
2322 7 2504
2504 7 2322
2500 1307 2118
1307 2118 2500
2118 1307 2500
1937 602 2315
602 1937 2315
2315 602 1937
715 385 2763
385 715 2763
2763 385 715
2554 453 484
453 484 2554
484 453 2554
2186 58 869
869 58 2186
58 869 2186
2988 1365 1431
1365 1431 2988
1431 1365 2988
984 934 1222
934 984 1222
1222 934 984
1133 335 1872
335 1133 1872
1872 335 1133
2537 1500 2453
2453 1500 2537
1500 2453 2537
82 2247 2829
2247 82 2829
2829 82 2247
1401 429 787
429 787 1401
787 429 1401
2170 196 438
196 438 2170
438 196 2170
2126 1565 2278
2278 1565 2126
1565 2126 2278
647 75 878
878 75 647
75 647 878
1007 1343 2983
1343 1007 2983
2983 1007 1343
1647 234 2417
2417 234 1647
234 1647 2417
1990 707 2275
2275 707 1990
707 1990 2275
199 1108 1294
1294 199 1108
1108 199 1294
2814 176 2342
176 2342 2814
2342 176 2814
1399 283 815
283 815 1399
815 283 1399
365 893 2661
2661 365 893
893 365 2661
444 46 103
103 46 444
46 103 444
121 113 473
473 113 121
113 121 473
10 239 2449
239 10 2449
2449 10 239
2436 1107 2781
2781 1107 2436
1107 2436 2781
1819 811 2470
811 1819 2470
2470 811 1819
1429 1116 2379
1116 1429 2379
2379 1116 1429
1640 386 2884
2884 386 1640
386 1640 2884
325 247 2367
2367 247 325
247 325 2367
2776 2441 2715
2441 2715 2776
2715 2441 2776
2179 1020 1318
1020 1318 2179
1318 1020 2179
976 506 900
900 506 976
506 900 976
2744 664 2974
664 2744 2974
2974 664 2744
2731 1710 2501
2501 1710 2731
1710 2501 2731
475 2425 2559
2559 475 2425
2425 475 2559
2052 408 1096
1096 408 2052
408 1096 2052
1485 352 805
805 352 1485
352 805 1485
2529 1743 2958
1743 2529 2958
2958 1743 2529
1281 1252 2964
2964 1252 1281
1252 1281 2964
1992 702 1769
702 1769 1992
1769 702 1992
1342 169 1626
1626 169 1342
169 1342 1626
2919 440 898
898 440 2919
440 898 2919
1043 699 1457
1457 699 1043
699 1043 1457
1646 2586 2851
2586 1646 2851
2851 1646 2586
1167 581 2932
581 1167 2932
2932 581 1167
166 529 2980
2980 166 529
529 166 2980
2710 502 543
502 543 2710
543 502 2710
474 97 2759
97 474 2759
2759 97 474
2858 1200 2770
1200 2770 2858
2770 1200 2858
370 450 2679
450 370 2679
2679 370 450
2503 1080 1557
1080 1557 2503
1557 1080 2503
2732 84 2147
84 2147 2732
2147 84 2732
2280 288 2291
2291 288 2280
288 2280 2291
708 1093 1261
1093 708 1261
1261 708 1093
2941 1915 2687
2687 1915 2941
1915 2687 2941
1983 1569 2996
1569 1983 2996
2996 1569 1983
709 201 2205
2205 201 709
201 709 2205
986 261 358
358 261 986
261 358 986
1437 431 514
514 431 1437
431 514 1437
1228 1301 2359
2359 1228 1301
1301 1228 2359
393 933 1543
1543 393 933
933 393 1543
875 794 958
958 794 875
794 875 958
1448 218 1868
218 1448 1868
1868 218 1448
589 383 2235
383 589 2235
2235 383 589
2794 575 2051
2051 575 2794
575 2051 2794
188 2412 2657
2412 188 2657
2657 188 2412
1314 616 1354
1354 616 1314
616 1314 1354
866 1410 1487
1410 866 1487
1487 866 1410
929 989 2745
989 929 2745
2745 929 989
1300 454 833
833 454 1300
454 833 1300
2093 1074 2890
2890 1074 2093
1074 2093 2890
2813 280 2601
280 2601 2813
2601 280 2813
561 466 498
498 466 561
466 498 561
520 1622 1808
1808 520 1622
1622 520 1808
1730 1030 2648
1030 1730 2648
2648 1030 1730
1663 494 2524
2524 494 1663
494 1663 2524
212 735 1325
735 212 1325
1325 212 735
2556 1157 2915
2915 1157 2556
1157 2556 2915
461 1478 2337
2337 461 1478
1478 461 2337
2590 1679 2502
1679 2502 2590
2502 1679 2590
172 886 2009
886 172 2009
2009 172 886
2475 130 1857
1857 130 2475
130 1857 2475
5 277 1793
277 5 1793
1793 5 277
734 569 1779
1779 569 734
569 734 1779
1239 538 1639
1639 538 1239
538 1239 1639
1009 2324 2807
2324 1009 2807
2807 1009 2324
54 882 1211
882 54 1211
1211 54 882
1954 1544 2533
2533 1544 1954
1544 1954 2533
2194 210 1510
210 1510 2194
1510 210 2194
896 248 318
318 248 896
248 318 896
1961 1408 2587
2587 1408 1961
1408 1961 2587
728 1741 2128
1741 728 2128
2128 728 1741
1039 1130 2994
1130 1039 2994
2994 1039 1130
2039 1917 2098
1917 2039 2098
2098 1917 2039
1236 43 1582
1582 43 1236
43 1236 1582
1879 1551 2427
2427 1551 1879
1551 1879 2427
962 434 1456
1456 434 962
434 962 1456
1212 758 2542
758 1212 2542
2542 758 1212
1928 1503 1648
1648 1503 1928
1503 1648 1928
1512 1183 2750
1183 1512 2750
2750 1183 1512
2735 341 1142
341 1142 2735
1142 341 2735
2882 2197 2798
2798 2197 2882
2197 2798 2882
2697 1418 2029
1418 2029 2697
2029 1418 2697
837 1277 2216
1277 837 2216
2216 837 1277
582 1153 2354
1153 582 2354
2354 582 1153
2481 2321 2640
2321 2481 2640
2640 2321 2481
2403 1763 2893
2893 1763 2403
1763 2403 2893
138 547 1471
547 138 1471
1471 138 547
2865 583 1959
1959 583 2865
583 1959 2865
1319 323 2768
323 1319 2768
2768 323 1319
423 609 1760
609 423 1760
1760 423 609
2885 140 1933
1933 140 2885
140 1933 2885
1072 802 2480
802 1072 2480
2480 802 1072
2211 345 1362
1362 345 2211
345 1362 2211
945 1714 2309
1714 945 2309
2309 945 1714
322 1120 2331
1120 322 2331
2331 322 1120
2982 537 1592
1592 537 2982
537 1592 2982
1608 16 2065
2065 16 1608
16 1608 2065
2398 6 2608
2608 6 2398
6 2398 2608
337 663 1762
1762 337 663
663 337 1762
150 149 2538
2538 149 150
149 150 2538
18 723 2928
723 18 2928
2928 18 723
2378 501 1088
501 1088 2378
1088 501 2378
2466 2019 2320
2019 2320 2466
2320 2019 2466
605 2156 2966
2966 605 2156
2156 605 2966
1761 559 1462
559 1462 1761
1462 559 1761
1940 640 1447
1447 640 1940
640 1447 1940
1078 2236 2344
2344 1078 2236
2236 1078 2344
2313 142 2443
2443 142 2313
142 2313 2443
534 191 2371
2371 191 534
191 534 2371
1770 92 204
92 204 1770
204 92 1770
2596 1595 3000
3000 1595 2596
1595 2596 3000
1817 244 1858
244 1817 1858
1858 244 1817
231 96 1126
1126 96 231
96 231 1126
1335 615 1631
615 1335 1631
1631 615 1335
710 2176 2600
2600 710 2176
2176 710 2600
2490 2629 2694
2629 2490 2694
2694 2490 2629
2056 1938 2177
1938 2056 2177
2177 1938 2056
1666 865 2677
2677 865 1666
865 1666 2677
867 1867 2775
1867 867 2775
2775 867 1867
1583 1813 2756
1813 1583 2756
2756 1583 1813
2952 200 1051
200 1051 2952
1051 200 2952
714 1660 2081
1660 714 2081
2081 714 1660
185 764 1046
764 185 1046
1046 185 764
2987 1724 2134
2134 1724 2987
1724 2134 2987
405 52 1132
1132 52 405
52 405 1132
2239 2295 2801
2295 2239 2801
2801 2239 2295
607 2038 2303
2303 607 2038
2038 607 2303
2944 1596 2956
1596 2944 2956
2956 1596 2944
2760 916 2286
916 2286 2760
2286 916 2760
1298 1012 1326
1012 1298 1326
1326 1012 1298
324 1351 1995
1995 324 1351
1351 324 1995
937 1137 1352
1352 937 1137
1137 937 1352
829 342 2198
342 829 2198
2198 342 829
884 253 2082
253 884 2082
2082 253 884
1893 401 2317
2317 401 1893
401 1893 2317
2823 919 1117
919 1117 2823
1117 919 2823
2259 1693 2454
2454 1693 2259
1693 2259 2454
26 419 1946
419 26 1946
1946 26 419
381 1262 1780
1780 381 1262
1262 381 1780
925 2164 2701
2701 925 2164
2164 925 2701
2572 835 894
835 894 2572
894 835 2572
1150 430 1999
430 1150 1999
1999 430 1150
2154 1707 2914
1707 2154 2914
2914 1707 2154
994 1077 1994
1994 994 1077
1077 994 1994
2913 282 842
842 282 2913
282 842 2913
1019 203 2969
2969 203 1019
203 1019 2969
2304 1906 2316
2316 1906 2304
1906 2304 2316
356 1397 2142
2142 356 1397
1397 356 2142
1405 635 1902
635 1405 1902
1902 635 1405
1747 1121 1738
1738 1121 1747
1121 1738 1747
2703 300 2336
300 2336 2703
2336 300 2703
701 437 2724
2724 437 701
437 701 2724
2306 1139 1195
1139 1195 2306
1195 1139 2306
2662 339 1974
339 1974 2662
1974 339 2662
2084 209 2779
209 2084 2779
2779 209 2084
2627 1329 2484
1329 2484 2627
2484 1329 2627
1402 921 2696
921 1402 2696
2696 921 1402
858 1197 1396
1197 858 1396
1396 858 1197
1901 2007 2148
2148 1901 2007
2007 1901 2148
1332 64 545
545 64 1332
64 545 1332
618 1175 1215
1215 618 1175
1175 618 1215
459 249 1701
249 459 1701
1701 249 459
1531 79 968
968 79 1531
79 968 1531
1598 1185 1590
1590 1185 1598
1185 1590 1598
2264 1163 1581
1581 1163 2264
1163 1581 2264
147 906 1205
906 147 1205
1205 147 906
1357 970 2611
970 1357 2611
2611 970 1357
69 2020 2691
2020 69 2691
2691 69 2020
119 761 2549
761 119 2549
2549 119 761
2642 93 731
731 93 2642
93 731 2642
312 848 1656
848 312 1656
1656 312 848
1279 28 2842
2842 28 1279
28 1279 2842
705 330 1347
330 705 1347
1347 330 705
2881 1003 2883
2883 1003 2881
1003 2881 2883
2686 1280 2088
2088 1280 2686
1280 2088 2686
1734 145 2947
2947 145 1734
145 1734 2947
357 737 2157
737 357 2157
2157 357 737
550 1473 2189
2189 550 1473
1473 550 2189
926 1356 1697
1356 926 1697
1697 926 1356
931 376 541
541 376 931
376 541 931
168 161 1816
1816 161 168
161 168 1816
996 2265 2702
2265 996 2702
2702 996 2265
2837 133 2479
133 2479 2837
2479 133 2837
2300 1404 2083
1404 2083 2300
2083 1404 2300
2333 1535 2666
2666 1535 2333
1535 2333 2666
2636 820 1873
820 1873 2636
1873 820 2636
1840 2079 2180
2180 1840 2079
2079 1840 2180
2272 1155 2673
1155 2272 2673
2673 1155 2272
2887 336 2107
2107 336 2887
336 2107 2887
1044 1806 2102
2102 1044 1806
1806 1044 2102
87 1263 1945
1263 87 1945
1945 87 1263
1476 1797 2625
2625 1476 1797
1797 1476 2625
2904 704 2592
2592 704 2904
704 2592 2904
192 1789 2293
2293 192 1789
1789 192 2293
9 1193 2753
1193 9 2753
2753 9 1193
587 278 2402
2402 278 587
278 587 2402
807 698 1134
698 807 1134
1134 698 807
578 48 1861
1861 48 578
48 578 1861
1164 2383 2439
2439 1164 2383
2383 1164 2439
2937 1257 1518
1257 1518 2937
1518 1257 2937
510 1041 1488
1041 510 1488
1488 510 1041
2607 110 1944
1944 110 2607
110 1944 2607
1837 1680 2729
2729 1680 1837
1680 1837 2729
2990 1344 1800
1344 1800 2990
1800 1344 2990
1214 265 2954
265 1214 2954
2954 265 1214
1846 762 2507
762 1846 2507
2507 762 1846
1610 1174 2010
1174 1610 2010
2010 1174 1610
1438 1089 2031
1089 1438 2031
2031 1089 1438
838 2261 2995
2995 838 2261
2261 838 2995
817 89 1250
89 817 1250
1250 89 817
105 422 2519
2519 105 422
422 105 2519
1136 1210 2526
2526 1136 1210
1210 1136 2526
1952 1571 2363
1571 1952 2363
2363 1571 1952
1922 2162 2773
2162 1922 2773
2773 1922 2162
2326 187 670
187 670 2326
670 187 2326
1821 940 2973
940 1821 2973
2973 940 1821
2598 850 1599
850 1599 2598
1599 850 2598
2633 237 619
619 237 2633
237 619 2633
1204 127 1259
127 1204 1259
1259 127 1204
2103 844 1312
844 1312 2103
1312 844 2103
2407 577 1289
1289 577 2407
577 1289 2407
1216 1668 2058
1668 1216 2058
2058 1216 1668
531 2255 2276
2255 531 2276
2276 531 2255
347 518 1446
1446 347 518
518 347 1446
1497 1243 2172
1243 1497 2172
2172 1243 1497
899 481 1634
481 899 1634
1634 481 899
1655 1814 2250
1814 1655 2250
2250 1655 1814
250 832 1465
1465 250 832
832 250 1465
1887 876 2478
2478 876 1887
876 1887 2478
2471 61 281
61 281 2471
281 61 2471
2828 1458 2026
1458 2026 2828
2026 1458 2828
623 492 544
544 492 623
492 544 623
793 232 1255
1255 232 793
232 793 1255
1951 148 1659
1659 148 1951
148 1659 1951
2606 999 1727
999 1727 2606
1727 999 2606
513 371 2448
371 513 2448
2448 371 513
2032 751 2420
751 2032 2420
2420 751 2032
645 2253 2641
2253 645 2641
2641 645 2253
227 12 1985
12 227 1985
1985 12 227
1833 424 2119
424 1833 2119
2119 424 1833
293 410 2663
410 293 2663
2663 293 410
157 1062 2924
1062 157 2924
2924 157 1062
2446 268 2778
268 2446 2778
2778 268 2446
118 193 428
193 118 428
428 118 193
2616 1832 1889
1889 1832 2616
1832 1889 2616
2017 95 1297
95 1297 2017
1297 95 2017
556 500 2984
2984 500 556
500 556 2984
535 462 1417
462 535 1417
1417 462 535
1368 1275 2182
2182 1275 1368
1275 1368 2182
2350 132 2599
2599 132 2350
132 2350 2599
1251 1560 2812
1560 1251 2812
2812 1251 1560
716 251 1338
251 716 1338
1338 251 716
306 652 2043
652 306 2043
2043 306 652
497 1751 2049
1751 497 2049
2049 497 1751
163 656 2868
656 163 2868
2868 163 656
141 509 2622
509 141 2622
2622 141 509
1874 1664 2358
2358 1664 1874
1664 1874 2358
1909 1807 2187
2187 1807 1909
1807 1909 2187
721 1384 2152
1384 721 2152
2152 721 1384
1392 2369 2879
2879 1392 2369
2369 1392 2879
2848 816 2011
816 2011 2848
2011 816 2848
2091 614 2923
614 2091 2923
2923 614 2091
468 1389 1921
1921 468 1389
1389 468 1921
2064 364 1558
1558 364 2064
364 1558 2064
2706 2190 2819
2190 2706 2819
2819 2190 2706
1055 167 2737
2737 167 1055
167 1055 2737
1904 1203 2394
1203 1904 2394
2394 1203 1904
2076 137 482
482 137 2076
137 482 2076
757 32 2340
32 757 2340
2340 32 757
873 1628 2224
1628 873 2224
2224 873 1628
594 457 1786
1786 457 594
457 594 1786
2127 1152 2410
1152 2127 2410
2410 1152 2127
366 1572 2888
2888 366 1572
1572 366 2888
1982 1908 2215
1908 1982 2215
2215 1908 1982
1490 447 1472
447 1472 1490
1472 447 1490
2668 2468 2632
2632 2468 2668
2468 2632 2668
2645 617 2553
617 2553 2645
2553 617 2645
198 442 1181
1181 198 442
442 198 1181
2204 1106 2943
1106 2204 2943
2943 1106 2204
1374 1147 1556
1147 1374 1556
1556 1147 1374
2203 1282 2165
1282 2165 2203
2165 1282 2203
194 2281 2649
2649 194 2281
2281 194 2649
155 774 1967
774 155 1967
1967 155 774
870 797 2476
2476 797 870
797 870 2476
922 571 1619
1619 571 922
571 922 1619
814 565 804
804 565 814
565 804 814
2740 382 1669
1669 382 2740
382 1669 2740
173 819 2325
819 173 2325
2325 173 819
1636 329 1432
1432 329 1636
329 1432 1636
749 272 2761
2761 272 749
272 749 2761
2428 923 1104
923 1104 2428
1104 923 2428
1835 1229 2421
1229 1835 2421
2421 1229 1835
1520 72 942
72 942 1520
942 72 1520
2447 522 2037
2037 522 2447
522 2037 2447
2576 1662 1883
1883 1662 2576
1662 1883 2576
1166 511 918
511 918 1166
918 511 1166
812 1758 1860
1860 812 1758
1758 812 1860
2245 2124 2435
2435 2124 2245
2124 2245 2435
2077 1176 2405
1176 2077 2405
2405 1176 2077
2822 979 1528
1528 979 2822
979 1528 2822
2514 470 1759
1759 470 2514
470 1759 2514
660 1570 2362
1570 660 2362
2362 660 1570
624 626 1232
1232 624 626
626 624 1232
843 1398 2889
2889 843 1398
1398 843 2889
634 912 2557
2557 634 912
912 634 2557
2308 1839 2106
2106 1839 2308
1839 2106 2308
91 1359 2972
1359 91 2972
2972 91 1359
274 1173 1242
1242 274 1173
1173 274 1242
2949 1452 1653
1653 1452 2949
1452 1653 2949
579 596 2226
2226 579 596
596 579 2226
2860 1495 1829
1829 1495 2860
1495 1829 2860
1925 2073 2880
2073 1925 2880
2880 1925 2073
1178 111 1862
1862 111 1178
111 1178 1862
641 744 1380
744 641 1380
1380 641 744
1580 1008 2517
1008 1580 2517
2517 1008 1580
1455 2561 2978
2978 1455 2561
2561 1455 2978
2621 499 1712
499 1712 2621
1712 499 2621
477 2061 2266
2061 477 2266
2266 477 2061
2498 2 980
980 2 2498
2 980 2498
81 1847 2871
2871 81 1847
1847 81 2871
1225 1112 1339
1339 1112 1225
1112 1225 1339
2951 1791 1929
1791 1929 2951
1929 1791 2951
790 521 2570
2570 521 790
521 790 2570
1593 2080 2741
2080 1593 2741
2741 1593 2080
928 1158 2248
1158 928 2248
2248 928 1158
367 83 380
380 83 367
83 367 380
202 1483 1600
1483 202 1600
1600 202 1483
1540 162 1353
162 1353 1540
1353 162 1540
2415 472 1538
472 1538 2415
1538 472 2415
733 1436 2708
2708 733 1436
1436 733 2708
2857 2144 2907
2907 2144 2857
2144 2857 2907
1372 796 1981
1981 796 1372
796 1372 1981
703 134 1778
1778 134 703
134 703 1778
910 755 1690
1690 755 910
755 910 1690
1231 184 2825
184 1231 2825
2825 184 1231
2791 1322 1748
1748 1322 2791
1322 1748 2791
638 1128 1577
1128 638 1577
1577 638 1128
2053 1187 2028
1187 2028 2053
2028 1187 2053
1233 1219 1866
1866 1219 1233
1219 1233 1866
320 313 2787
2787 313 320
313 320 2787
1823 1054 2294
2294 1054 1823
1054 1823 2294
310 948 1217
948 310 1217
1217 310 948
1045 1782 1926
1782 1045 1926
1926 1045 1782
1611 1005 1071
1071 1005 1611
1005 1071 1611
1454 14 1177
1177 14 1454
14 1177 1454
1149 2565 2582
2582 1149 2565
2565 1149 2582
966 808 939
939 808 966
808 939 966
427 1729 2166
1729 427 2166
2166 427 1729
287 479 677
479 287 677
677 287 479
568 2209 2660
2209 568 2660
2660 568 2209
1094 2351 2583
2583 1094 2351
2351 1094 2583
2777 1061 2670
1061 2670 2777
2670 1061 2777
1316 11 197
197 11 1316
11 197 1316
146 625 2651
625 146 2651
2651 146 625
951 523 2548
523 951 2548
2548 523 951
648 920 1632
1632 648 920
920 648 1632
1244 235 1400
1400 235 1244
235 1244 1400
1386 1754 2112
1754 1386 2112
2112 1386 1754
116 389 2628
389 116 2628
2628 116 389
1579 1533 1881
1533 1579 1881
1881 1533 1579
754 1717 2909
1717 754 2909
2909 754 1717
112 1515 2736
2736 112 1515
1515 112 2736
1115 241 245
245 241 1115
241 245 1115
2296 604 2191
604 2191 2296
2191 604 2296
2153 692 885
692 885 2153
885 692 2153
2989 1482 1605
1482 1605 2989
1605 1482 2989
2835 1014 2713
2713 1014 2835
1014 2713 2835
2975 852 2460
2460 852 2975
852 2460 2975
2568 273 2505
273 2505 2568
2505 273 2568
593 2123 2492
2123 593 2492
2492 593 2123
765 1103 1991
1991 765 1103
1103 765 1991
2959 2218 2854
2218 2854 2959
2854 2218 2959
469 527 1594
527 469 1594
1594 469 527
726 332 2151
332 726 2151
2151 332 726
189 505 2366
505 189 2366
2366 189 505
1948 1182 2376
1182 1948 2376
2376 1182 1948
2965 1426 2939
2939 1426 2965
1426 2939 2965
2595 696 890
890 696 2595
696 890 2595
409 2101 2158
2101 409 2158
2158 409 2101
630 586 776
776 586 630
586 630 776
1820 557 2751
557 1820 2751
2751 557 1820
1931 540 1361
540 1361 1931
1361 540 1931
2411 891 2136
891 2136 2411
2136 891 2411
171 1013 1885
1013 171 1885
1885 171 1013
2999 667 2184
667 2184 2999
2184 667 2999
2233 831 2040
2040 831 2233
831 2040 2233
443 2413 2655
2655 443 2413
2413 443 2655
1773 1328 1691
1328 1691 1773
1691 1328 1773
741 525 2161
2161 525 741
525 741 2161
292 902 1932
902 292 1932
1932 292 902
2072 252 1285
1285 252 2072
252 1285 2072
992 1238 2567
2567 992 1238
1238 992 2567
770 2067 2749
2749 770 2067
2067 770 2749
1838 2388 2455
2455 1838 2388
2388 1838 2455
1633 483 1302
1302 483 1633
483 1302 1633
1934 34 1775
1775 34 1934
34 1775 1934
1249 1256 1998
1998 1249 1256
1256 1249 1998
1884 1849 1914
1914 1849 1884
1849 1884 1914
646 1267 2097
2097 646 1267
1267 646 2097
1554 1161 1843
1161 1554 1843
1843 1161 1554
2023 264 1696
1696 264 2023
264 1696 2023
2395 1366 2125
2125 1366 2395
1366 2125 2395
2432 822 2271
2271 822 2432
822 2271 2432
182 2044 2709
2709 182 2044
2044 182 2709
2864 1162 1346
1162 1346 2864
1346 1162 2864
1004 2578 2855
2578 1004 2855
2855 1004 2578
2571 343 372
372 343 2571
343 372 2571
13 661 2638
661 13 2638
2638 13 661
2431 414 1851
1851 414 2431
414 1851 2431
2120 242 2619
2619 242 2120
242 2120 2619
233 333 1427
1427 233 333
333 233 1427
2391 222 2041
2041 222 2391
222 2041 2391
2676 271 2192
2192 271 2676
271 2192 2676
608 1296 1305
1305 608 1296
1296 608 1305
1315 375 1499
1499 375 1315
375 1315 1499
126 2552 2960
2960 126 2552
2552 126 2960
221 785 2163
2163 221 785
785 221 2163
1899 432 1794
432 1794 1899
1794 432 1899
1968 108 1979
108 1968 1979
1979 108 1968
2852 1984 2767
2767 1984 2852
1984 2767 2852
1545 601 1720
1720 601 1545
601 1545 1720
2631 1480 2173
1480 2173 2631
2173 1480 2631
1146 598 621
598 621 1146
621 598 1146
1977 881 2810
2810 881 1977
881 1977 2810
1165 665 1459
1459 665 1165
665 1165 1459
2545 981 1997
1997 981 2545
981 1997 2545
449 1644 1896
1644 449 1896
1896 449 1644
1475 2145 2836
2836 1475 2145
2145 1475 2836
2580 2506 2747
2747 2506 2580
2506 2580 2747
1435 1506 2681
2681 1435 1506
1506 1435 2681
223 1709 2669
2669 223 1709
1709 223 2669
183 636 1000
1000 183 636
636 183 1000
458 2334 2734
2334 458 2734
2734 458 2334
490 346 1978
346 490 1978
1978 346 490
2457 44 99
99 44 2457
44 99 2457
1514 1604 2012
1604 1514 2012
2012 1514 1604
1828 158 1699
1699 158 1828
158 1699 1828
846 773 2720
773 846 2720
2720 773 846
1360 1522 2861
1522 1360 2861
2861 1360 1522
2279 305 2024
2024 305 2279
305 2024 2279
4 828 1235
828 4 1235
1235 4 828
2225 530 2547
530 2225 2547
2547 530 2225
1897 1726 2122
1726 1897 2122
2122 1726 1897
1021 997 2981
2981 997 1021
997 1021 2981
1996 681 1878
681 1878 1996
1878 681 1996
1186 1695 1735
1695 1186 1735
1735 1186 1695
2105 1859 2196
1859 2105 2196
2196 1859 2105
403 935 2742
2742 403 935
935 403 2742
37 1498 1576
1498 37 1576
1576 37 1498
1099 57 2512
57 1099 2512
2512 57 1099
1804 311 2130
2130 311 1804
311 1804 2130
1109 736 777
736 777 1109
777 736 1109
1101 131 1015
1015 131 1101
131 1015 1101
2288 1513 2789
2789 1513 2288
1513 2288 2789
2920 106 368
106 368 2920
368 106 2920
1614 303 722
722 303 1614
303 722 1614
553 349 1375
1375 349 553
349 553 1375
2117 309 1348
309 1348 2117
1348 309 2117
2912 763 2469
763 2469 2912
2469 763 2912
1273 115 2892
115 1273 2892
2892 115 1273
1048 1025 1119
1119 1025 1048
1025 1048 1119
2227 243 1439
1439 243 2227
243 1439 2227
2222 246 1047
246 1047 2222
1047 246 2222
1799 908 1677
1677 908 1799
908 1677 1799
299 1068 2352
2352 299 1068
1068 299 2352
379 22 1160
1160 22 379
22 379 1160
2068 2341 2462
2341 2068 2462
2462 2068 2341
1492 2219 2268
2219 1492 2268
2268 1492 2219
1694 913 1276
1276 913 1694
913 1276 1694
151 570 1733
1733 151 570
570 151 1733
1076 465 2850
2850 465 1076
465 1076 2850
495 775 1957
1957 495 775
775 495 1957
256 2104 2243
2243 256 2104
2104 256 2243
1536 932 2263
2263 932 1536
932 1536 2263
700 960 1463
960 700 1463
1463 700 960
1523 1391 1661
1661 1391 1523
1391 1523 1661
1930 1606 2282
1606 1930 2282
2282 1606 1930
2230 1803 2894
2894 1803 2230
1803 2230 2894
740 216 2078
216 740 2078
2078 216 740
2712 378 2617
378 2617 2712
2617 378 2712
1573 229 657
657 229 1573
229 657 1573
452 1481 1818
1818 452 1481
1481 452 1818
783 1029 2646
1029 783 2646
2646 783 1029
55 772 2013
2013 55 772
772 55 2013
2406 418 1764
418 1764 2406
1764 418 2406
1609 2258 2550
2258 1609 2550
2550 1609 2258
895 179 2579
179 895 2579
2579 179 895
1258 1784 2970
2970 1258 1784
1784 1258 2970
879 136 2796
2796 136 879
136 879 2796
33 1802 2738
1802 33 2738
2738 33 1802
2408 957 1625
1625 957 2408
957 1625 2408
2564 1526 2527
1526 2527 2564
2527 1526 2564
1382 943 2473
943 1382 2473
2473 943 1382
2373 2042 2614
2042 2373 2614
2614 2042 2373
825 1269 2594
1269 825 2594
2594 825 1269
988 1508 1949
1949 988 1508
1508 988 1949
1774 1783 2188
1783 1774 2188
2188 1774 1783
291 208 1912
208 291 1912
1912 208 291
1445 1612 2799
2799 1445 1612
1612 1445 2799
2066 732 2522
2522 732 2066
732 2066 2522
2853 1787 2493
2493 1787 2853
1787 2493 2853
1853 294 612
294 612 1853
612 294 1853
588 824 2918
824 588 2918
2918 588 824
1288 950 2905
2905 950 1288
950 1288 2905
1042 1589 2516
2516 1042 1589
1589 1042 2516
2684 574 2922
2922 574 2684
574 2684 2922
1272 1105 2650
2650 1105 1272
1105 1272 2650
2159 1502 2025
1502 2025 2159
2025 1502 2159
257 1306 2827
1306 257 2827
2827 257 1306
2510 662 706
706 662 2510
662 706 2510
1963 2886 2936
2936 1963 2886
2886 1963 2936
2244 784 1026
1026 784 2244
784 1026 2244
2054 847 2495
847 2054 2495
2495 847 2054
771 1037 1451
1037 771 1451
1451 771 1037
2238 2339 2906
2906 2238 2339
2339 2238 2906
2003 1271 1461
1271 1461 2003
1461 1271 2003
90 941 982
982 90 941
941 90 982
1274 1191 2585
1191 1274 2585
2585 1191 1274
1673 1369 2092
2092 1369 1673
1369 1673 2092
801 1102 2811
2811 801 1102
1102 801 2811
2381 1702 2755
1702 2381 2755
2755 1702 2381
1254 1327 2967
1327 1254 2967
2967 1254 1327
2878 622 1943
1943 622 2878
622 1943 2878
1491 70 963
963 70 1491
70 963 1491
944 1507 1550
1507 944 1550
1550 944 1507
1241 2138 2385
2138 1241 2385
2385 1241 2138
2859 1131 1905
1131 1905 2859
1905 1131 2859
1311 1227 2392
1227 1311 2392
2392 1227 1311
554 1919 2689
1919 554 2689
2689 554 1919
818 782 1654
1654 782 818
782 818 1654
2832 129 2434
129 2434 2832
2434 129 2832
1246 821 2488
2488 821 1246
821 1246 2488
1407 1206 1237
1206 1237 1407
1237 1206 1407
1129 441 1875
441 1129 1875
1875 441 1129
2404 289 2292
289 2292 2404
2292 289 2404
1651 1056 1781
1781 1056 1651
1056 1651 1781
2541 1549 2891
1549 2541 2891
2891 1549 2541
260 620 2360
2360 260 620
620 260 2360
551 1822 2896
1822 551 2896
2896 551 1822
207 1911 2530
1911 207 2530
2530 207 1911
331 953 1496
953 331 1496
1496 331 953
1411 421 2338
2338 421 1411
421 1411 2338
2482 693 1189
1189 693 2482
693 1189 2482
1199 1534 2277
1534 1199 2277
2277 1199 1534
1731 1652 2772
2772 1652 1731
1652 1731 2772
1470 1377 1785
1377 1470 1785
1785 1377 1470
2202 1460 1578
1460 1578 2202
1578 1460 2202
1603 861 2690
861 1603 2690
2690 861 1603
279 1517 2901
2901 279 1517
1517 279 2901
2558 334 748
748 334 2558
334 748 2558
412 955 1110
955 412 1110
1110 412 955
2968 1198 2817
2817 1198 2968
1198 2817 2968
2465 23 1516
23 1516 2465
1516 23 2465
214 463 1624
463 214 1624
1624 214 463
478 296 2251
296 478 2251
2251 296 478
486 1627 1723
1723 486 1627
1627 486 1723
1616 826 1689
1689 826 1616
826 1616 1689
353 2374 2766
2374 353 2766
2766 353 2374
2911 1304 2976
2976 1304 2911
1304 2911 2976
834 178 1686
1686 178 834
178 834 1686
2826 927 1221
927 1221 2826
1221 927 2826
2910 446 990
990 446 2910
446 990 2910
1017 213 433
213 433 1017
433 213 1017
2260 650 2270
650 2260 2270
2270 650 2260
139 1180 2671
1180 139 2671
2671 139 1180
1986 2800 2870
2870 1986 2800
2800 1986 2870
1708 1629 2921
1629 1708 2921
2921 1629 1708
123 94 464
464 94 123
94 123 464
2074 1082 2090
1082 2074 2090
2090 1082 2074
1864 1466 1740
1466 1740 1864
1740 1466 1864
1711 2004 2199
2004 1711 2199
2199 1711 2004
585 947 1224
1224 585 947
947 585 1224
2908 27 573
573 27 2908
27 573 2908
2730 319 2289
2289 319 2730
319 2289 2730
2318 269 2698
2698 269 2318
269 2318 2698
1692 2380 2898
2380 1692 2898
2898 1692 2380
1976 590 2287
590 1976 2287
2287 590 1976
1657 507 769
769 507 1657
507 769 1657
946 1220 1313
1313 946 1220
1220 946 1313
747 493 1058
1058 493 747
493 747 1058
2927 2254 2368
2254 2368 2927
2368 2254 2927
1169 50 1202
1202 50 1169
50 1169 1202
1479 1511 1682
1511 1479 1682
1682 1479 1511
2419 236 1675
236 1675 2419
1675 236 2419
392 668 1674
1674 392 668
668 392 1674
2416 1412 2535
1412 2416 2535
2535 1412 2416
644 1266 2765
1266 644 2765
2765 644 1266
1888 1425 2329
1425 1888 2329
2329 1425 1888
524 65 2846
2846 65 524
65 524 2846
1725 177 2095
2095 177 1725
177 1725 2095
2509 864 2143
864 2143 2509
2143 864 2509
917 1049 1291
1049 917 1291
1291 917 1049
595 107 2566
107 595 2566
2566 107 595
2584 1079 2426
2426 1079 2584
1079 2426 2584
1065 2721 2774
2774 1065 2721
2721 1065 2774
1027 1070 2605
2605 1027 1070
1070 1027 2605
2925 1098 2062
1098 2062 2925
2062 1098 2925
1223 363 637
637 363 1223
363 637 1223
1010 348 907
348 907 1010
907 348 1010
1299 20 860
860 20 1299
20 860 1299
2445 74 1815
74 1815 2445
1815 74 2445
2096 301 2256
2256 301 2096
301 2096 2256
1264 1038 2451
2451 1038 1264
1038 1264 2451
2991 1493 2139
2139 1493 2991
1493 2139 2991
1574 42 122
42 122 1574
122 42 1574
985 892 1927
1927 892 985
892 985 1927
2285 36 983
983 36 2285
36 983 2285
1034 1757 2307
1757 1034 2307
2307 1034 1757
1935 63 2301
2301 63 1935
63 1935 2301
739 29 1245
29 739 1245
1245 29 739
2452 1414 1575
1414 1575 2452
1575 1414 2452
417 369 1201
369 417 1201
1201 369 417
2955 998 2963
2963 998 2955
998 2955 2963
1900 1140 2423
2423 1140 1900
1140 1900 2423
2206 67 1230
1230 67 2206
67 1230 2206
2797 1234 2862
1234 2797 2862
2862 1234 2797
1519 823 1980
823 1519 1980
1980 823 1519
2223 1144 1670
1670 1144 2223
1144 1670 2223
2790 143 361
143 361 2790
361 143 2790
592 1811 2523
2523 592 1811
1811 592 2523
1002 672 1395
1395 672 1002
672 1002 1395
407 871 1965
871 407 1965
1965 407 871
683 2210 2786
2786 683 2210
2210 683 2786
1416 1260 2618
1260 1416 2618
2618 1260 1416
2050 725 2624
725 2050 2624
2624 725 2050
1022 2207 2323
2323 1022 2207
2207 1022 2323
1413 120 2934
120 1413 2934
2934 120 1413
1525 114 1771
114 1525 1771
1771 114 1525
47 504 2917
2917 47 504
504 47 2917
1467 880 1607
1607 880 1467
880 1467 1607
1530 327 1645
327 1530 1645
1645 327 1530
2723 156 2639
2639 156 2723
156 2639 2723
1805 1393 1856
1856 1393 1805
1393 1805 1856
124 1504 2027
2027 124 1504
1504 124 2027
840 752 2806
752 840 2806
2806 752 840
2869 2115 2877
2877 2115 2869
2115 2869 2877
969 768 781
768 781 969
781 768 969
2302 836 1903
836 1903 2302
1903 836 2302
613 1023 2075
2075 613 1023
1023 613 2075
1615 2409 2654
2654 1615 2409
2409 1615 2654
1830 354 1855
1855 354 1830
354 1830 1855
62 406 1792
1792 62 406
406 62 1792
2957 690 1489
690 1489 2957
1489 690 2957
2100 1422 1559
1559 1422 2100
1422 1559 2100
2048 1892 1962
1962 1892 2048
1892 1962 2048
610 512 1501
512 610 1501
1501 512 610
1684 1011 2055
1011 1684 2055
2055 1011 1684
263 603 2525
2525 263 603
603 263 2525
373 1964 2422
1964 373 2422
2422 373 1964
391 567 2393
567 391 2393
2393 391 567
611 827 2953
827 611 2953
2953 611 827
961 164 2377
164 961 2377
2377 164 961
2137 2707 2863
2863 2137 2707
2707 2137 2863
2022 445 2726
2726 445 2022
445 2022 2726
863 351 1379
351 863 1379
1379 351 863
2343 15 1378
1378 15 2343
15 1378 2343
2370 1713 1869
1869 1713 2370
1713 1869 2370
778 2114 2364
2114 778 2364
2364 778 2114
2347 307 1826
1826 307 2347
307 1826 2347
1894 1563 2569
1563 1894 2569
2569 1563 1894
190 290 1687
290 190 1687
1687 190 290
1584 1087 2950
1087 1584 2950
2950 1087 1584
2754 1891 2845
2845 1891 2754
1891 2754 2845
2111 181 854
181 854 2111
854 181 2111
211 2692 2834
2692 211 2834
2834 211 2692
2384 1924 2683
2683 1924 2384
1924 2384 2683
2718 1637 1956
1637 1956 2718
1956 1637 2718
1067 160 377
377 160 1067
160 377 1067
2866 2693 2977
2977 2693 2866
2693 2866 2977
1345 98 426
426 98 1345
98 426 1345
2089 230 2762
230 2089 2762
2762 230 2089
1718 2365 2792
2365 1718 2792
2792 1718 2365
1547 718 2273
718 1547 2273
2273 718 1547
868 1336 1468
1468 868 1336
1336 868 1468
2574 1618 2353
1618 2353 2574
2353 1618 2574
2714 328 1111
1111 328 2714
328 1111 2714
2390 639 2780
639 2390 2780
2780 639 2390
2463 1218 2597
2597 1218 2463
1218 2463 2597
591 2057 2372
2057 591 2372
2372 591 2057
680 186 1376
1376 186 680
186 680 1376
125 258 2520
2520 125 258
258 125 2520
1097 1737 2634
2634 1097 1737
1737 1097 2634
1587 402 2725
2725 402 1587
402 1587 2725
1035 1188 1621
1188 1035 1621
1621 1035 1188
1552 1848 2979
1848 1552 2979
2979 1552 1848
1671 262 298
262 298 1671
298 262 1671
872 1739 1870
1870 872 1739
1739 872 1870
387 109 566
566 109 387
109 387 566
2940 384 1209
384 1209 2940
1209 384 2940
694 396 2635
2635 396 694
396 694 2635
1918 717 1292
717 1292 1918
1292 717 1918
448 2045 2113
2045 448 2113
2113 448 2045
1240 317 691
317 691 1240
691 317 1240
1179 517 1719
517 1179 1719
1719 517 1179
1286 308 1415
308 1286 1415
1415 308 1286
