286 149 231
231 149 286
149 231 286
186 18 155
155 18 186
18 155 186
205 41 183
41 183 205
183 41 205
113 66 74
74 66 113
66 74 113
143 148 179
148 143 179
179 143 148
88 55 114
55 88 114
114 55 88
100 22 187
22 100 187
187 22 100
245 11 234
234 11 245
11 234 245
246 105 223
105 223 246
223 105 246
62 73 295
295 62 73
73 62 295
258 60 67
60 67 258
67 60 258
39 123 206
123 39 206
206 39 123
204 110 249
110 204 249
249 110 204
16 102 185
102 16 185
185 16 102
112 228 292
228 112 292
292 112 228
184 58 172
172 58 184
58 172 184
89 1 213
213 1 89
1 89 213
4 13 261
13 4 261
261 4 13
42 268 296
268 42 296
296 42 268
77 33 44
33 44 77
44 33 77
125 229 290
229 125 290
290 125 229
166 26 266
26 166 266
266 26 166
226 76 151
76 151 226
151 76 226
35 12 107
107 12 35
12 35 107
30 111 224
111 30 224
224 30 111
282 7 132
7 132 282
132 7 282
95 27 277
277 27 95
27 95 277
131 91 214
214 91 131
91 131 214
201 221 269
221 201 269
269 201 221
93 53 90
90 53 93
53 90 93
56 68 165
165 56 68
68 56 165
190 285 287
285 190 287
287 190 285
209 17 29
17 29 209
29 17 209
98 31 126
126 31 98
31 98 126
135 116 220
116 135 220
220 116 135
275 92 136
136 92 275
92 136 275
79 146 167
167 79 146
146 79 167
180 86 181
181 86 180
86 180 181
138 142 237
237 138 142
142 138 237
203 75 288
288 75 203
75 203 288
49 51 251
51 49 251
251 49 51
210 71 144
71 144 210
144 71 210
20 47 163
47 20 163
163 20 47
230 52 271
52 230 271
271 52 230
291 193 298
193 291 298
298 193 291
158 48 177
177 48 158
48 158 177
257 2 54
54 2 257
2 54 257
256 130 260
130 256 260
260 130 256
218 192 276
192 218 276
276 192 218
82 147 200
200 82 147
147 82 200
6 173 199
199 6 173
173 6 199
156 14 99
14 99 156
99 14 156
208 96 120
96 120 208
120 96 208
121 45 299
45 121 299
299 45 121
63 80 159
80 63 159
159 63 80
232 50 212
50 212 232
212 50 232
3 24 216
216 3 24
24 3 216
40 21 61
21 40 61
61 21 40
101 157 176
176 101 157
157 101 176
238 64 153
64 153 238
153 64 238
263 169 198
169 198 263
198 169 263
83 174 178
178 83 174
174 83 178
253 37 161
161 37 253
37 161 253
196 106 115
106 115 196
115 106 196
274 168 281
281 168 274
168 274 281
265 72 280
72 265 280
280 72 265
81 118 239
239 81 118
118 81 239
197 43 264
43 197 264
264 43 197
36 254 267
254 36 267
267 36 254
46 28 170
170 28 46
28 46 170
94 127 188
127 94 188
188 94 127
182 57 84
57 84 182
84 57 182
109 145 289
145 109 289
289 109 145
236 9 108
9 108 236
108 9 236
141 10 227
227 10 141
10 141 227
252 103 124
103 124 252
124 103 252
15 134 215
215 15 134
134 15 215
247 19 272
19 247 272
272 19 247
65 211 262
262 65 211
211 65 262
222 104 240
104 222 240
240 104 222
122 5 150
150 5 122
5 122 150
119 175 225
175 119 225
225 119 175
189 242 283
242 189 283
283 189 242
194 129 255
129 194 255
255 129 194
137 34 97
34 97 137
97 34 137
128 202 293
202 128 293
293 128 202
233 171 270
270 171 233
171 233 270
87 8 32
32 8 87
8 32 87
259 140 279
140 259 279
279 140 259
195 217 297
297 195 217
217 195 297
278 69 219
69 219 278
219 69 278
294 25 207
207 25 294
25 207 294
244 38 235
235 38 244
38 235 244
23 152 300
300 23 152
152 23 300
117 85 243
85 117 243
243 85 117
139 160 248
160 139 248
248 139 160
70 59 133
59 70 133
133 59 70
162 164 273
164 162 273
273 162 164
241 78 250
250 78 241
78 241 250
154 191 284
284 154 191
191 154 284
