223 70 289
70 223 289
289 70 223
208 18 177
177 18 208
18 177 208
157 62 275
275 62 157
62 157 275
284 125 272
272 125 284
125 272 284
181 8 43
43 8 181
8 43 181
141 174 213
213 141 174
174 141 213
16 116 202
116 16 202
202 16 116
222 58 130
130 58 222
58 130 222
236 30 184
184 30 236
30 184 236
258 29 56
29 56 258
56 29 258
137 15 84
84 15 137
15 84 137
212 159 238
238 159 212
159 212 238
25 100 280
100 25 280
280 25 100
248 196 211
196 211 248
211 196 248
218 139 171
139 171 218
171 139 218
40 203 249
249 40 203
203 40 249
24 160 173
160 24 173
173 24 160
183 28 244
28 183 244
244 28 183
39 107 262
262 39 107
107 39 262
237 66 94
66 94 237
94 66 237
50 65 233
65 50 233
233 50 65
19 52 64
64 19 52
52 19 64
7 126 230
126 7 230
230 7 126
266 224 240
240 224 266
224 240 266
281 91 245
91 245 281
245 91 281
78 9 286
9 78 286
286 9 78
282 72 162
162 72 282
72 162 282
92 253 263
253 92 263
263 92 253
77 95 269
269 77 95
95 77 269
31 12 165
165 12 31
12 31 165
17 114 239
239 17 114
114 17 239
147 74 260
260 74 147
74 147 260
293 127 178
178 127 293
127 178 293
210 161 247
161 210 247
247 161 210
120 132 299
299 120 132
132 120 299
152 133 290
290 133 152
133 152 290
167 98 149
149 98 167
98 149 167
246 108 140
108 140 246
140 108 246
103 86 144
86 103 144
144 86 103
158 185 242
242 158 185
185 158 242
113 54 97
97 54 113
54 97 113
179 109 111
111 109 179
109 111 179
146 33 119
119 33 146
33 119 146
110 89 255
255 89 110
89 110 255
90 34 82
34 82 90
82 34 90
215 129 199
199 129 215
129 199 215
51 44 45
44 45 51
45 44 51
209 138 172
172 138 209
138 172 209
232 22 221
22 221 232
221 22 232
271 128 194
194 128 271
128 194 271
285 47 197
197 47 285
47 197 285
225 67 254
67 225 254
254 67 225
93 46 219
46 93 219
219 46 93
296 217 298
298 217 296
217 296 298
168 69 287
69 168 287
287 69 168
48 80 198
80 48 198
198 48 80
131 261 294
294 131 261
261 131 294
27 11 277
277 11 27
11 27 277
170 20 96
20 96 170
96 20 170
283 26 229
229 26 283
26 229 283
135 182 187
182 135 187
187 135 182
150 13 101
13 101 150
101 13 150
88 36 124
36 88 124
124 36 88
73 234 279
279 73 234
234 73 279
14 206 270
270 14 206
206 14 270
38 143 259
143 38 259
259 38 143
176 63 300
63 176 300
300 63 176
105 75 87
75 87 105
87 75 105
295 175 278
278 175 295
175 278 295
200 151 250
151 200 250
250 151 200
6 112 264
264 6 112
112 6 264
154 1 102
102 1 154
1 102 154
41 122 205
122 41 205
205 41 122
227 4 118
4 118 227
118 4 227
42 3 267
267 3 42
3 42 267
5 68 136
68 5 136
136 5 68
145 21 189
21 145 189
189 21 145
180 148 193
148 180 193
193 148 180
166 155 235
235 155 166
155 166 235
288 49 79
79 49 288
49 79 288
32 115 243
243 32 115
115 32 243
292 256 268
268 256 292
256 268 292
257 106 134
106 134 257
134 106 257
83 195 220
195 83 220
220 83 195
37 164 188
188 37 164
164 37 188
207 57 252
252 57 207
57 207 252
55 2 35
35 2 55
2 35 55
276 121 123
123 121 276
121 123 276
186 60 226
60 186 226
226 60 186
117 190 192
192 117 190
190 117 192
104 201 231
201 104 231
231 104 201
228 53 204
204 53 228
53 204 228
156 61 191
61 156 191
191 61 156
142 23 99
23 99 142
99 23 142
76 71 265
71 76 265
265 71 76
10 251 291
291 10 251
251 10 291
216 81 241
81 216 241
241 81 216
59 273 274
274 59 273
273 59 274
153 85 169
85 153 169
169 85 153
214 163 297
297 163 214
163 214 297
