1486 1442 2311
1442 1486 2311
2311 1442 1486
2694 441 700
441 700 2694
700 441 2694
109 468 2590
2590 109 468
468 109 2590
1230 1928 2634
2634 1230 1928
1928 1230 2634
2279 889 1392
1392 889 2279
889 1392 2279
1568 892 2749
2749 892 1568
892 1568 2749
2471 1022 2878
2878 1022 2471
1022 2471 2878
1180 1132 1913
1132 1180 1913
1913 1132 1180
2208 2121 2910
2910 2121 2208
2121 2208 2910
1173 956 1495
1495 956 1173
956 1173 1495
2134 184 2656
184 2134 2656
2656 184 2134
1519 1026 2962
2962 1026 1519
1026 1519 2962
1037 293 1693
1693 293 1037
293 1037 1693
2150 393 1381
1381 393 2150
393 1381 2150
1196 1169 2350
2350 1169 1196
1169 1196 2350
2948 149 2285
2285 149 2948
149 2285 2948
1660 869 2940
2940 869 1660
869 1660 2940
1615 1923 2330
1923 1615 2330
2330 1615 1923
1053 1233 2374
1233 1053 2374
2374 1053 1233
2337 349 1385
349 1385 2337
1385 349 2337
1463 361 2209
2209 361 1463
361 1463 2209
978 370 2205
2205 370 978
370 978 2205
2872 113 1755
1755 113 2872
113 1755 2872
315 201 2905
2905 201 315
201 315 2905
2935 556 1019
556 1019 2935
1019 556 2935
1912 754 2579
2579 754 1912
754 1912 2579
2606 209 1886
209 1886 2606
1886 209 2606
8 448 1419
1419 8 448
448 8 1419
2991 1873 1880
1873 1880 2991
1880 1873 2991
674 380 1587
380 674 1587
1587 380 674
236 786 1937
786 236 1937
1937 236 786
728 696 1459
1459 696 728
696 728 1459
1411 547 1348
547 1348 1411
1348 547 1411
605 903 1721
903 605 1721
1721 605 903
33 297 1262
1262 33 297
297 33 1262
2426 415 2377
2377 415 2426
415 2377 2426
326 746 2709
2709 326 746
746 326 2709
1023 208 1789
208 1023 1789
1789 208 1023
2998 944 2171
2171 944 2998
944 2171 2998
1030 1306 1562
1562 1030 1306
1306 1030 1562
413 122 2829
2829 122 413
122 413 2829
1066 1081 1461
1081 1066 1461
1461 1066 1081
2034 1949 2317
2317 1949 2034
1949 2034 2317
863 408 1666
1666 408 863
408 863 1666
1522 288 550
550 288 1522
288 550 1522
800 2456 2548
2456 800 2548
2548 800 2456
2582 2742 2964
2742 2582 2964
2964 2582 2742
2737 1428 2725
1428 2725 2737
2725 1428 2737
160 1318 2259
2259 160 1318
1318 160 2259
411 543 2417
2417 411 543
543 411 2417
2355 977 1281
1281 977 2355
977 1281 2355
279 431 2389
431 279 2389
2389 279 431
865 156 866
866 156 865
156 865 866
153 237 2172
2172 153 237
237 153 2172
1876 77 2136
2136 77 1876
77 1876 2136
968 1524 2920
2920 968 1524
1524 968 2920
1320 801 1830
1830 801 1320
801 1320 1830
1289 625 1441
1441 625 1289
625 1289 1441
2032 615 2577
615 2032 2577
2577 615 2032
2334 240 241
240 241 2334
241 240 2334
1093 1566 1671
1671 1093 1566
1566 1093 1671
1353 56 1858
1858 56 1353
56 1353 1858
2162 1057 2870
2870 1057 2162
1057 2162 2870
2747 2499 2967
2499 2747 2967
2967 2499 2747
616 662 734
662 616 734
734 616 662
1704 1646 2574
1646 1704 2574
2574 1646 1704
265 1044 2459
2459 265 1044
1044 265 2459
2586 755 769
769 755 2586
755 769 2586
2538 1176 1193
1176 1193 2538
1193 1176 2538
862 1141 2781
2781 862 1141
1141 862 2781
2077 1893 2352
1893 2077 2352
2352 1893 2077
1988 1041 2347
2347 1041 1988
1041 1988 2347
1433 1731 2080
2080 1433 1731
1731 1433 2080
1779 1241 2550
1241 1779 2550
2550 1241 1779
1447 2240 2497
2497 1447 2240
2240 1447 2497
219 1027 1649
1649 219 1027
1027 219 1649
2284 534 1622
534 1622 2284
1622 534 2284
2191 511 2252
2252 511 2191
511 2191 2252
386 83 1457
83 386 1457
1457 83 386
598 439 2231
2231 439 598
439 598 2231
635 1247 1883
1883 635 1247
1247 635 1883
392 1431 1452
1431 392 1452
1452 392 1431
1508 546 684
684 546 1508
546 684 1508
329 1082 1635
1635 329 1082
1082 329 1635
1260 2194 2378
2194 1260 2378
2378 1260 2194
2133 312 2906
312 2133 2906
2906 312 2133
2884 424 478
424 478 2884
478 424 2884
1346 375 2835
2835 375 1346
375 1346 2835
2138 2468 2971
2971 2138 2468
2468 2138 2971
1631 168 947
947 168 1631
168 947 1631
522 318 2979
2979 318 522
318 522 2979
44 1712 2836
1712 44 2836
2836 44 1712
2359 1124 2092
1124 2092 2359
2092 1124 2359
551 1148 2287
1148 551 2287
2287 551 1148
2126 1121 1970
1121 1970 2126
1970 1121 2126
895 131 1111
1111 131 895
131 895 1111
474 949 2808
2808 474 949
949 474 2808
716 1677 2199
2199 716 1677
1677 716 2199
2839 407 757
407 757 2839
757 407 2839
2100 979 2985
2985 979 2100
979 2100 2985
1688 553 2614
2614 553 1688
553 1688 2614
1446 946 2230
946 1446 2230
2230 946 1446
2397 761 2950
761 2397 2950
2950 761 2397
2909 324 2474
2474 324 2909
324 2474 2909
1272 1451 1592
1451 1272 1592
1592 1272 1451
1559 1743 2896
1743 1559 2896
2896 1559 1743
2189 740 1927
1927 740 2189
740 1927 2189
1195 1542 1737
1542 1195 1737
1737 1195 1542
2445 2211 2645
2211 2445 2645
2645 2211 2445
1091 268 549
268 549 1091
549 268 1091
596 941 2732
941 596 2732
2732 596 941
2806 1952 2248
1952 2248 2806
2248 1952 2806
554 2484 2654
2654 554 2484
2484 554 2654
224 1610 2482
1610 224 2482
2482 224 1610
1226 1090 2110
1090 1226 2110
2110 1090 1226
1560 1520 2501
2501 1520 1560
1520 1560 2501
756 2180 2277
2180 756 2277
2277 756 2180
99 498 1517
1517 99 498
498 99 1517
1422 887 1811
1811 887 1422
887 1422 1811
2147 2708 2855
2708 2147 2855
2855 2147 2708
2307 189 2536
2536 189 2307
189 2307 2536
1094 254 1650
1650 254 1094
254 1094 1650
1056 374 436
374 436 1056
436 374 1056
823 770 2938
2938 770 823
770 823 2938
2225 603 784
784 603 2225
603 784 2225
640 1227 2318
1227 640 2318
2318 640 1227
1772 216 557
557 216 1772
216 557 1772
252 2073 2492
2492 252 2073
2073 252 2492
1496 1673 2011
1673 1496 2011
2011 1496 1673
1945 39 2333
39 1945 2333
2333 39 1945
1073 1538 2700
1538 1073 2700
2700 1073 1538
1097 788 2982
2982 788 1097
788 1097 2982
2792 489 1139
1139 489 2792
489 1139 2792
2404 932 2980
2980 932 2404
932 2404 2980
2466 450 2066
450 2066 2466
2066 450 2466
1130 760 1151
1151 760 1130
760 1130 1151
428 1682 2431
1682 428 2431
2431 428 1682
986 1408 1946
1946 986 1408
1408 986 1946
1637 905 2362
905 1637 2362
2362 905 1637
1038 493 2931
493 1038 2931
2931 493 1038
1995 530 948
530 948 1995
948 530 1995
34 2387 2692
2387 34 2692
2692 34 2387
378 1108 1991
1108 378 1991
1991 378 1108
2997 26 2081
2081 26 2997
26 2081 2997
1322 540 2357
2357 540 1322
540 1322 2357
1692 1817 1910
1910 1692 1817
1817 1692 1910
45 1028 1713
1028 45 1713
1713 45 1028
747 687 1659
1659 687 747
687 747 1659
2674 1465 2064
2064 1465 2674
1465 2064 2674
2817 1574 2955
2955 1574 2817
1574 2817 2955
1602 548 1888
548 1602 1888
1888 548 1602
1782 1489 2882
1489 1782 2882
2882 1489 1782
2833 783 821
783 821 2833
821 783 2833
1974 145 2275
2275 145 1974
145 1974 2275
128 2059 2430
2430 128 2059
2059 128 2430
873 80 2438
2438 80 873
80 873 2438
2403 218 1314
1314 218 2403
218 1314 2403
2331 570 1271
1271 570 2331
570 1271 2331
606 1120 1194
1120 606 1194
1194 606 1120
967 1636 2170
2170 967 1636
1636 967 2170
882 830 2621
2621 830 882
830 882 2621
180 282 1747
282 180 1747
1747 180 282
2013 69 629
69 629 2013
629 69 2013
429 628 1008
1008 429 628
628 429 1008
1742 595 1498
595 1498 1742
1498 595 1742
885 689 2658
689 885 2658
2658 689 885
28 304 636
636 28 304
304 28 636
215 515 2862
2862 215 515
515 215 2862
715 1110 1122
1122 715 1110
1110 715 1122
1814 692 993
993 692 1814
692 993 1814
2504 604 2239
604 2239 2504
2239 604 2504
953 1326 2446
2446 953 1326
1326 953 2446
1577 213 1377
213 1377 1577
1377 213 1577
992 222 682
682 222 992
222 682 992
481 1642 2365
2365 481 1642
1642 481 2365
1191 2107 2364
2364 1191 2107
2107 1191 2364
957 1116 2198
1116 957 2198
2198 957 1116
250 342 2883
2883 250 342
342 250 2883
1046 40 1550
1550 40 1046
40 1046 1550
2638 1707 2457
1707 2457 2638
2457 1707 2638
1253 1745 2868
1745 1253 2868
2868 1253 1745
1391 525 1751
1751 525 1391
525 1391 1751
1533 5 2605
5 1533 2605
2605 5 1533
154 395 981
981 154 395
395 154 981
906 650 2988
650 906 2988
2988 650 906
907 891 2009
891 907 2009
2009 891 907
2745 2433 2613
2433 2613 2745
2613 2433 2745
2243 694 1983
694 1983 2243
1983 694 2243
2510 141 2008
2008 141 2510
141 2008 2510
1940 1621 1714
1621 1714 1940
1714 1621 1940
1207 1367 1584
1584 1207 1367
1367 1207 1584
1840 30 1626
1626 30 1840
30 1626 1840
482 459 2706
2706 459 482
459 482 2706
2592 1897 2635
1897 2592 2635
2635 1897 2592
55 2354 2713
2354 55 2713
2713 55 2354
2006 813 1475
813 1475 2006
1475 813 2006
1930 679 1624
1624 679 1930
679 1624 1930
2062 187 1633
1633 187 2062
187 1633 2062
2367 643 1684
1684 643 2367
643 1684 2367
2880 204 1513
1513 204 2880
204 1513 2880
1819 1476 1925
1925 1476 1819
1476 1819 1925
2296 438 743
743 438 2296
438 743 2296
1105 675 1485
675 1105 1485
1485 675 1105
804 922 2295
922 804 2295
2295 804 922
1786 1309 2593
1309 1786 2593
2593 1309 1786
2112 1645 2004
2004 1645 2112
1645 2004 2112
435 86 1340
1340 86 435
86 435 1340
2440 742 1966
1966 742 2440
742 1966 2440
736 174 1438
174 736 1438
1438 174 736
2244 670 1439
1439 670 2244
670 1439 2244
2391 660 896
660 896 2391
896 660 2391
1368 360 1024
360 1024 1368
1024 360 1368
2047 455 1667
455 1667 2047
1667 455 2047
2479 2461 2578
2578 2461 2479
2461 2479 2578
1530 634 1689
1689 634 1530
634 1530 1689
2919 815 1406
1406 815 2919
815 1406 2919
2323 668 711
668 711 2323
711 668 2323
2235 433 1900
1900 433 2235
433 1900 2235
912 612 2020
612 912 2020
2020 612 912
2678 65 923
923 65 2678
65 923 2678
2233 155 1378
1378 155 2233
155 1378 2233
347 1341 1418
1418 347 1341
1341 347 1418
1170 508 1643
508 1170 1643
1643 508 1170
2227 1869 2119
1869 2119 2227
2119 1869 2227
1962 942 2419
2419 942 1962
942 1962 2419
1644 1328 1936
1936 1328 1644
1328 1644 1936
1047 1147 1274
1147 1047 1274
1274 1047 1147
2750 820 1375
820 1375 2750
1375 820 2750
70 47 723
723 47 70
47 70 723
2755 465 600
600 465 2755
465 600 2755
2866 1798 2315
2315 1798 2866
1798 2315 2866
576 1379 2052
1379 576 2052
2052 576 1379
1716 1430 1748
1748 1430 1716
1430 1716 1748
2042 671 1096
1096 671 2042
671 1096 2042
2018 93 897
897 93 2018
93 897 2018
1119 1282 2826
1282 1119 2826
2826 1119 1282
1850 637 2989
637 1850 2989
2989 637 1850
348 339 505
505 339 348
339 348 505
2268 533 1686
1686 533 2268
533 1686 2268
2869 1499 2804
1499 2804 2869
2804 1499 2869
1293 965 1387
1387 965 1293
965 1293 1387
627 738 1104
738 627 1104
1104 627 738
1010 2137 2679
2137 1010 2679
2679 1010 2137
2014 1490 2286
1490 2014 2286
2286 1490 2014
2480 1294 1825
1825 1294 2480
1294 1825 2480
1371 503 623
503 623 1371
623 503 1371
2841 81 1905
1905 81 2841
81 1905 2841
2567 2569 2944
2569 2567 2944
2944 2567 2569
997 2400 2823
2400 997 2823
2823 997 2400
1467 1963 2217
2217 1467 1963
1963 1467 2217
487 1664 1841
1841 487 1664
1664 487 1841
2915 1726 1749
1749 1726 2915
1726 1749 2915
1112 37 2820
2820 37 1112
37 1112 2820
2512 59 390
390 59 2512
59 390 2512
2811 405 2949
405 2811 2949
2949 405 2811
1803 658 1420
1420 658 1803
658 1420 1803
1354 1932 2017
1932 1354 2017
2017 1354 1932
183 1 2597
2597 1 183
1 183 2597
1534 486 1444
1444 486 1534
486 1444 1534
1675 2114 2319
2319 1675 2114
2114 1675 2319
103 191 364
191 103 364
364 103 191
2120 2242 2329
2242 2120 2329
2329 2120 2242
1780 106 2816
106 1780 2816
2816 106 1780
1848 354 1572
354 1572 1848
1572 354 1848
1765 1138 2145
2145 1138 1765
1138 1765 2145
1969 763 2724
763 1969 2724
2724 763 1969
214 745 1449
745 214 1449
1449 214 745
15 372 2228
372 15 2228
2228 15 372
1295 376 2900
376 1295 2900
2900 376 1295
1432 1512 2224
2224 1432 1512
1512 1432 2224
691 150 2793
150 691 2793
2793 150 691
442 2361 2786
2786 442 2361
2361 442 2786
2108 4 362
362 4 2108
4 362 2108
274 453 2390
2390 274 453
453 274 2390
460 146 2455
2455 146 460
146 460 2455
2223 936 938
938 936 2223
936 938 2223
2557 409 2069
2069 409 2557
409 2069 2557
228 1102 1827
1102 228 1827
1827 228 1102
2396 331 2306
331 2306 2396
2306 331 2396
2647 457 2672
2672 457 2647
457 2647 2672
2968 1950 2529
2529 1950 2968
1950 2529 2968
943 143 646
646 143 943
143 646 943
2748 2844 2853
2844 2748 2853
2853 2748 2844
1016 798 2249
2249 798 1016
798 1016 2249
2693 789 1537
789 1537 2693
1537 789 2693
2294 2384 2843
2384 2294 2843
2843 2294 2384
1362 1553 2601
1553 1362 2601
2601 1362 1553
542 1641 1879
1641 542 1879
1879 542 1641
1258 1351 2123
1351 1258 2123
2123 1258 1351
2353 1329 2326
1329 2326 2353
2326 1329 2353
217 2290 2977
2290 217 2977
2977 217 2290
1187 704 963
963 704 1187
704 963 1187
2041 1308 1425
1425 1308 2041
1308 1425 2041
2218 148 504
504 148 2218
148 504 2218
717 276 2889
276 717 2889
2889 276 717
2961 284 1702
1702 284 2961
284 1702 2961
2946 506 2502
2502 506 2946
506 2502 2946
1319 519 1730
519 1319 1730
1730 519 1319
2026 1255 2088
2088 1255 2026
1255 2026 2088
2151 2048 2519
2048 2151 2519
2519 2048 2151
2436 1628 2631
2631 1628 2436
1628 2436 2631
1871 2972 2978
2972 1871 2978
2978 1871 2972
31 85 1648
85 31 1648
1648 31 85
2179 205 737
737 205 2179
205 737 2179
2025 1286 1705
1705 1286 2025
1286 1705 2025
2475 1895 2237
1895 2237 2475
2237 1895 2475
2105 726 894
726 894 2105
894 726 2105
730 1529 2987
2987 730 1529
1529 730 2987
2283 1775 1866
1866 1775 2283
1775 1866 2283
518 1345 2489
1345 518 2489
2489 518 1345
1919 1941 2016
1941 1919 2016
2016 1919 1941
280 832 1334
1334 280 832
832 280 1334
1734 2607 2717
2607 1734 2717
2717 1734 2607
19 2302 2496
2496 19 2302
2302 19 2496
1500 1670 1744
1670 1500 1744
1744 1500 1670
2722 772 2876
772 2722 2876
2876 772 2722
2558 930 1382
930 1382 2558
1382 930 2558
258 1220 1416
1416 258 1220
1220 258 1416
1809 1052 2927
2927 1052 1809
1052 1809 2927
2335 286 2533
286 2335 2533
2533 286 2335
1088 913 1033
913 1033 1088
1033 913 1088
748 1278 2140
1278 748 2140
2140 748 1278
2385 683 2733
2733 683 2385
683 2385 2733
2553 316 1554
316 1554 2553
1554 316 2553
359 496 2625
2625 359 496
496 359 2625
1321 1399 2005
2005 1321 1399
1399 1321 2005
35 835 2646
2646 35 835
835 35 2646
2096 1990 2895
1990 2096 2895
2895 1990 2096
2615 89 310
310 89 2615
89 310 2615
1159 608 1630
1630 608 1159
608 1159 1630
1683 2432 2599
2432 1683 2599
2599 1683 2432
440 197 790
197 440 790
790 197 440
1276 817 2994
817 1276 2994
2994 817 1276
2744 1171 1902
1902 1171 2744
1171 1902 2744
2071 225 1202
225 1202 2071
1202 225 2071
1298 333 1596
333 1298 1596
1596 333 1298
1697 1857 2043
2043 1697 1857
1857 1697 2043
1058 958 2757
2757 958 1058
958 1058 2757
2723 332 2174
332 2174 2723
2174 332 2723
2050 698 2177
698 2050 2177
2177 698 2050
1854 2106 2814
2106 1854 2814
2814 1854 2106
2609 987 2332
2332 987 2609
987 2332 2609
1986 261 901
901 261 1986
261 901 1986
2251 325 1217
1217 325 2251
325 1217 2251
1723 203 1134
1134 203 1723
203 1134 1723
1491 406 467
467 406 1491
406 467 1491
2595 567 782
567 782 2595
782 567 2595
2769 264 357
264 357 2769
357 264 2769
1248 842 1464
1464 842 1248
842 1248 1464
1855 1332 2207
1332 1855 2207
2207 1332 1855
1190 1344 1567
1344 1190 1567
1567 1190 1344
2214 714 1764
1764 714 2214
714 1764 2214
1017 597 810
597 810 1017
810 597 1017
1523 230 2336
230 1523 2336
2336 230 1523
572 1063 1691
1063 572 1691
1691 572 1063
1145 2055 2571
2055 1145 2571
2571 1145 2055
2478 1527 2775
2775 1527 2478
1527 2478 2775
1640 676 918
918 676 1640
676 918 1640
425 1188 2250
2250 425 1188
1188 425 2250
1060 1882 2470
1882 1060 2470
2470 1060 1882
2058 121 1543
121 1543 2058
1543 121 2058
1569 1896 2865
2865 1569 1896
1896 1569 2865
2954 697 1366
1366 697 2954
697 1366 2954
2939 298 302
302 298 2939
298 302 2939
1835 484 602
484 602 1835
602 484 1835
2308 2185 2298
2298 2185 2308
2185 2298 2308
1579 132 1951
1951 132 1579
132 1579 1951
2764 91 2089
91 2089 2764
2089 91 2764
1263 2079 2616
2079 1263 2616
2616 1263 2079
1894 1238 3000
1238 1894 3000
3000 1238 1894
1237 1708 2405
1708 1237 2405
2405 1237 1708
2995 921 2703
921 2703 2995
2703 921 2995
2863 2158 2261
2261 2158 2863
2158 2261 2863
196 1069 1125
1069 196 1125
1125 196 1069
1076 856 1868
856 1076 1868
1868 856 1076
1355 285 2600
285 1355 2600
2600 285 1355
1198 1526 1804
1526 1198 1804
1804 1198 1526
2360 705 1663
705 1663 2360
1663 705 2360
1398 273 560
560 273 1398
273 560 1398
2116 38 1685
1685 38 2116
38 1685 2116
2176 473 1719
473 1719 2176
1719 473 2176
152 1555 1727
1727 152 1555
1555 152 1727
843 114 1788
114 843 1788
1788 114 843
990 137 1161
137 990 1161
1161 137 990
2681 2155 2472
2155 2472 2681
2472 2155 2681
248 563 2091
2091 248 563
563 248 2091
785 1303 2653
1303 785 2653
2653 785 1303
539 1393 2024
1393 539 2024
2024 539 1393
1003 165 1853
165 1003 1853
1853 165 1003
90 387 952
952 90 387
387 90 952
2414 996 2696
996 2414 2696
2696 996 2414
1820 1080 2288
1080 1820 2288
2288 1080 1820
1179 814 2566
814 1179 2566
2566 814 1179
2912 1507 2115
1507 2115 2912
2115 1507 2912
488 1014 1908
1908 488 1014
1014 488 1908
1402 1917 2570
1917 1402 2570
2570 1402 1917
1612 2686 2907
2907 1612 2686
2686 1612 2907
1103 1160 1885
1885 1103 1160
1160 1103 1885
2812 1373 1844
1373 1844 2812
1844 1373 2812
586 561 619
619 561 586
561 586 619
1954 2671 2847
2847 1954 2671
2671 1954 2847
115 1806 2443
1806 115 2443
2443 115 1806
2262 2022 2642
2642 2022 2262
2022 2262 2642
834 23 1605
1605 23 834
23 834 1605
1445 2714 2738
2738 1445 2714
2714 1445 2738
1113 1961 2670
1961 1113 2670
2670 1113 1961
1776 412 2144
412 1776 2144
2144 412 1776
2292 1407 1482
1407 1482 2292
1482 1407 2292
1629 221 509
509 221 1629
221 509 1629
2838 1565 1967
1967 1565 2838
1565 1967 2838
2641 1593 2818
1593 2641 2818
2818 1593 2641
1698 984 2202
984 1698 2202
2202 984 1698
199 1206 2135
2135 199 1206
1206 199 2135
1071 1600 2053
1600 1071 2053
2053 1071 1600
2297 211 2493
2493 211 2297
211 2297 2493
391 1935 1994
1994 391 1935
1935 391 1994
2825 1013 1211
1211 1013 2825
1013 1211 2825
724 502 1718
502 724 1718
1718 502 724
2807 336 2033
336 2033 2807
2033 336 2807
134 1246 1468
1246 134 1468
1468 134 1246
12 1423 2911
1423 12 2911
2911 12 1423
927 2518 2545
2545 927 2518
2518 927 2545
432 82 1785
82 432 1785
1785 82 432
1421 369 2619
369 1421 2619
2619 369 1421
1979 456 517
456 517 1979
517 456 1979
2204 1847 1978
1978 1847 2204
1847 1978 2204
1389 1249 2783
1249 1389 2783
2783 1249 1389
1140 14 893
893 14 1140
14 893 1140
2810 198 2704
198 2704 2810
2704 198 2810
2109 176 2003
2003 176 2109
176 2003 2109
562 1231 1403
1403 562 1231
1231 562 1403
2226 1269 1515
1269 1515 2226
1515 1269 2226
2525 300 2697
2697 300 2525
300 2525 2697
2272 2085 2796
2796 2085 2272
2085 2272 2796
555 63 1762
1762 63 555
63 555 1762
2859 1657 1861
1861 1657 2859
1657 1861 2859
22 934 1741
1741 22 934
934 22 1741
2535 816 1450
816 1450 2535
1450 816 2535
1757 1668 2763
2763 1668 1757
1668 1757 2763
1849 1816 2655
2655 1816 1849
1816 1849 2655
2222 1843 2428
2428 1843 2222
1843 2222 2428
2918 1129 2612
2612 1129 2918
1129 2612 2918
1307 263 764
764 263 1307
263 764 1307
538 1216 2530
2530 538 1216
1216 538 2530
1316 1011 2394
2394 1011 1316
1011 1316 2394
1739 777 2422
2422 777 1739
777 1739 2422
1002 120 490
120 490 1002
490 120 1002
1349 41 1581
41 1349 1581
1581 41 1349
111 844 2406
844 111 2406
2406 111 844
931 1336 2341
2341 931 1336
1336 931 2341
1477 807 1680
807 1477 1680
1680 807 1477
1115 864 2452
2452 864 1115
864 1115 2452
281 345 2861
2861 281 345
345 281 2861
1724 1383 1791
1791 1383 1724
1383 1724 1791
2877 937 1405
1405 937 2877
937 1405 2877
1009 1831 2520
2520 1009 1831
1831 1009 2520
178 1035 2715
1035 178 2715
2715 178 1035
2187 645 1760
645 1760 2187
1760 645 2187
2945 2031 2544
2544 2031 2945
2031 2544 2945
1275 2141 2345
2345 1275 2141
2141 1275 2345
2111 2794 2886
2886 2111 2794
2794 2111 2886
2376 1051 1083
1051 1083 2376
1083 1051 2376
796 1759 1933
1933 796 1759
1759 796 1933
2351 859 2903
2903 859 2351
859 2351 2903
1279 94 686
94 686 1279
686 94 1279
848 2304 2562
2562 848 2304
2304 848 2562
2531 166 2707
2707 166 2531
166 2531 2707
1243 1361 1412
1412 1243 1361
1361 1243 1412
585 443 1149
1149 443 585
443 585 1149
194 2648 2926
2648 194 2926
2926 194 2648
2491 677 2789
2789 677 2491
677 2491 2789
626 2299 2921
2921 626 2299
2299 626 2921
74 701 1443
701 74 1443
1443 74 701
2503 787 2072
2072 787 2503
787 2072 2503
1583 588 1761
588 1583 1761
1761 588 1583
2768 929 2093
929 2093 2768
2093 929 2768
974 54 2369
2369 54 974
54 974 2369
779 1252 1987
1987 779 1252
1252 779 1987
2274 1029 2776
1029 2274 2776
2776 1029 2274
2036 382 2981
382 2036 2981
2981 382 2036
1048 322 1547
322 1048 1547
1547 322 1048
622 680 2095
680 622 2095
2095 622 680
79 10 928
928 10 79
10 79 928
1126 296 861
861 296 1126
296 861 1126
2321 321 666
321 666 2321
666 321 2321
2687 1678 1690
1690 1678 2687
1678 1690 2687
1856 2129 2727
2129 1856 2727
2727 1856 2129
541 860 2045
2045 541 860
860 541 2045
1531 235 270
235 270 1531
270 235 1531
531 1947 2423
1947 531 2423
2423 531 1947
500 1315 2957
2957 500 1315
1315 500 2957
1551 1669 2509
1669 1551 2509
2509 1551 1669
1185 837 2797
837 1185 2797
2797 837 1185
2313 1210 1842
1842 1210 2313
1210 1842 2313
1092 1397 2487
2487 1092 1397
1397 1092 2487
2782 1197 1472
1472 1197 2782
1197 1472 2782
2368 1343 2458
2458 1343 2368
1343 2368 2458
1823 855 2598
2598 855 1823
855 1823 2598
2846 1756 2596
2596 1756 2846
1756 2596 2846
1564 752 2873
2873 752 1564
752 1564 2873
667 290 1549
290 667 1549
1549 290 667
163 1426 1458
1458 163 1426
1426 163 1458
278 16 100
16 100 278
100 16 278
935 335 2676
2676 335 935
335 935 2676
2190 980 1469
980 1469 2190
1469 980 2190
2247 2124 2630
2124 2247 2630
2630 2124 2247
910 994 2791
2791 910 994
994 910 2791
2305 446 2857
2857 446 2305
446 2305 2857
1867 718 2264
718 1867 2264
2264 718 1867
2956 808 1280
808 1280 2956
1280 808 2956
812 1338 2712
2712 812 1338
1338 812 2712
2874 377 1516
377 1516 2874
1516 377 2874
1768 102 2661
102 1768 2661
2661 102 1768
397 97 904
97 397 904
904 97 397
709 1339 1370
1370 709 1339
1339 709 1370
2657 72 130
72 130 2657
130 72 2657
2514 118 2753
2753 118 2514
118 2514 2753
2118 826 2685
2685 826 2118
826 2118 2685
2572 243 1079
243 1079 2572
1079 243 2572
1025 485 2324
485 1025 2324
2324 485 1025
212 301 466
466 212 301
301 212 466
365 1483 2420
1483 365 2420
2420 365 1483
1077 647 1394
647 1077 1394
1394 647 1077
1311 590 673
673 590 1311
590 673 1311
2291 920 2012
920 2012 2291
2012 920 2291
1540 2281 2498
2498 1540 2281
2281 1540 2498
1039 2245 2860
2860 1039 2245
2245 1039 2860
303 558 793
558 303 793
793 303 558
2258 2182 2951
2182 2258 2951
2951 2182 2258
2195 839 1521
1521 839 2195
839 1521 2195
2463 2754 2992
2992 2463 2754
2754 2463 2992
1993 1561 2832
2832 1561 1993
1561 1993 2832
420 1501 2628
1501 420 2628
2628 420 1501
2526 1860 2035
2035 1860 2526
1860 2035 2526
2002 2038 2246
2246 2002 2038
2038 2002 2246
973 1619 1960
1619 973 1960
1960 973 1619
825 1599 1821
1821 825 1599
1599 825 1821
1665 2662 2751
2751 1665 2662
2662 1665 2751
512 1808 2677
2677 512 1808
1808 512 2677
1174 1795 1872
1872 1174 1795
1795 1174 1872
2407 2021 2735
2735 2021 2407
2021 2407 2735
2084 1209 1327
1327 1209 2084
1209 1327 2084
1049 2401 2787
2787 1049 2401
2401 1049 2787
618 933 2922
2922 618 933
933 618 2922
1833 1732 1870
1870 1732 1833
1732 1833 1870
96 564 1205
564 96 1205
1205 96 564
939 1652 1975
1975 939 1652
1652 939 1975
119 1638 2370
1638 119 2370
2370 119 1638
2148 75 1700
1700 75 2148
75 1700 2148
2383 1473 2664
2664 1473 2383
1473 2383 2664
271 1218 2434
2434 271 1218
1218 271 2434
2728 2441 2460
2460 2441 2728
2441 2460 2728
1075 1267 2734
2734 1075 1267
1267 1075 2734
2923 1067 2584
1067 2584 2923
2584 1067 2923
1109 327 2473
2473 327 1109
327 1109 2473
872 3 1358
1358 3 872
3 872 1358
2591 516 2551
516 2551 2591
2551 516 2591
610 2220 2301
2301 610 2220
2220 610 2301
292 732 2267
2267 292 732
732 292 2267
458 437 1099
1099 437 458
437 458 1099
24 1012 1611
1611 24 1012
1012 24 1611
1794 2636 2770
2770 1794 2636
2636 1794 2770
1955 1203 1478
1478 1203 1955
1203 1478 1955
2650 1291 2766
2766 1291 2650
1291 2650 2766
1131 1234 1580
1234 1131 1580
1580 1131 1234
874 867 2454
867 874 2454
2454 867 874
2864 162 792
792 162 2864
162 792 2864
2894 685 1471
1471 685 2894
685 1471 2894
1783 1117 2532
2532 1117 1783
1117 1783 2532
649 1167 1810
1167 649 1810
1810 649 1167
2165 136 2589
2589 136 2165
136 2165 2589
1072 1998 2097
2097 1072 1998
1998 1072 2097
2213 829 954
954 829 2213
829 954 2213
2790 2802 2986
2986 2790 2802
2802 2790 2986
1981 1781 2435
2435 1781 1981
1781 1981 2435
2169 53 480
480 53 2169
53 480 2169
1236 125 1114
125 1114 1236
1114 125 1236
234 2339 2563
2563 234 2339
2339 234 2563
1150 25 479
25 479 1150
479 25 1150
1020 1388 2152
2152 1020 1388
1388 1020 2152
2669 607 1717
1717 607 2669
607 1717 2669
417 353 461
461 353 417
353 417 461
520 2076 2800
2076 520 2800
2800 520 2076
1929 601 2425
601 1929 2425
2425 601 1929
2309 350 2393
2393 350 2309
350 2309 2393
334 559 2999
559 334 2999
2999 334 559
964 2128 2828
2828 964 2128
2128 964 2828
1034 744 773
744 773 1034
773 744 1034
888 463 2629
2629 463 888
463 888 2629
1089 483 1494
1494 483 1089
483 1089 1494
2236 1153 1453
1453 1153 2236
1153 1453 2236
418 2010 2761
2010 418 2761
2761 418 2010
571 1208 2618
1208 571 2618
2618 571 1208
238 314 2181
2181 238 314
314 238 2181
2056 2398 2899
2899 2056 2398
2398 2056 2899
2780 836 1926
836 1926 2780
1926 836 2780
2146 1415 2495
1415 2146 2495
2495 1415 2146
2379 260 982
260 982 2379
982 260 2379
1851 110 172
110 172 1851
172 110 1851
49 173 1722
173 49 1722
1722 49 173
2063 1107 2328
2328 1107 2063
1107 2063 2328
351 1189 1625
1189 351 1625
1625 351 1189
2575 1740 2576
1740 2575 2576
2576 1740 2575
1059 434 2476
2476 434 1059
434 1059 2476
2229 52 1585
52 1585 2229
1585 52 2229
60 750 2322
2322 60 750
750 60 2322
2241 849 1133
1133 849 2241
849 1133 2241
809 1852 2029
1852 809 2029
2029 809 1852
2372 1958 2074
1958 2074 2372
2074 1958 2372
2675 129 1436
1436 129 2675
129 1436 2675
2837 1720 2784
1720 2784 2837
2784 1720 2837
1878 2564 2695
2564 1878 2695
2695 1878 2564
1595 147 356
356 147 1595
147 356 1595
2976 2402 2528
2528 2402 2976
2402 2528 2976
1956 1365 1503
1503 1365 1956
1365 1503 1956
1997 384 712
712 384 1997
384 712 1997
2486 828 2065
828 2065 2486
2065 828 2486
2087 579 806
806 579 2087
579 806 2087
2485 1598 1931
1931 1598 2485
1598 1931 2485
775 1214 2760
2760 775 1214
1214 775 2760
195 708 2637
2637 195 708
708 195 2637
2338 847 1395
847 1395 2338
1395 847 2338
2507 1165 1984
1984 1165 2507
1165 1984 2507
307 1576 1957
1576 307 1957
1957 307 1576
838 1892 2890
1892 838 2890
2890 838 1892
2210 193 2343
2343 193 2210
193 2210 2343
2649 135 1484
135 1484 2649
1484 135 2649
630 2278 2771
2771 630 2278
2278 630 2771
2001 1156 2314
1156 2001 2314
2314 1156 2001
2711 2602 2937
2937 2602 2711
2602 2711 2937
2099 998 1822
998 1822 2099
1822 998 2099
2983 1918 2320
1918 2320 2983
2320 1918 2983
1805 1184 2767
1184 1805 2767
2767 1184 1805
330 1084 1221
1084 330 1221
1221 330 1084
802 955 1909
955 802 1909
1909 802 955
2257 592 1352
592 1352 2257
1352 592 2257
2539 1285 2953
1285 2539 2953
2953 1285 2539
1228 50 275
50 275 1228
275 50 1228
294 1934 2897
2897 294 1934
1934 294 2897
2691 416 2959
2959 416 2691
416 2691 2959
2280 76 2879
2879 76 2280
76 2280 2879
1201 2 2603
2 1201 2603
2603 2 1201
1136 1985 2739
2739 1136 1985
1985 1136 2739
858 1164 1470
1470 858 1164
1164 858 1470
846 1157 1528
1157 846 1528
1528 846 1157
1695 2168 2282
2282 1695 2168
2168 1695 2282
1715 491 1168
1168 491 1715
491 1168 1715
729 1074 1123
1074 729 1123
1123 729 1074
323 794 2200
2200 323 794
794 323 2200
1410 1898 2408
1898 1410 2408
2408 1410 1898
1268 1095 2442
2442 1095 1268
1095 1268 2442
2627 1837 2083
1837 2083 2627
2083 1837 2627
1799 445 2142
2142 445 1799
445 1799 2142
2444 1331 2779
1331 2444 2779
2779 1331 2444
1891 140 1192
140 1192 1891
1192 140 1891
1183 475 2683
2683 475 1183
475 1183 2683
262 1770 2039
1770 262 2039
2039 262 1770
2840 422 1774
422 1774 2840
1774 422 2840
614 1977 2719
2719 614 1977
1977 614 2719
499 657 1709
657 499 1709
1709 499 657
1493 1347 2673
2673 1347 1493
1347 1493 2673
1287 1796 2167
2167 1287 1796
1796 1287 2167
2358 61 2947
61 2358 2947
2947 61 2358
2149 1317 2756
2756 1317 2149
1317 2149 2756
1802 1364 1696
1364 1696 1802
1696 1364 1802
2622 776 1186
776 1186 2622
1186 776 2622
1623 2819 2834
2819 1623 2834
2834 1623 2819
1292 116 471
471 116 1292
116 471 1292
841 762 2030
762 841 2030
2030 762 841
388 1836 1989
1989 388 1836
1836 388 1989
414 624 2524
2524 414 624
624 414 2524
233 1662 1976
1662 233 1976
1976 233 1662
1784 6 1055
1055 6 1784
6 1055 1784
642 845 1620
1620 642 845
845 642 1620
1324 164 1143
1143 164 1324
164 1143 1324
2269 898 2993
898 2269 2993
2993 898 2269
2688 98 2340
2340 98 2688
98 2340 2688
1264 1001 1948
1948 1001 1264
1001 1264 1948
2253 840 1254
1254 840 2253
840 1254 2253
2785 1558 2729
1558 2729 2785
2729 1558 2785
175 2845 2969
2845 175 2969
2969 175 2845
1232 32 739
32 739 1232
739 32 1232
991 1240 1582
1582 991 1240
1240 991 1582
1242 1152 2554
1152 1242 2554
2554 1152 1242
1699 1021 1801
1801 1021 1699
1021 1699 1801
1634 960 1290
1290 960 1634
960 1290 1634
2413 68 868
868 68 2413
68 868 2413
2542 444 795
795 444 2542
444 795 2542
472 170 581
170 472 581
581 170 472
902 220 2848
2848 220 902
220 902 2848
1137 127 242
242 127 1137
127 242 1137
1455 1372 2901
2901 1372 1455
1372 1455 2901
2902 2219 2273
2273 2219 2902
2219 2273 2902
1323 1337 2710
1337 1323 2710
2710 1323 1337
1674 2386 2850
2850 1674 2386
2386 1674 2850
1460 574 1824
574 1460 1824
1824 574 1460
1792 246 1404
246 1404 1792
1404 246 1792
1701 749 2716
2716 749 1701
749 1701 2716
2349 51 899
51 899 2349
899 51 2349
582 492 2887
2887 492 582
492 582 2887
1200 583 2666
583 1200 2666
2666 583 1200
1589 1380 2186
2186 1380 1589
1380 1589 2186
256 1735 1766
1766 256 1735
1735 256 1766
753 62 313
313 62 753
62 313 753
523 1043 2254
1043 523 2254
2254 523 1043
727 328 363
363 328 727
328 363 727
2156 305 781
781 305 2156
305 781 2156
2028 513 1474
1474 513 2028
513 1474 2028
2271 92 2448
2448 92 2271
92 2271 2448
569 1733 2410
1733 569 2410
2410 569 1733
1591 919 2424
2424 919 1591
919 1591 2424
1215 2270 2830
2270 1215 2830
2830 1215 2270
827 653 1613
1613 653 827
653 827 1613
599 101 2752
101 599 2752
2752 101 599
2668 2027 2300
2027 2300 2668
2300 2027 2668
2620 1552 1769
1552 1769 2620
1769 1552 2620
656 853 2483
2483 656 853
853 656 2483
2075 1065 1224
1065 1224 2075
1224 1065 2075
1916 1535 2680
2680 1535 1916
1535 1916 2680
1920 880 1586
880 1586 1920
1586 880 1920
1004 1570 1881
1570 1004 1881
1881 1004 1570
1288 1440 2046
2046 1288 1440
1440 1288 2046
2139 639 1588
639 1588 2139
1588 639 2139
758 720 2652
720 758 2652
2652 720 758
2061 544 2238
2238 544 2061
544 2061 2238
368 1448 2356
1448 368 2356
2356 368 1448
2132 1155 1571
1155 1571 2132
1571 1155 2132
1627 2130 2560
2130 1627 2560
2560 1627 2130
2942 638 1658
1658 638 2942
638 1658 2942
719 1212 2421
1212 719 2421
2421 719 1212
609 1098 1606
1098 609 1606
1606 609 1098
2684 1015 2201
2201 1015 2684
1015 2201 2684
2469 1223 2632
2632 1223 2469
1223 2469 2632
2893 358 1800
1800 358 2893
358 1800 2893
2963 27 2192
27 2192 2963
2192 27 2963
1154 1514 2451
1514 1154 2451
2451 1154 1514
759 2731 2762
2762 759 2731
2731 759 2762
2888 398 2546
398 2546 2888
2546 398 2888
1335 21 1144
21 1144 1335
1144 21 1335
883 410 1101
410 883 1101
1101 410 883
2371 291 884
884 291 2371
291 884 2371
2511 18 1250
18 1250 2511
1250 18 2511
2633 2293 2891
2891 2293 2633
2293 2633 2891
1736 66 1277
1277 66 1736
66 1277 1736
1454 1863 2429
2429 1454 1863
1863 1454 2429
2774 797 1875
1875 797 2774
797 1875 2774
2798 259 632
632 259 2798
259 632 2798
2515 1603 2395
2395 1603 2515
1603 2395 2515
693 144 529
529 144 693
144 529 693
1158 340 2122
2122 340 1158
340 1158 2122
852 621 644
644 621 852
621 644 852
2821 959 2643
959 2643 2821
2643 959 2821
721 2015 2453
2015 721 2453
2453 721 2015
1590 1427 2488
1427 1590 2488
2488 1427 1590
1032 1409 1417
1409 1032 1417
1417 1032 1409
171 1971 2522
1971 171 2522
2522 171 1971
722 1497 2521
1497 722 2521
2521 722 1497
1142 2415 2543
2543 1142 2415
2415 1142 2543
2265 126 394
394 126 2265
126 394 2265
2363 1182 1548
1182 1548 2363
1548 1182 2363
2852 289 1518
289 1518 2852
1518 289 2852
1771 819 879
879 819 1771
819 879 1771
2188 1573 1679
1573 1679 2188
1679 1573 2188
2849 64 1922
1922 64 2849
64 1922 2849
2439 890 2412
2412 890 2439
890 2412 2439
1273 1773 2104
2104 1273 1773
1773 1273 2104
2898 464 822
822 464 2898
464 822 2898
2975 1106 2759
2759 1106 2975
1106 2759 2975
1828 1360 2316
2316 1360 1828
1360 1828 2316
703 767 2718
767 703 2718
2718 703 767
7 255 2161
2161 7 255
255 7 2161
2958 983 1261
983 1261 2958
1261 983 2958
2464 2193 2726
2726 2193 2464
2193 2464 2726
1213 1305 1728
1728 1213 1305
1305 1213 1728
1661 306 1401
1401 306 1661
306 1401 1661
112 373 1054
1054 112 373
373 112 1054
2310 383 2427
383 2310 2427
2427 383 2310
344 617 2822
617 344 2822
2822 344 617
2651 470 1834
1834 470 2651
470 1834 2651
2556 403 1018
1018 403 2556
403 1018 2556
2399 655 2462
655 2399 2462
2462 655 2399
1578 157 1283
1283 157 1578
157 1283 1578
1085 1544 2581
1544 1085 2581
2581 1085 1544
2216 17 1609
17 1609 2216
1609 17 2216
1992 1181 2490
1181 1992 2490
2490 1181 1992
1064 404 1832
1832 404 1064
404 1064 1832
2465 232 1862
232 1862 2465
1862 232 2465
1815 1556 2416
2416 1556 1815
1556 1815 2416
1300 367 1400
367 1300 1400
1400 367 1300
1177 139 633
139 633 1177
633 139 1177
476 1703 2373
2373 476 1703
1703 476 2373
2098 1846 2160
1846 2098 2160
2160 1846 2098
2508 104 287
287 104 2508
104 287 2508
1608 951 1006
1006 951 1608
951 1006 1608
1244 169 1953
169 1244 1953
1953 169 1244
1480 877 1219
1219 877 1480
877 1219 1480
1964 532 2928
532 1964 2928
2928 532 1964
1284 299 2070
2070 299 1284
299 1284 2070
833 20 2164
20 833 2164
2164 20 833
950 2143 2644
2644 950 2143
2143 950 2644
2665 589 2113
589 2113 2665
2113 589 2665
857 535 1100
1100 535 857
535 857 1100
2516 124 1999
124 1999 2516
1999 124 2516
343 1386 2815
1386 343 2815
2815 343 1386
2163 507 961
507 961 2163
961 507 2163
2289 731 1996
731 1996 2289
1996 731 2289
495 2159 2914
2159 495 2914
2914 495 2159
430 206 2663
206 430 2663
2663 206 430
1505 2023 2117
2117 1505 2023
2023 1505 2117
1813 1980 2952
1980 1813 2952
2952 1813 1980
2720 269 962
269 962 2720
962 269 2720
2481 695 940
695 940 2481
940 695 2481
699 536 2973
2973 536 699
536 699 2973
1251 1601 1767
1767 1251 1601
1601 1251 1767
2344 1369 2617
1369 2344 2617
2617 1369 2344
2381 477 2623
477 2381 2623
2623 477 2381
454 1532 2449
1532 454 2449
2449 454 1532
1040 969 2549
2549 969 1040
969 1040 2549
2276 133 245
133 245 2276
245 133 2276
2057 317 2049
2049 317 2057
317 2049 2057
2583 915 1616
1616 915 2583
915 1616 2583
2555 355 985
355 985 2555
985 355 2555
2418 665 972
665 972 2418
972 665 2418
95 9 1062
9 95 1062
1062 9 95
2588 161 1525
161 1525 2588
1525 161 2588
1042 207 1753
207 1042 1753
1753 207 1042
2772 681 2051
2051 681 2772
681 2051 2772
1000 2467 2809
2467 1000 2809
2809 1000 2467
447 1312 1968
1968 447 1312
1312 447 1968
545 1135 1359
1135 545 1359
1359 545 1135
2559 791 2827
791 2559 2827
2827 791 2559
2183 552 1492
1492 552 2183
552 1492 2183
1302 1390 2263
2263 1302 1390
1390 1302 2263
1942 924 2173
924 1942 2173
2173 924 1942
1694 1350 1429
1350 1429 1694
1429 1350 1694
1575 202 2447
202 1575 2447
2447 202 1575
1222 308 2094
308 1222 2094
2094 308 1222
1068 926 1333
1333 926 1068
926 1068 1333
1711 247 1466
1466 247 1711
247 1466 1711
1884 1239 2587
1239 1884 2587
2587 1239 1884
1313 641 945
641 945 1313
945 641 1313
159 1754 2102
1754 159 2102
2102 159 1754
2930 514 2411
2411 514 2930
514 2411 2930
1434 227 2871
227 1434 2871
2871 227 1434
1357 1944 2505
1944 1357 2505
2505 1357 1944
2705 916 2854
2854 916 2705
916 2705 2854
371 2916 2934
2916 371 2934
2934 371 2916
1752 87 2730
2730 87 1752
87 1752 2730
1265 1557 1943
1943 1265 1557
1557 1265 1943
2943 385 2175
385 2175 2943
2175 385 2943
2513 401 2758
2758 401 2513
401 2513 2758
71 283 1310
283 71 1310
1310 71 283
239 1504 1614
1614 239 1504
1504 239 1614
707 1259 1890
1890 707 1259
1259 707 1890
672 2127 2689
2127 672 2689
2689 672 2127
421 1127 2941
1127 421 2941
2941 421 1127
970 1172 2990
1172 970 2990
2990 970 1172
2773 451 501
501 451 2773
451 501 2773
1128 366 2409
2409 366 1128
366 1128 2409
1546 690 2325
690 1546 2325
2325 690 1546
771 688 1807
1807 688 771
688 771 1807
2166 2777 2795
2795 2166 2777
2777 2166 2795
1618 1915 2904
2904 1618 1915
1915 1618 2904
735 851 1651
1651 735 851
851 735 1651
818 587 2701
2701 587 818
587 818 2701
2740 181 2699
2699 181 2740
181 2699 2740
379 1617 2196
2196 379 1617
1617 379 2196
73 311 2184
2184 73 311
311 73 2184
1656 43 2936
2936 43 1656
43 1656 2936
659 971 2380
2380 659 971
971 659 2380
521 1225 1746
1225 521 1746
1746 521 1225
2044 652 2788
2788 652 2044
652 2044 2788
2611 309 1725
309 1725 2611
1725 309 2611
2040 1906 1907
1906 1907 2040
1907 1906 2040
1939 251 402
402 251 1939
251 402 1939
831 223 2260
223 831 2260
2260 223 831
1266 1911 2881
1911 1266 2881
2881 1266 1911
914 510 2552
510 914 2552
2552 510 914
1031 277 593
593 277 1031
277 593 1031
1163 976 1965
1965 976 1163
976 1163 1965
2232 1270 1710
1710 1270 2232
1270 1710 2232
186 2154 2500
2500 186 2154
2154 186 2500
253 13 2234
13 253 2234
2234 13 253
58 123 2965
123 58 2965
2965 58 123
900 669 2698
2698 669 900
669 900 2698
1914 1424 1676
1676 1424 1914
1424 1676 1914
2203 710 1738
710 1738 2203
1738 710 2203
1199 188 2348
2348 188 1199
188 1199 2348
2929 580 2721
2721 580 2929
580 2721 2929
88 584 1509
1509 88 584
584 88 1509
2966 908 1374
1374 908 2966
908 1374 2966
2078 1672 1877
1672 1877 2078
1877 1672 2078
824 733 2000
733 824 2000
2000 733 824
46 1070 2875
1070 46 2875
2875 46 1070
774 1087 2131
1087 774 2131
2131 774 1087
2856 1086 2831
2831 1086 2856
1086 2831 2856
1797 1839 2125
1839 1797 2125
2125 1797 1839
1462 249 2858
249 1462 2858
2858 249 1462
2565 36 2801
36 2565 2801
2801 36 2565
524 1304 1778
1304 524 1778
1778 524 1304
84 1654 1793
1654 84 1793
1793 84 1654
2346 594 911
911 594 2346
594 911 2346
2537 57 192
192 57 2537
57 192 2537
768 1414 1647
1414 768 1647
1647 768 1414
568 663 2608
2608 568 663
663 568 2608
1653 2517 2741
2741 1653 2517
2517 1653 2741
917 1146 1924
1146 917 1924
1924 917 1146
2082 1481 2960
1481 2082 2960
2960 1481 2082
1435 200 527
200 527 1435
527 200 1435
2580 1787 2690
2690 1787 2580
1787 2580 2690
803 1235 1413
1235 803 1413
1413 803 1235
1681 870 1639
1639 870 1681
870 1639 1681
1245 1829 2215
1829 1245 2215
2215 1245 1829
2450 2765 2925
2925 2450 2765
2765 2450 2925
1874 1502 2019
2019 1502 1874
1502 1874 2019
11 881 2702
881 11 2702
2702 11 881
2805 267 1563
267 1563 2805
1563 267 2805
1204 2068 2604
2604 1204 2068
2068 1204 2604
2060 2382 2534
2382 2060 2534
2534 2060 2382
1938 1889 2660
1889 1938 2660
2660 1889 1938
1607 272 1597
272 1597 1607
1597 272 1607
1541 158 2375
2375 158 1541
158 1541 2375
2932 1297 1510
1297 1510 2932
1510 1297 2932
2568 1330 1812
1330 1812 2568
1812 1330 2568
1325 1437 2885
2885 1325 1437
1437 1325 2885
177 167 613
613 167 177
167 177 613
766 1750 1758
1758 766 1750
1750 766 1758
565 179 400
400 179 565
179 400 565
871 117 2342
2342 117 871
117 871 2342
2682 462 575
575 462 2682
462 575 2682
811 1545 1903
1545 811 1903
1903 811 1545
573 337 1363
1363 337 573
337 573 1363
765 1865 1982
1865 765 1982
1982 765 1865
78 1604 2312
1604 78 2312
2312 78 1604
805 591 751
591 751 805
751 591 805
2255 29 1299
29 1299 2255
1299 29 2255
48 2540 2892
2892 48 2540
2540 48 2892
988 389 2561
389 988 2561
2561 389 988
537 713 975
713 537 975
975 537 713
266 577 1045
577 266 1045
1045 266 577
654 1859 2388
1859 654 2388
2388 654 1859
185 854 2153
854 185 2153
2153 185 854
799 138 1384
138 799 1384
1384 138 799
1845 1973 2746
1973 1845 2746
2746 1845 1973
611 1036 1356
1036 611 1356
1356 611 1036
2541 1342 2494
1342 2494 2541
2494 1342 2541
2086 1488 2366
1488 2086 2366
2366 1488 2086
2392 423 427
423 427 2392
427 423 2392
338 925 2851
925 338 2851
2851 338 925
2996 2437 2933
2437 2933 2996
2933 2437 2996
875 107 2867
107 875 2867
2867 107 875
42 1178 2640
2640 42 1178
1178 42 2640
2547 1632 2506
2506 1632 2547
1632 2506 2547
1687 631 2007
631 1687 2007
2007 631 1687
1655 1479 1864
1864 1479 1655
1479 1655 1864
989 1396 1511
1396 989 1511
1511 989 1396
1972 452 2743
452 1972 2743
2743 452 1972
2103 566 1790
1790 566 2103
566 1790 2103
661 999 1050
999 661 1050
1050 661 999
2824 346 2803
