23122 18566 26903
26903 18566 23122
18566 23122 26903
26692 4624 19043
4624 19043 26692
19043 4624 26692
29683 16453 18665
16453 18665 29683
18665 16453 29683
24571 19342 27100
19342 24571 27100
27100 19342 24571
7203 5428 27486
27486 5428 7203
5428 7203 27486
6684 2875 16418
2875 6684 16418
16418 2875 6684
22676 3748 10762
10762 3748 22676
3748 10762 22676
27049 11601 29357
29357 11601 27049
11601 27049 29357
24461 2295 19691
19691 2295 24461
2295 19691 24461
26674 244 21841
244 21841 26674
21841 244 26674
24456 17918 22128
17918 22128 24456
22128 17918 24456
18789 18257 26811
26811 18257 18789
18257 18789 26811
2862 8779 16162
16162 2862 8779
8779 2862 16162
14246 17973 26844
26844 14246 17973
17973 14246 26844
8871 11792 14948
14948 8871 11792
11792 8871 14948
20090 367 7273
7273 367 20090
367 7273 20090
17362 4831 14994
4831 14994 17362
14994 4831 17362
10066 16286 27398
27398 10066 16286
16286 10066 27398
22036 3374 10428
3374 10428 22036
10428 3374 22036
24171 20626 27675
20626 24171 27675
27675 20626 24171
11544 25310 25766
25766 11544 25310
25310 11544 25766
587 13870 24940
13870 587 24940
24940 587 13870
29000 5634 17384
17384 5634 29000
5634 17384 29000
18380 23635 24582
24582 18380 23635
23635 18380 24582
26913 6080 9650
9650 6080 26913
6080 9650 26913
21733 1982 19632
1982 19632 21733
19632 1982 21733
21808 17070 26826
17070 21808 26826
26826 17070 21808
13077 8600 14986
8600 13077 14986
14986 8600 13077
2311 3193 21359
3193 2311 21359
21359 2311 3193
19918 4974 27668
4974 19918 27668
27668 4974 19918
11621 2887 16645
2887 11621 16645
16645 2887 11621
478 20482 28079
28079 478 20482
20482 478 28079
6313 25340 28580
25340 6313 28580
28580 6313 25340
15817 15057 23465
23465 15057 15817
15057 15817 23465
22219 2720 23839
2720 22219 23839
23839 2720 22219
3787 11786 27231
11786 3787 27231
27231 3787 11786
13238 9928 23957
23957 9928 13238
9928 13238 23957
2176 23445 24671
23445 2176 24671
24671 2176 23445
13454 4435 11895
4435 11895 13454
11895 4435 13454
6317 1225 6284
1225 6284 6317
6284 1225 6317
8722 10779 15779
10779 8722 15779
15779 8722 10779
8909 5577 14999
5577 8909 14999
14999 5577 8909
26306 15193 25553
25553 15193 26306
15193 25553 26306
29099 1591 22087
22087 1591 29099
1591 22087 29099
24089 3288 18111
3288 18111 24089
18111 3288 24089
17629 1849 9912
1849 9912 17629
9912 1849 17629
814 1500 24986
24986 814 1500
1500 814 24986
12084 4064 13936
13936 4064 12084
4064 12084 13936
26982 9123 11823
9123 11823 26982
11823 9123 26982
15630 11033 15673
15673 11033 15630
11033 15630 15673
15342 2773 6338
6338 2773 15342
2773 6338 15342
22224 2719 21172
2719 21172 22224
21172 2719 22224
22493 23723 26171
23723 22493 26171
26171 22493 23723
17359 1852 24205
24205 1852 17359
1852 17359 24205
20210 19427 24116
24116 19427 20210
19427 20210 24116
26060 18269 24610
24610 18269 26060
18269 24610 26060
11125 3163 4204
4204 3163 11125
3163 4204 11125
20162 3627 28373
3627 20162 28373
28373 3627 20162
23536 11860 26131
26131 11860 23536
11860 23536 26131
9237 6309 19813
6309 9237 19813
19813 6309 9237
19770 19319 24299
24299 19319 19770
19319 19770 24299
8862 16572 27311
27311 8862 16572
16572 8862 27311
18980 2122 24792
2122 18980 24792
24792 2122 18980
20770 14176 22230
14176 20770 22230
22230 14176 20770
393 25290 28035
28035 393 25290
25290 393 28035
17326 14831 17490
14831 17326 17490
17490 14831 17326
9066 7411 18413
7411 9066 18413
18413 7411 9066
17153 1077 7682
7682 1077 17153
1077 7682 17153
10551 5733 24605
24605 5733 10551
5733 10551 24605
16650 9537 20836
9537 16650 20836
20836 9537 16650
21052 18926 28007
28007 18926 21052
18926 21052 28007
13339 9417 14747
9417 13339 14747
14747 9417 13339
2088 5266 6877
6877 2088 5266
5266 2088 6877
10133 4428 8918
8918 4428 10133
4428 8918 10133
13446 21642 22835
22835 13446 21642
21642 13446 22835
1288 10210 27999
10210 1288 27999
27999 1288 10210
9558 1347 18177
1347 9558 18177
18177 1347 9558
6029 9396 24139
24139 6029 9396
9396 6029 24139
193 9056 16272
16272 193 9056
9056 193 16272
8452 17008 23242
17008 8452 23242
23242 8452 17008
10948 22139 28191
28191 10948 22139
22139 10948 28191
27441 4247 16262
4247 16262 27441
16262 4247 27441
12243 6387 9097
6387 9097 12243
9097 6387 12243
21110 8863 26873
26873 8863 21110
8863 21110 26873
1029 15399 22014
15399 1029 22014
22014 1029 15399
3695 4681 18156
4681 3695 18156
18156 3695 4681
392 23324 25727
25727 392 23324
23324 392 25727
22947 5598 9931
5598 9931 22947
9931 5598 22947
28616 16933 22690
16933 22690 28616
22690 16933 28616
16414 7068 14472
14472 7068 16414
7068 14472 16414
9337 7620 12494
7620 9337 12494
12494 7620 9337
15250 1649 19146
1649 15250 19146
19146 1649 15250
15128 10647 25128
10647 15128 25128
25128 10647 15128
20857 10184 17093
10184 17093 20857
17093 10184 20857
21438 13876 17322
17322 13876 21438
13876 17322 21438
17224 1132 26916
1132 17224 26916
26916 1132 17224
28487 16897 29365
16897 28487 29365
29365 16897 28487
29590 19198 22407
22407 19198 29590
19198 22407 29590
19914 14345 28889
28889 14345 19914
14345 19914 28889
24170 22949 24037
22949 24037 24170
24037 22949 24170
9834 745 22142
745 9834 22142
22142 745 9834
21284 20898 22115
20898 21284 22115
22115 20898 21284
26005 23771 23952
23771 23952 26005
23952 23771 26005
18558 16149 25655
25655 16149 18558
16149 18558 25655
11890 16462 23160
16462 11890 23160
23160 11890 16462
7661 2816 23404
23404 2816 7661
2816 7661 23404
4490 2604 27459
27459 2604 4490
2604 4490 27459
6072 2631 12327
2631 6072 12327
12327 2631 6072
19039 3290 23705
3290 19039 23705
23705 3290 19039
28036 7374 15355
15355 7374 28036
7374 15355 28036
9458 6432 23655
23655 6432 9458
6432 9458 23655
21689 10058 17293
17293 10058 21689
10058 17293 21689
17723 7499 8681
7499 8681 17723
8681 7499 17723
19195 17499 22601
22601 17499 19195
17499 19195 22601
22931 15046 17589
17589 15046 22931
15046 17589 22931
26431 14166 29251
14166 26431 29251
29251 14166 26431
3380 12995 20189
12995 3380 20189
20189 3380 12995
20934 8800 16830
16830 8800 20934
8800 16830 20934
15236 20147 22269
20147 15236 22269
22269 15236 20147
11784 894 24254
24254 894 11784
894 11784 24254
26095 10524 11274
10524 11274 26095
11274 10524 26095
19207 13745 29855
13745 19207 29855
29855 13745 19207
22876 2909 14517
14517 2909 22876
2909 14517 22876
22246 1317 18958
1317 18958 22246
18958 1317 22246
21803 19625 29798
29798 19625 21803
19625 21803 29798
12990 14418 22114
14418 12990 22114
22114 12990 14418
28188 19110 20188
19110 20188 28188
20188 19110 28188
23375 11704 22804
11704 22804 23375
22804 11704 23375
29355 17887 22753
22753 17887 29355
17887 22753 29355
5323 7269 25372
25372 5323 7269
7269 5323 25372
17944 11537 14465
14465 11537 17944
11537 14465 17944
24419 3249 11174
3249 11174 24419
11174 3249 24419
461 6699 10892
10892 461 6699
6699 461 10892
14964 1715 15554
1715 14964 15554
15554 1715 14964
11973 674 19047
19047 674 11973
674 11973 19047
20834 2935 28215
28215 2935 20834
2935 20834 28215
16205 4432 22605
4432 16205 22605
22605 4432 16205
374 4343 23672
4343 374 23672
23672 374 4343
13994 2376 22669
2376 13994 22669
22669 2376 13994
13209 5353 21240
5353 13209 21240
21240 5353 13209
16245 22781 25532
22781 16245 25532
25532 16245 22781
8268 4174 9247
9247 4174 8268
4174 8268 9247
22675 6632 8261
8261 6632 22675
6632 8261 22675
14130 15836 29455
29455 14130 15836
15836 14130 29455
21757 21233 26924
26924 21233 21757
21233 21757 26924
14047 9833 23156
9833 14047 23156
23156 9833 14047
24312 12389 28355
28355 12389 24312
12389 24312 28355
10870 1022 28459
28459 1022 10870
1022 10870 28459
8484 21536 27715
21536 8484 27715
27715 8484 21536
7279 9715 13044
13044 7279 9715
9715 7279 13044
24779 4954 9505
9505 4954 24779
4954 9505 24779
8692 10887 22425
10887 8692 22425
22425 8692 10887
1718 12689 22337
22337 1718 12689
12689 1718 22337
19501 15413 24678
24678 15413 19501
15413 19501 24678
6074 8327 19692
19692 6074 8327
8327 6074 19692
20378 7056 12256
7056 12256 20378
12256 7056 20378
20658 3641 25862
3641 20658 25862
25862 3641 20658
7271 13977 25905
13977 7271 25905
25905 7271 13977
26328 4302 27145
27145 4302 26328
4302 26328 27145
24926 6605 17367
17367 6605 24926
6605 17367 24926
29550 3032 7093
7093 3032 29550
3032 7093 29550
6412 15025 19779
15025 6412 19779
19779 6412 15025
9121 15746 16712
16712 9121 15746
15746 9121 16712
1156 19379 26638
26638 1156 19379
19379 1156 26638
24849 28019 29651
28019 24849 29651
29651 24849 28019
22909 13607 23956
13607 22909 23956
23956 13607 22909
17492 28795 29400
29400 17492 28795
28795 17492 29400
7297 233 24507
233 7297 24507
24507 233 7297
26650 1965 5183
1965 5183 26650
5183 1965 26650
29836 3195 6263
6263 3195 29836
3195 6263 29836
25315 9268 18094
9268 18094 25315
18094 9268 25315
22744 17103 24180
17103 22744 24180
24180 17103 22744
3583 1645 19160
19160 1645 3583
1645 3583 19160
1558 13422 22497
22497 1558 13422
13422 1558 22497
25397 14908 15750
14908 15750 25397
15750 14908 25397
12959 5575 14672
5575 12959 14672
14672 5575 12959
8934 9782 17435
9782 8934 17435
17435 8934 9782
24672 15769 21151
21151 15769 24672
15769 21151 24672
22957 5153 25791
5153 22957 25791
25791 5153 22957
19686 11910 21061
11910 19686 21061
21061 11910 19686
4385 1907 14034
14034 1907 4385
1907 4385 14034
28290 11105 27344
27344 11105 28290
11105 27344 28290
8630 17001 19953
17001 8630 19953
19953 8630 17001
4722 17656 19763
19763 4722 17656
17656 4722 19763
11884 14457 22691
22691 11884 14457
14457 11884 22691
19090 20288 21584
20288 19090 21584
21584 19090 20288
23624 5388 13269
5388 13269 23624
13269 5388 23624
21926 19766 25234
25234 19766 21926
19766 21926 25234
28367 19761 22097
19761 22097 28367
22097 19761 28367
9692 8629 15226
15226 8629 9692
8629 9692 15226
18832 11432 16664
16664 11432 18832
11432 16664 18832
22502 644 2955
2955 644 22502
644 2955 22502
28049 19290 24586
19290 24586 28049
24586 19290 28049
8638 1219 13032
1219 8638 13032
13032 1219 8638
8386 4057 23720
4057 8386 23720
23720 4057 8386
28710 2159 9874
2159 9874 28710
9874 2159 28710
19336 11870 21796
11870 19336 21796
21796 11870 19336
32 19124 21889
21889 32 19124
19124 32 21889
14402 5786 25159
25159 5786 14402
5786 14402 25159
12830 5398 10291
10291 5398 12830
5398 10291 12830
7287 9169 28751
28751 7287 9169
9169 7287 28751
17880 15431 23869
23869 15431 17880
15431 17880 23869
7134 13584 14455
14455 7134 13584
13584 7134 14455
26725 20163 22417
20163 22417 26725
22417 20163 26725
24107 1363 25928
1363 24107 25928
25928 1363 24107
19771 5076 15600
15600 5076 19771
5076 15600 19771
8804 3549 17168
17168 3549 8804
3549 8804 17168
10437 7042 19181
7042 10437 19181
19181 7042 10437
12455 15308 24494
24494 12455 15308
15308 12455 24494
18234 12839 27105
27105 12839 18234
12839 18234 27105
4659 20727 29335
29335 4659 20727
20727 4659 29335
19851 10906 27148
27148 10906 19851
10906 19851 27148
6451 679 7082
679 6451 7082
7082 679 6451
8794 7175 24578
7175 8794 24578
24578 7175 8794
24829 2876 7003
2876 7003 24829
7003 2876 24829
1177 14138 15113
15113 1177 14138
14138 1177 15113
17410 19040 29712
19040 17410 29712
29712 17410 19040
3108 5231 27041
5231 3108 27041
27041 3108 5231
20439 26948 29178
29178 20439 26948
26948 20439 29178
25511 2797 24941
24941 2797 25511
2797 24941 25511
9927 17297 23698
23698 9927 17297
17297 9927 23698
4669 3005 6867
3005 4669 6867
6867 3005 4669
20192 6601 21830
6601 20192 21830
21830 6601 20192
5221 3424 26392
26392 3424 5221
3424 5221 26392
21329 18513 26981
26981 18513 21329
18513 21329 26981
21721 1792 9596
1792 9596 21721
9596 1792 21721
21701 2771 12183
12183 2771 21701
2771 12183 21701
26091 16474 18628
16474 18628 26091
18628 16474 26091
24503 11911 24081
11911 24081 24503
24081 11911 24503
22239 13796 23971
23971 13796 22239
13796 22239 23971
20534 5405 27653
5405 20534 27653
27653 5405 20534
17934 10171 29064
29064 10171 17934
10171 17934 29064
9408 25507 26167
25507 9408 26167
26167 9408 25507
6324 8586 11004
8586 6324 11004
11004 6324 8586
808 12896 16513
16513 808 12896
12896 808 16513
15980 13150 18523
18523 13150 15980
13150 15980 18523
59 21794 27005
21794 59 27005
27005 59 21794
23014 13726 19243
19243 13726 23014
13726 19243 23014
28722 5527 14084
14084 5527 28722
5527 14084 28722
28285 19956 20270
20270 19956 28285
19956 20270 28285
18843 18702 21001
21001 18702 18843
18702 18843 21001
18310 5198 20621
20621 5198 18310
5198 18310 20621
2172 8295 19739
19739 2172 8295
8295 2172 19739
8158 14254 24649
24649 8158 14254
14254 8158 24649
732 9077 23334
23334 732 9077
9077 732 23334
2446 16214 21956
21956 2446 16214
16214 2446 21956
29903 11979 16600
11979 16600 29903
16600 11979 29903
17620 18565 20610
20610 17620 18565
18565 17620 20610
20634 25322 29424
29424 20634 25322
25322 20634 29424
12524 776 22983
22983 776 12524
776 12524 22983
1811 18450 25676
25676 1811 18450
18450 1811 25676
13387 904 18448
18448 904 13387
904 13387 18448
15275 1677 11430
1677 11430 15275
11430 1677 15275
24356 8184 26669
26669 8184 24356
8184 24356 26669
25746 3455 20323
3455 20323 25746
20323 3455 25746
19727 9994 19569
9994 19569 19727
19569 9994 19727
3437 394 7332
394 3437 7332
7332 394 3437
15614 13738 14871
13738 14871 15614
14871 13738 15614
10632 12597 19663
19663 10632 12597
12597 10632 19663
17318 17418 25921
25921 17318 17418
17418 17318 25921
25581 13203 17163
13203 17163 25581
17163 13203 25581
25203 3677 5148
5148 3677 25203
3677 5148 25203
418 10754 24286
24286 418 10754
10754 418 24286
27546 13225 24623
24623 13225 27546
13225 24623 27546
18792 3528 15196
15196 3528 18792
3528 15196 18792
29922 2840 20914
20914 2840 29922
2840 20914 29922
5789 9338 17412
9338 5789 17412
17412 5789 9338
7318 5380 18479
5380 7318 18479
18479 5380 7318
16147 6399 9324
6399 9324 16147
9324 6399 16147
23000 9847 17291
17291 9847 23000
9847 17291 23000
13309 21664 24217
21664 13309 24217
24217 13309 21664
11934 11309 28681
28681 11309 11934
11309 11934 28681
7525 8000 26439
8000 7525 26439
26439 7525 8000
2913 3243 29880
29880 2913 3243
3243 2913 29880
4275 21281 24857
24857 4275 21281
21281 4275 24857
12808 12093 19825
19825 12093 12808
12093 12808 19825
10418 2721 18518
18518 2721 10418
2721 10418 18518
14777 15281 23289
15281 14777 23289
23289 14777 15281
6575 12486 16805
16805 6575 12486
12486 6575 16805
7200 2204 16559
16559 2204 7200
2204 7200 16559
26803 3011 18259
18259 3011 26803
3011 18259 26803
22432 195 27989
195 22432 27989
27989 195 22432
12819 1432 3705
3705 1432 12819
1432 3705 12819
15221 8612 10670
8612 10670 15221
10670 8612 15221
23782 2544 25841
2544 23782 25841
25841 2544 23782
1561 23373 23610
23610 1561 23373
23373 1561 23610
24707 4760 21347
21347 4760 24707
4760 21347 24707
12719 7370 10075
7370 10075 12719
10075 7370 12719
10031 21818 28788
21818 10031 28788
28788 10031 21818
10081 9647 19697
19697 9647 10081
9647 10081 19697
4126 1684 4798
4798 1684 4126
1684 4126 4798
9407 21681 26927
26927 9407 21681
21681 9407 26927
9213 1054 27890
27890 1054 9213
1054 9213 27890
28481 10248 15716
10248 15716 28481
15716 10248 28481
10629 17655 22056
17655 10629 22056
22056 10629 17655
18842 3820 24984
24984 3820 18842
3820 18842 24984
16360 1973 16972
16972 1973 16360
1973 16360 16972
15497 9478 14053
9478 14053 15497
14053 9478 15497
28754 9746 16686
16686 9746 28754
9746 16686 28754
12782 10386 19464
10386 12782 19464
19464 10386 12782
3591 355 9887
355 3591 9887
9887 355 3591
26304 6842 7250
6842 7250 26304
7250 6842 26304
8823 3129 22283
22283 3129 8823
3129 8823 22283
23562 19168 21196
19168 21196 23562
21196 19168 23562
8631 9667 16302
16302 8631 9667
9667 8631 16302
22686 15730 16200
15730 16200 22686
16200 15730 22686
23437 3721 17950
3721 17950 23437
17950 3721 23437
325 13714 15477
15477 325 13714
13714 325 15477
21150 18089 23599
23599 18089 21150
18089 21150 23599
5873 2802 29146
29146 2802 5873
2802 5873 29146
82 6098 11300
6098 82 11300
11300 82 6098
12082 7434 12168
12168 7434 12082
7434 12082 12168
7908 6390 14965
6390 7908 14965
14965 6390 7908
21364 9527 11661
11661 9527 21364
9527 11661 21364
16879 1793 24376
24376 1793 16879
1793 16879 24376
10076 14436 18856
18856 10076 14436
14436 10076 18856
28518 15088 20868
15088 20868 28518
20868 15088 28518
28435 12279 15493
15493 12279 28435
12279 15493 28435
24397 7747 25163
7747 24397 25163
25163 7747 24397
10941 9970 13626
9970 10941 13626
13626 9970 10941
8318 14150 21846
21846 8318 14150
14150 8318 21846
10836 4211 16177
16177 4211 10836
4211 10836 16177
28744 12463 18157
18157 12463 28744
12463 18157 28744
28608 10908 26335
26335 10908 28608
10908 26335 28608
8695 18839 28397
28397 8695 18839
18839 8695 28397
15910 6164 20261
20261 6164 15910
6164 15910 20261
22098 17102 19378
19378 17102 22098
17102 19378 22098
12027 12007 27799
12007 12027 27799
27799 12007 12027
24853 3279 26671
3279 24853 26671
26671 3279 24853
20758 3257 8127
8127 3257 20758
3257 8127 20758
22795 15934 28646
28646 15934 22795
15934 22795 28646
13360 1018 19816
1018 13360 19816
19816 1018 13360
17780 4619 12891
12891 4619 17780
4619 12891 17780
20480 9344 25251
25251 9344 20480
9344 20480 25251
24719 2335 26059
26059 2335 24719
2335 24719 26059
18508 11649 27619
11649 18508 27619
27619 11649 18508
3464 1032 11165
11165 1032 3464
1032 3464 11165
24100 20912 22932
22932 20912 24100
20912 22932 24100
28097 7907 27898
27898 7907 28097
7907 27898 28097
22244 15459 19230
19230 15459 22244
15459 19230 22244
1929 7081 12237
12237 1929 7081
7081 1929 12237
17545 1313 11098
1313 11098 17545
11098 1313 17545
4152 19612 21844
21844 4152 19612
19612 4152 21844
18331 6108 22527
22527 6108 18331
6108 18331 22527
12192 558 13349
13349 558 12192
558 12192 13349
12191 16066 28349
16066 12191 28349
28349 12191 16066
8092 12911 15959
12911 8092 15959
15959 8092 12911
8749 27295 28166
28166 8749 27295
27295 8749 28166
17420 582 7264
582 7264 17420
7264 582 17420
5973 9777 27500
9777 5973 27500
27500 5973 9777
18592 4763 25010
4763 18592 25010
25010 4763 18592
27870 16432 20988
16432 20988 27870
20988 16432 27870
10434 1985 15527
1985 10434 15527
15527 1985 10434
2412 10656 14854
10656 2412 14854
14854 2412 10656
16415 12124 13064
13064 12124 16415
12124 13064 16415
6177 2244 24241
2244 6177 24241
24241 2244 6177
24413 655 10967
10967 655 24413
655 10967 24413
9397 11109 25901
25901 9397 11109
11109 9397 25901
29313 9282 13676
9282 13676 29313
13676 9282 29313
2386 2681 4181
4181 2386 2681
2681 2386 4181
12590 18873 28577
28577 12590 18873
18873 12590 28577
29300 17654 29685
17654 29300 29685
29685 17654 29300
5304 20676 28213
20676 5304 28213
28213 5304 20676
29426 1511 11318
11318 1511 29426
1511 11318 29426
19036 14779 22590
14779 19036 22590
22590 14779 19036
3281 25370 26149
25370 3281 26149
26149 3281 25370
16828 20387 24727
20387 16828 24727
24727 16828 20387
21523 1323 1378
1378 1323 21523
1323 1378 21523
4355 7159 17844
7159 4355 17844
17844 4355 7159
15501 26711 28263
28263 15501 26711
26711 15501 28263
19758 18332 21115
21115 18332 19758
18332 19758 21115
3978 17050 21299
21299 3978 17050
17050 3978 21299
26963 11100 21872
21872 11100 26963
11100 21872 26963
467 20145 29474
20145 467 29474
29474 467 20145
12640 111 16655
16655 111 12640
111 12640 16655
17238 4053 11509
11509 4053 17238
4053 11509 17238
20021 14421 17764
14421 17764 20021
17764 14421 20021
18021 8976 19916
8976 18021 19916
19916 8976 18021
27803 7710 12376
7710 12376 27803
12376 7710 27803
4440 7040 12848
7040 4440 12848
12848 4440 7040
11064 14407 24434
14407 11064 24434
24434 11064 14407
25718 1775 19004
1775 19004 25718
19004 1775 25718
29975 2897 24458
24458 2897 29975
2897 24458 29975
9521 27818 29117
27818 9521 29117
29117 9521 27818
18295 9112 19946
19946 9112 18295
9112 18295 19946
25306 10678 26595
26595 10678 25306
10678 25306 26595
24489 3607 27246
27246 3607 24489
3607 24489 27246
703 3565 25958
25958 703 3565
3565 703 25958
7465 8783 24293
8783 7465 24293
24293 7465 8783
14731 4464 11112
4464 11112 14731
11112 4464 14731
15083 16563 28565
16563 15083 28565
28565 15083 16563
18973 21358 26081
26081 18973 21358
21358 18973 26081
561 3104 12671
3104 561 12671
12671 561 3104
25144 4982 7812
7812 4982 25144
4982 7812 25144
18193 18469 21729
21729 18193 18469
18469 18193 21729
23521 15252 23386
23386 15252 23521
15252 23386 23521
21293 10767 16078
10767 16078 21293
16078 10767 21293
22191 12602 19842
12602 19842 22191
19842 12602 22191
9679 8397 29513
29513 8397 9679
8397 9679 29513
20674 25782 26518
26518 20674 25782
25782 20674 26518
1479 3130 4699
3130 1479 4699
4699 1479 3130
16957 4816 18934
4816 16957 18934
18934 4816 16957
6700 17793 18989
17793 6700 18989
18989 6700 17793
19026 5777 28548
28548 5777 19026
5777 19026 28548
25410 13882 25963
13882 25410 25963
25963 13882 25410
29069 5594 8232
8232 5594 29069
5594 8232 29069
29208 18478 23856
18478 23856 29208
23856 18478 29208
3228 7191 12018
12018 3228 7191
7191 3228 12018
24872 4967 9479
4967 9479 24872
9479 4967 24872
17602 10783 26033
26033 10783 17602
10783 17602 26033
22856 20303 23924
20303 22856 23924
23924 20303 22856
6197 20473 28074
28074 6197 20473
20473 6197 28074
6160 10742 21495
21495 6160 10742
10742 6160 21495
16556 13580 27363
27363 13580 16556
13580 16556 27363
27931 4999 14917
14917 4999 27931
4999 14917 27931
15562 840 24648
840 15562 24648
24648 840 15562
25347 14545 26153
26153 14545 25347
14545 25347 26153
17916 184 23783
184 17916 23783
23783 184 17916
28978 5848 16823
16823 5848 28978
5848 16823 28978
16704 8272 10347
8272 10347 16704
10347 8272 16704
22512 21622 28120
21622 22512 28120
28120 21622 22512
7771 11771 21067
11771 7771 21067
21067 7771 11771
4549 639 6886
639 4549 6886
6886 639 4549
14086 16724 24687
24687 14086 16724
16724 14086 24687
15821 5181 5880
5880 5181 15821
5181 5880 15821
18376 2285 3953
3953 2285 18376
2285 3953 18376
25014 3882 24650
24650 3882 25014
3882 24650 25014
19245 14712 21092
14712 19245 21092
21092 14712 19245
14551 21443 25587
25587 14551 21443
21443 14551 25587
4889 1729 2705
2705 1729 4889
1729 2705 4889
20507 5089 25974
25974 5089 20507
5089 20507 25974
29057 1610 24247
1610 24247 29057
24247 1610 29057
7928 5229 28837
28837 5229 7928
5229 7928 28837
22994 2166 13186
13186 2166 22994
2166 13186 22994
1816 1452 10402
10402 1452 1816
1452 1816 10402
28286 18036 28609
28609 18036 28286
18036 28286 28609
5721 11929 17442
11929 5721 17442
17442 5721 11929
28375 11323 12627
12627 11323 28375
11323 12627 28375
20182 16091 29524
16091 20182 29524
29524 16091 20182
22858 3708 29298
29298 3708 22858
3708 22858 29298
22670 769 2246
2246 769 22670
769 2246 22670
7641 8312 23341
23341 7641 8312
8312 7641 23341
27867 1072 18145
1072 18145 27867
18145 1072 27867
6733 11435 23708
11435 6733 23708
23708 6733 11435
19643 1037 23154
1037 19643 23154
23154 1037 19643
11325 4737 27542
4737 11325 27542
27542 4737 11325
13220 4927 28547
4927 13220 28547
28547 4927 13220
28732 20580 23526
20580 23526 28732
23526 20580 28732
27932 12180 17202
17202 12180 27932
12180 17202 27932
29759 5207 28854
28854 5207 29759
5207 28854 29759
16799 21082 26110
21082 16799 26110
26110 16799 21082
28150 3825 23266
3825 23266 28150
23266 3825 28150
18115 1183 16076
16076 1183 18115
1183 16076 18115
11145 3798 11230
3798 11145 11230
11230 3798 11145
19050 757 23695
23695 757 19050
757 19050 23695
5121 4789 21754
21754 4789 5121
4789 5121 21754
21190 20124 21204
20124 21190 21204
21204 20124 21190
3525 9199 9522
9199 3525 9522
9522 3525 9199
20970 6322 10078
10078 6322 20970
6322 10078 20970
29023 20065 29615
29615 20065 29023
20065 29023 29615
23232 11902 14394
11902 14394 23232
14394 11902 23232
18346 28133 29876
29876 18346 28133
28133 18346 29876
3884 6505 17505
17505 3884 6505
6505 3884 17505
4637 15032 25319
25319 4637 15032
15032 4637 25319
28909 4678 9655
9655 4678 28909
4678 9655 28909
6692 4726 13242
13242 4726 6692
4726 6692 13242
17279 14702 22113
22113 14702 17279
14702 17279 22113
23716 21809 24394
24394 21809 23716
21809 23716 24394
20233 19435 27851
27851 19435 20233
19435 20233 27851
2570 10143 25317
10143 2570 25317
25317 2570 10143
27717 6840 17858
6840 17858 27717
17858 6840 27717
22499 13998 18880
13998 18880 22499
18880 13998 22499
9737 9890 11074
11074 9737 9890
9890 9737 11074
20116 2652 28242
2652 20116 28242
28242 2652 20116
22376 17635 25504
25504 17635 22376
17635 22376 25504
17264 7595 20974
7595 17264 20974
20974 7595 17264
7738 20219 25924
20219 7738 25924
25924 7738 20219
1905 5052 10128
10128 1905 5052
5052 1905 10128
3784 16236 18960
16236 3784 18960
18960 3784 16236
28069 23668 23980
23668 23980 28069
23980 23668 28069
21194 6557 21687
6557 21194 21687
21687 6557 21194
12153 4990 13782
4990 12153 13782
13782 4990 12153
25070 1419 2625
2625 1419 25070
1419 2625 25070
7679 4349 19423
4349 7679 19423
19423 4349 7679
855 3711 7541
7541 855 3711
3711 855 7541
7016 3337 29823
3337 7016 29823
29823 3337 7016
7351 15463 22774
22774 7351 15463
15463 7351 22774
29752 15549 15757
15757 15549 29752
15549 15757 29752
2718 4824 13120
4824 2718 13120
13120 2718 4824
24481 12560 20408
12560 20408 24481
20408 12560 24481
8280 2550 26699
2550 8280 26699
26699 2550 8280
11014 25029 27261
25029 11014 27261
27261 11014 25029
26535 10178 13679
13679 10178 26535
10178 13679 26535
28882 17653 18990
17653 18990 28882
18990 17653 28882
16369 15339 17396
15339 16369 17396
17396 15339 16369
7106 514 23148
23148 514 7106
514 7106 23148
8811 1360 17404
17404 1360 8811
1360 8811 17404
806 1592 22710
1592 806 22710
22710 806 1592
12636 2060 26642
2060 12636 26642
26642 2060 12636
12742 10023 24704
10023 12742 24704
24704 10023 12742
4370 3869 6785
6785 3869 4370
3869 4370 6785
18632 7607 11915
7607 11915 18632
11915 7607 18632
10170 1502 7931
7931 1502 10170
1502 7931 10170
10482 8807 22961
8807 10482 22961
22961 8807 10482
10999 24490 27719
27719 10999 24490
24490 10999 27719
21546 11295 24070
24070 11295 21546
11295 21546 24070
775 204 4402
204 775 4402
4402 204 775
25295 10584 15812
15812 10584 25295
10584 15812 25295
3211 3960 7987
7987 3211 3960
3960 3211 7987
16464 26393 29985
26393 16464 29985
29985 16464 26393
285 13516 18967
13516 285 18967
18967 285 13516
15587 6916 19371
19371 6916 15587
6916 15587 19371
10680 15383 27032
27032 10680 15383
15383 10680 27032
16202 15090 20306
20306 15090 16202
15090 16202 20306
24677 42 1735
1735 42 24677
42 1735 24677
12801 6103 18130
6103 12801 18130
18130 6103 12801
24486 4233 27819
4233 24486 27819
27819 4233 24486
29453 14732 15648
14732 15648 29453
15648 14732 29453
17831 1535 3727
1535 3727 17831
3727 1535 17831
14385 10687 25632
10687 14385 25632
25632 10687 14385
22234 19954 21986
19954 21986 22234
21986 19954 22234
6223 15896 25289
25289 6223 15896
15896 6223 25289
21055 17249 25089
25089 17249 21055
17249 21055 25089
10755 1964 27456
27456 1964 10755
1964 10755 27456
27175 1030 7126
1030 7126 27175
7126 1030 27175
6244 16290 25592
16290 6244 25592
25592 6244 16290
29490 24873 27254
27254 24873 29490
24873 27254 29490
18861 11085 11511
11085 11511 18861
11511 11085 18861
17854 13873 21798
13873 17854 21798
21798 13873 17854
10158 23831 28809
28809 10158 23831
23831 10158 28809
14393 357 9549
9549 357 14393
357 9549 14393
10056 21117 27855
27855 10056 21117
21117 10056 27855
21696 1421 11552
11552 1421 21696
1421 11552 21696
23745 3996 14555
3996 14555 23745
14555 3996 23745
19326 13354 18953
18953 13354 19326
13354 18953 19326
25936 18184 22628
22628 18184 25936
18184 22628 25936
21957 11534 27319
11534 21957 27319
27319 11534 21957
7424 26782 28611
26782 7424 28611
28611 7424 26782
4670 7865 13655
7865 4670 13655
13655 4670 7865
27917 8217 27014
8217 27014 27917
27014 8217 27917
16485 8494 9783
9783 8494 16485
8494 9783 16485
16283 21292 27107
21292 16283 27107
27107 16283 21292
22108 86 26370
86 22108 26370
26370 86 22108
9382 14424 27371
14424 9382 27371
27371 9382 14424
12059 8132 10146
8132 10146 12059
10146 8132 12059
20860 9223 16496
16496 9223 20860
9223 16496 20860
470 1139 25733
25733 470 1139
1139 470 25733
361 711 28462
28462 361 711
711 361 28462
15606 2268 10614
2268 10614 15606
10614 2268 15606
16893 2560 15080
2560 15080 16893
15080 2560 16893
7280 1390 11078
11078 1390 7280
1390 7280 11078
24999 6112 13581
13581 6112 24999
6112 13581 24999
181 138 12229
138 181 12229
12229 138 181
22754 2903 4766
4766 2903 22754
2903 4766 22754
14462 6380 28174
6380 14462 28174
28174 6380 14462
20765 9351 21024
21024 9351 20765
9351 20765 21024
3324 20590 22969
20590 3324 22969
22969 3324 20590
5888 4113 20211
20211 4113 5888
4113 5888 20211
1214 14467 25475
14467 1214 25475
25475 1214 14467
23645 897 1892
1892 897 23645
897 1892 23645
11631 66 20120
66 11631 20120
20120 66 11631
9433 4159 9769
4159 9433 9769
9769 4159 9433
2664 628 20428
628 2664 20428
20428 628 2664
18280 7128 19179
19179 7128 18280
7128 18280 19179
3109 12902 14949
14949 3109 12902
12902 3109 14949
2431 16920 20549
20549 2431 16920
16920 2431 20549
3629 1287 24877
24877 1287 3629
1287 3629 24877
10874 16629 26647
16629 10874 26647
26647 10874 16629
10777 1941 11314
11314 1941 10777
1941 10777 11314
12384 10151 19623
19623 10151 12384
10151 12384 19623
15956 1959 15035
15035 1959 15956
1959 15035 15956
29587 6311 20819
20819 6311 29587
6311 20819 29587
6535 868 18352
18352 868 6535
868 6535 18352
3316 23129 24519
24519 3316 23129
23129 3316 24519
25095 5983 11356
11356 5983 25095
5983 11356 25095
9614 1437 21966
1437 9614 21966
21966 1437 9614
3489 9261 26024
26024 3489 9261
9261 3489 26024
27096 8649 11807
8649 11807 27096
11807 8649 27096
1603 1459 14637
1459 1603 14637
14637 1459 1603
29270 5492 10922
10922 5492 29270
5492 10922 29270
4024 9415 26972
9415 4024 26972
26972 4024 9415
13611 1593 7067
1593 7067 13611
7067 1593 13611
4704 995 18422
995 4704 18422
18422 995 4704
29804 27514 28447
27514 28447 29804
28447 27514 29804
348 5279 13014
5279 348 13014
13014 348 5279
13172 2936 18904
18904 2936 13172
2936 13172 18904
17482 12774 14376
14376 12774 17482
12774 14376 17482
999 895 28678
895 999 28678
28678 895 999
7944 5514 24097
5514 7944 24097
24097 5514 7944
13167 18912 20297
20297 13167 18912
18912 13167 20297
22478 236 6638
236 6638 22478
6638 236 22478
5938 5258 9663
5258 5938 9663
9663 5258 5938
9259 10741 28194
10741 9259 28194
28194 9259 10741
457 17014 21892
17014 457 21892
21892 457 17014
8930 15521 24423
24423 8930 15521
15521 8930 24423
15790 1389 19017
19017 1389 15790
1389 15790 19017
18993 19062 21143
21143 18993 19062
19062 18993 21143
20671 6799 12946
6799 12946 20671
12946 6799 20671
4489 8675 27755
27755 4489 8675
8675 4489 27755
3875 13417 24536
24536 3875 13417
13417 3875 24536
10470 11415 19777
11415 10470 19777
19777 10470 11415
382 2103 5098
5098 382 2103
2103 382 5098
19539 11894 24782
24782 11894 19539
11894 19539 24782
22338 12335 27672
27672 12335 22338
12335 22338 27672
2495 5082 9553
5082 2495 9553
9553 2495 5082
27981 11970 15887
11970 15887 27981
15887 11970 27981
7485 3178 10369
10369 3178 7485
3178 7485 10369
8942 3273 24098
24098 3273 8942
3273 8942 24098
4168 9356 13268
9356 4168 13268
13268 4168 9356
21573 6486 20092
6486 20092 21573
20092 6486 21573
29126 2939 4241
2939 4241 29126
4241 2939 29126
4826 6895 23900
6895 4826 23900
23900 4826 6895
15075 21353 26855
21353 15075 26855
26855 15075 21353
12947 12544 12923
12923 12544 12947
12544 12923 12947
25931 15466 18751
18751 15466 25931
15466 18751 25931
25689 8828 9089
8828 9089 25689
9089 8828 25689
24842 16565 17996
16565 17996 24842
17996 16565 24842
20607 15880 20932
20932 15880 20607
15880 20607 20932
17415 1653 11099
1653 11099 17415
11099 1653 17415
11991 2662 29782
29782 2662 11991
2662 11991 29782
19942 16436 18661
16436 18661 19942
18661 16436 19942
11947 14343 25209
14343 11947 25209
25209 11947 14343
22609 3517 14694
14694 3517 22609
3517 14694 22609
25965 3262 25228
25228 3262 25965
3262 25228 25965
12752 14032 20010
20010 12752 14032
14032 12752 20010
17541 18859 22409
18859 17541 22409
22409 17541 18859
28046 16975 18083
16975 18083 28046
18083 16975 28046
21000 20109 28781
20109 21000 28781
28781 20109 21000
29929 13184 19832
13184 19832 29929
19832 13184 29929
11967 842 27405
27405 842 11967
842 11967 27405
24523 9465 26612
26612 9465 24523
9465 24523 26612
6928 9888 19757
9888 6928 19757
19757 6928 9888
2411 821 18401
18401 821 2411
821 2411 18401
1409 2634 8254
2634 1409 8254
8254 1409 2634
18681 5164 12035
5164 12035 18681
12035 5164 18681
27116 4284 23930
4284 23930 27116
23930 4284 27116
22656 21214 22535
21214 22535 22656
22535 21214 22656
17707 2823 13205
2823 13205 17707
13205 2823 17707
4950 3412 27326
3412 4950 27326
27326 3412 4950
11609 1819 10461
1819 10461 11609
10461 1819 11609
4773 433 456
456 433 4773
433 456 4773
10231 18780 26488
18780 10231 26488
26488 10231 18780
26568 4712 18747
4712 18747 26568
18747 4712 26568
6403 9806 17712
9806 6403 17712
17712 6403 9806
25495 17257 24674
24674 17257 25495
17257 24674 25495
20517 11451 21226
11451 20517 21226
21226 11451 20517
15717 16530 16747
16530 15717 16747
16747 15717 16530
1050 5156 27589
27589 1050 5156
5156 1050 27589
5193 2920 12096
12096 2920 5193
2920 5193 12096
25452 2889 20520
2889 20520 25452
20520 2889 25452
20910 20810 25123
25123 20810 20910
20810 20910 25123
19219 17302 20449
17302 19219 20449
20449 17302 19219
1734 3606 27035
3606 1734 27035
27035 1734 3606
26055 10643 17920
17920 10643 26055
10643 17920 26055
10468 7911 27112
7911 10468 27112
27112 7911 10468
20907 17668 22356
22356 17668 20907
17668 20907 22356
354 7363 18103
18103 354 7363
7363 354 18103
19094 1344 3809
1344 3809 19094
3809 1344 19094
9853 994 19458
994 9853 19458
19458 994 9853
4738 22930 28156
22930 4738 28156
28156 4738 22930
8598 23975 28716
28716 8598 23975
23975 8598 28716
23425 12831 22031
12831 22031 23425
22031 12831 23425
17399 11816 18222
11816 17399 18222
18222 11816 17399
3426 15912 29635
15912 3426 29635
29635 3426 15912
25763 46 18011
46 18011 25763
18011 46 25763
189 22525 24772
24772 189 22525
22525 189 24772
22270 25709 29421
25709 22270 29421
29421 22270 25709
20072 19879 23667
23667 19879 20072
19879 20072 23667
2575 28416 28772
28416 2575 28772
28772 2575 28416
2513 19091 24809
24809 2513 19091
19091 2513 24809
23359 26685 27045
26685 23359 27045
27045 23359 26685
6697 1284 14024
14024 1284 6697
1284 6697 14024
4918 4817 27340
4817 4918 27340
27340 4817 4918
26411 22452 27493
27493 22452 26411
22452 26411 27493
1489 961 22694
22694 961 1489
961 1489 22694
12669 13475 22291
22291 12669 13475
13475 12669 22291
7329 12797 29851
12797 7329 29851
29851 7329 12797
7177 8331 29814
8331 7177 29814
29814 7177 8331
1697 4594 21219
21219 1697 4594
4594 1697 21219
15320 15072 15257
15072 15257 15320
15257 15072 15320
17771 14107 23973
14107 17771 23973
23973 14107 17771
3105 4289 7898
7898 3105 4289
4289 3105 7898
15028 988 4154
4154 988 15028
988 4154 15028
5033 19118 23884
19118 5033 23884
23884 5033 19118
2057 1476 23044
1476 2057 23044
23044 1476 2057
17309 20909 21847
21847 17309 20909
20909 17309 21847
1332 4692 7808
7808 1332 4692
4692 1332 7808
26048 16410 21569
21569 16410 26048
16410 21569 26048
141 3563 21403
21403 141 3563
3563 141 21403
24848 10682 13806
10682 13806 24848
13806 10682 24848
5897 7073 14864
14864 5897 7073
7073 5897 14864
6609 8611 27426
27426 6609 8611
8611 6609 27426
26572 18175 19888
18175 19888 26572
19888 18175 26572
14716 15122 15421
15122 14716 15421
15421 14716 15122
7816 5396 15879
5396 7816 15879
15879 5396 7816
15272 10569 29705
10569 15272 29705
29705 10569 15272
26654 4872 25172
25172 4872 26654
4872 25172 26654
26136 11861 27137
11861 26136 27137
27137 11861 26136
17623 4065 4369
4369 4065 17623
4065 4369 17623
18908 10952 28990
28990 10952 18908
10952 18908 28990
5466 7828 19184
7828 5466 19184
19184 5466 7828
3208 9662 20705
9662 3208 20705
20705 3208 9662
6847 18650 19997
19997 6847 18650
18650 6847 19997
29447 1380 20196
1380 20196 29447
20196 1380 29447
22252 9991 21605
9991 21605 22252
21605 9991 22252
23091 20258 25771
20258 23091 25771
25771 20258 23091
22603 3253 8848
8848 3253 22603
3253 8848 22603
10298 12646 23840
12646 10298 23840
23840 10298 12646
16342 3576 26607
3576 16342 26607
26607 3576 16342
11757 6533 14574
6533 11757 14574
14574 6533 11757
21932 9254 18779
18779 9254 21932
9254 18779 21932
6578 24201 25062
24201 6578 25062
25062 6578 24201
3170 3240 6119
3240 3170 6119
6119 3170 3240
1423 2978 28848
28848 1423 2978
2978 1423 28848
4844 16220 19939
19939 4844 16220
16220 4844 19939
20762 7266 9054
7266 9054 20762
9054 7266 20762
3873 21020 27543
27543 3873 21020
21020 3873 27543
4335 5838 28813
5838 4335 28813
28813 4335 5838
24178 3537 28942
3537 24178 28942
28942 3537 24178
8897 25271 26560
25271 8897 26560
26560 8897 25271
18012 21122 23674
23674 18012 21122
21122 18012 23674
21463 20405 27529
27529 20405 21463
20405 21463 27529
6927 20216 22533
22533 6927 20216
20216 6927 22533
10147 593 3305
3305 593 10147
593 3305 10147
624 16024 24768
16024 624 24768
24768 624 16024
28688 1010 3065
1010 3065 28688
3065 1010 28688
973 5817 11097
11097 973 5817
5817 973 11097
17897 15472 19736
19736 15472 17897
15472 17897 19736
7350 7176 25714
25714 7176 7350
7176 7350 25714
22408 22055 25137
22055 22408 25137
25137 22055 22408
1152 5591 7802
5591 1152 7802
7802 1152 5591
25857 15246 27797
15246 25857 27797
27797 15246 25857
7984 14973 20546
14973 7984 20546
20546 7984 14973
13110 12300 20031
12300 13110 20031
20031 12300 13110
11964 22515 27879
27879 11964 22515
22515 11964 27879
10885 11745 23252
23252 10885 11745
11745 10885 23252
3453 3136 24457
3136 3453 24457
24457 3136 3453
20178 3779 23048
3779 20178 23048
23048 3779 20178
6402 9273 12934
12934 6402 9273
9273 6402 12934
25793 14384 17770
14384 17770 25793
17770 14384 25793
9161 2842 6864
2842 6864 9161
6864 2842 9161
5674 3256 23422
3256 5674 23422
23422 3256 5674
9839 5997 29368
5997 9839 29368
29368 5997 9839
9448 1048 1636
1636 1048 9448
1048 1636 9448
13532 6135 10534
6135 10534 13532
10534 6135 13532
24132 14808 27102
27102 14808 24132
14808 24132 27102
25105 5019 16966
16966 5019 25105
5019 16966 25105
21323 14172 18007
18007 14172 21323
14172 18007 21323
18815 142 14660
14660 142 18815
142 14660 18815
8362 16716 23124
23124 8362 16716
16716 8362 23124
16227 10802 19783
19783 10802 16227
10802 16227 19783
24019 15739 20086
15739 20086 24019
20086 15739 24019
4012 22582 28613
22582 4012 28613
28613 4012 22582
20009 3309 4215
3309 4215 20009
4215 3309 20009
6990 12519 28669
12519 6990 28669
28669 6990 12519
4792 3292 15799
3292 4792 15799
15799 3292 4792
28814 5251 29626
29626 5251 28814
5251 28814 29626
10983 9264 22820
22820 9264 10983
9264 10983 22820
24052 20689 26935
20689 24052 26935
26935 20689 24052
708 13775 14388
14388 708 13775
13775 708 14388
17783 3179 26109
3179 17783 26109
26109 3179 17783
22720 15537 18850
18850 15537 22720
15537 18850 22720
7975 989 11658
11658 989 7975
989 7975 11658
18739 2564 23063
2564 18739 23063
23063 2564 18739
26394 17026 22524
22524 17026 26394
17026 22524 26394
7054 25834 26957
25834 7054 26957
26957 7054 25834
6502 14285 21576
14285 6502 21576
21576 6502 14285
4640 3354 7035
7035 3354 4640
3354 4640 7035
7967 6204 8314
8314 6204 7967
6204 7967 8314
6096 11773 15935
11773 6096 15935
15935 6096 11773
19298 7884 18489
7884 18489 19298
18489 7884 19298
18915 1377 15704
1377 15704 18915
15704 1377 18915
13029 2112 28803
28803 2112 13029
2112 13029 28803
12451 3325 6968
6968 3325 12451
3325 6968 12451
8820 4155 4493
4155 4493 8820
4493 4155 8820
9630 14098 25854
25854 9630 14098
14098 9630 25854
29063 10946 23276
10946 23276 29063
23276 10946 29063
26598 16780 19363
16780 19363 26598
19363 16780 26598
22040 3910 17306
3910 17306 22040
17306 3910 22040
1884 16310 20156
16310 1884 20156
20156 1884 16310
22459 21633 23331
23331 21633 22459
21633 22459 23331
8219 10001 22797
22797 8219 10001
10001 8219 22797
172 3632 17426
17426 172 3632
3632 172 17426
2738 1147 22765
1147 2738 22765
22765 1147 2738
19733 6293 6871
6871 6293 19733
6293 6871 19733
25778 20702 27735
20702 25778 27735
27735 20702 25778
2734 18348 25739
25739 2734 18348
18348 2734 25739
7491 6110 23933
6110 7491 23933
23933 6110 7491
13559 5113 12413
5113 12413 13559
12413 5113 13559
