139 93 283
283 93 139
93 139 283
16 216 253
216 16 253
253 16 216
276 3 134
3 134 276
134 3 276
35 34 148
148 34 35
34 35 148
133 115 177
115 133 177
177 115 133
31 136 155
155 31 136
136 31 155
113 204 224
224 113 204
204 113 224
7 58 164
164 7 58
58 7 164
55 127 176
176 55 127
127 55 176
11 104 166
166 11 104
104 11 166
242 48 49
49 48 242
48 49 242
96 172 190
190 96 172
172 96 190
53 238 259
238 53 259
259 53 238
296 194 261
194 261 296
261 194 296
181 239 270
239 181 270
270 181 239
103 210 211
211 103 210
210 103 211
258 106 277
277 106 258
106 258 277
254 22 293
22 254 293
293 22 254
274 14 165
14 165 274
165 14 274
114 102 108
102 108 114
108 102 114
46 70 231
231 46 70
70 46 231
198 110 167
110 167 198
167 110 198
291 217 262
262 217 291
217 262 291
36 189 202
202 36 189
189 36 202
219 39 67
39 67 219
67 39 219
122 9 215
215 9 122
9 122 215
118 241 280
241 118 280
280 118 241
232 37 126
37 126 232
126 37 232
156 89 121
89 121 156
121 89 156
282 62 125
62 125 282
125 62 282
255 100 213
213 100 255
100 213 255
98 185 230
230 98 185
185 98 230
222 54 200
54 200 222
200 54 222
206 112 233
112 206 233
233 112 206
196 77 137
137 77 196
77 137 196
179 45 128
45 128 179
128 45 179
145 81 94
81 94 145
94 81 145
252 107 201
201 107 252
107 201 252
61 25 91
25 61 91
91 25 61
178 256 268
256 178 268
268 178 256
151 4 267
267 4 151
4 151 267
197 159 243
159 197 243
243 159 197
43 28 116
28 43 116
116 28 43
15 29 32
29 15 32
32 15 29
223 23 52
23 52 223
52 23 223
289 180 287
180 287 289
287 180 289
140 174 273
174 140 273
273 140 174
65 208 248
208 65 248
248 65 208
205 191 300
300 191 205
191 205 300
251 236 294
294 236 251
236 251 294
195 199 227
199 195 227
227 195 199
226 51 173
51 173 226
173 51 226
281 192 290
192 281 290
290 192 281
186 264 292
292 186 264
264 186 292
83 42 105
42 83 105
105 42 83
18 74 95
95 18 74
74 18 95
26 163 240
163 26 240
240 26 163
171 92 235
92 171 235
235 92 171
247 158 284
158 247 284
284 158 247
297 10 260
260 10 297
10 260 297
142 170 175
175 142 170
170 142 175
265 8 257
8 257 265
257 8 265
188 38 41
41 38 188
38 41 188
269 143 288
288 143 269
143 269 288
120 144 212
212 120 144
144 120 212
245 182 249
249 182 245
182 245 249
86 85 124
124 85 86
85 86 124
169 109 161
161 109 169
109 161 169
263 17 111
17 111 263
111 17 263
225 88 250
250 88 225
88 225 250
80 76 266
76 80 266
266 76 80
47 234 278
278 47 234
234 47 278
286 60 123
60 123 286
123 60 286
6 68 149
149 6 68
68 6 149
64 101 141
101 64 141
141 64 101
150 84 214
214 84 150
84 150 214
221 66 130
130 66 221
66 130 221
132 2 271
271 2 132
2 132 271
79 90 295
295 79 90
90 79 295
162 13 218
13 162 218
218 13 162
21 24 154
24 21 154
154 21 24
207 229 285
285 207 229
229 207 285
119 40 279
40 119 279
279 40 119
135 75 220
75 135 220
220 75 135
56 187 237
237 56 187
187 56 237
69 50 203
50 69 203
203 50 69
299 5 12
5 12 299
12 5 299
30 72 117
72 30 117
117 30 72
157 147 209
147 157 209
209 147 157
99 168 244
168 99 244
244 99 168
1 44 146
146 1 44
44 1 146
152 20 160
20 152 160
160 20 152
193 87 131
87 131 193
131 87 193
63 82 298
82 63 298
298 63 82
183 33 78
33 78 183
78 33 183
57 27 129
27 57 129
129 27 57
59 184 272
184 59 272
272 59 184
153 97 246
97 153 246
246 97 153
73 19 275
19 73 275
275 19 73
138 71 228
228 71 138
71 138 228
