35 100 152
152 35 100
100 35 152
266 57 240
57 240 266
240 57 266
185 53 199
199 53 185
53 185 199
5 58 111
111 5 58
58 5 111
23 11 178
178 11 23
11 23 178
66 110 204
110 66 204
204 66 110
147 122 162
162 122 147
122 147 162
215 227 238
227 215 238
238 215 227
135 3 299
299 3 135
3 135 299
6 4 255
4 6 255
255 4 6
237 68 234
68 234 237
234 68 237
88 67 76
76 67 88
67 76 88
216 284 292
284 216 292
292 216 284
63 231 248
231 63 248
248 63 231
184 150 279
150 184 279
279 150 184
300 50 214
214 50 300
50 214 300
250 16 209
16 209 250
209 16 250
43 26 291
26 43 291
291 26 43
126 55 103
55 103 126
103 55 126
98 61 223
223 61 98
61 98 223
253 13 75
75 13 253
13 75 253
200 164 166
164 166 200
166 164 200
277 51 213
51 213 277
213 51 277
189 70 198
198 70 189
70 189 198
201 156 267
267 156 201
156 201 267
42 107 182
107 42 182
182 42 107
25 159 271
159 25 271
271 25 159
205 117 229
117 205 229
229 117 205
49 20 124
124 20 49
20 49 124
93 286 293
293 93 286
286 93 293
31 34 217
34 31 217
217 31 34
251 155 173
173 155 251
155 173 251
218 108 285
108 218 285
285 108 218
2 202 236
236 2 202
202 2 236
37 106 273
106 37 273
273 37 106
275 127 139
139 127 275
127 139 275
197 181 186
181 186 197
186 181 197
125 73 210
73 125 210
210 73 125
18 179 191
191 18 179
179 18 191
65 44 174
174 44 65
44 65 174
193 263 268
263 193 268
268 193 263
116 69 206
69 116 206
206 69 116
28 94 115
94 28 115
115 28 94
121 87 289
289 87 121
87 121 289
40 9 15
15 9 40
9 15 40
33 1 56
1 33 56
56 1 33
64 24 39
39 24 64
24 39 64
272 81 180
81 180 272
180 81 272
96 145 148
145 96 148
148 96 145
90 29 112
29 90 112
112 29 90
123 85 169
169 85 123
85 123 169
274 101 104
101 104 274
104 101 274
154 27 170
170 27 154
27 154 170
207 105 142
105 142 207
142 105 207
252 153 220
153 220 252
220 153 252
8 97 288
288 8 97
97 8 288
265 158 167
167 158 265
158 167 265
48 157 208
208 48 157
157 48 208
17 143 228
228 17 143
143 17 228
222 175 203
203 175 222
175 203 222
133 109 260
109 133 260
260 109 133
22 183 233
183 22 233
233 22 183
283 74 190
74 190 283
190 74 283
118 261 296
296 118 261
261 118 296
249 140 195
140 195 249
195 140 249
19 144 287
144 19 287
287 19 144
83 177 276
177 83 276
276 83 177
14 235 241
241 14 235
235 14 241
131 30 295
295 30 131
30 131 295
257 47 86
86 47 257
47 86 257
46 102 165
165 46 102
102 46 165
138 95 188
95 138 188
188 95 138
41 77 176
77 41 176
176 41 77
52 137 149
137 52 149
149 52 137
212 62 136
62 136 212
136 62 212
134 91 245
91 134 245
245 91 134
84 59 278
59 84 278
278 59 84
294 7 242
7 242 294
242 7 294
119 247 264
247 119 264
264 119 247
246 60 258
258 60 246
60 246 258
161 269 297
269 161 297
297 161 269
262 92 171
171 92 262
92 171 262
194 196 221
221 194 196
196 194 221
82 32 298
32 82 298
298 32 82
270 129 259
129 259 270
259 129 270
232 168 280
168 232 280
280 168 232
243 54 79
54 79 243
79 54 243
160 71 219
219 71 160
71 160 219
120 211 254
254 120 211
211 120 254
12 132 290
290 12 132
132 12 290
114 38 78
78 38 114
38 78 114
224 151 172
151 172 224
172 151 224
80 45 72
72 45 80
45 72 80
281 128 225
225 128 281
128 225 281
36 130 226
130 36 226
226 36 130
239 146 256
146 239 256
256 146 239
187 163 244
244 163 187
163 187 244
99 230 282
282 99 230
230 99 282
10 89 113
89 10 113
113 10 89
192 21 141
141 21 192
21 141 192
