9162 6164 14197
14197 6164 9162
6164 9162 14197
29088 24118 26839
26839 24118 29088
24118 26839 29088
17377 5132 26580
26580 5132 17377
5132 17377 26580
7031 15381 26918
15381 7031 26918
26918 7031 15381
26672 10067 11682
10067 11682 26672
11682 10067 26672
20093 21215 25623
25623 20093 21215
21215 20093 25623
9675 16135 23568
16135 9675 23568
23568 9675 16135
12911 9475 11967
9475 11967 12911
11967 9475 12911
14167 11771 22470
22470 11771 14167
11771 14167 22470
11546 18275 26106
18275 11546 26106
26106 11546 18275
25073 10815 27373
10815 25073 27373
27373 10815 25073
11959 5170 21212
5170 11959 21212
21212 5170 11959
24146 13859 19670
19670 13859 24146
13859 19670 24146
21013 3173 19341
19341 3173 21013
3173 19341 21013
3697 4210 12266
4210 3697 12266
12266 3697 4210
23806 16424 17992
16424 17992 23806
17992 16424 23806
9991 1237 25439
1237 9991 25439
25439 1237 9991
29527 2515 25797
2515 25797 29527
25797 2515 29527
16131 18571 19776
19776 16131 18571
18571 16131 19776
11460 18976 24929
18976 11460 24929
24929 11460 18976
14682 18161 21256
21256 14682 18161
18161 14682 21256
29762 9366 10046
9366 10046 29762
10046 9366 29762
26843 1148 7648
1148 7648 26843
7648 1148 26843
27743 26104 29604
29604 26104 27743
26104 27743 29604
13938 1019 27407
1019 13938 27407
27407 1019 13938
11783 13493 19780
19780 11783 13493
13493 11783 19780
10135 13944 15581
15581 10135 13944
13944 10135 15581
601 7430 13658
13658 601 7430
7430 601 13658
12378 9110 15075
15075 9110 12378
9110 12378 15075
16773 14058 14740
14740 14058 16773
14058 14740 16773
7475 7397 28084
7397 7475 28084
28084 7397 7475
19487 1601 19139
19139 1601 19487
1601 19139 19487
2275 5667 18564
5667 2275 18564
18564 2275 5667
16916 7714 23995
7714 16916 23995
23995 7714 16916
24914 21396 28267
21396 24914 28267
28267 21396 24914
19182 2554 2966
2966 2554 19182
2554 2966 19182
17412 5375 19683
5375 17412 19683
19683 5375 17412
2413 18045 18558
18045 2413 18558
18558 2413 18045
3387 4864 9707
4864 3387 9707
9707 3387 4864
27691 16124 29648
29648 16124 27691
16124 27691 29648
279 4333 5194
4333 279 5194
5194 279 4333
24354 7167 15743
15743 7167 24354
7167 15743 24354
8101 13509 29086
13509 8101 29086
29086 8101 13509
4557 12475 18020
12475 4557 18020
18020 4557 12475
23576 7594 28778
7594 23576 28778
28778 7594 23576
5205 10297 18128
18128 5205 10297
10297 5205 18128
7468 9709 28263
9709 7468 28263
28263 7468 9709
18724 13211 28026
28026 13211 18724
13211 18724 28026
20536 7926 21716
7926 20536 21716
21716 7926 20536
12565 56 25410
25410 56 12565
56 12565 25410
8165 16920 27884
16920 8165 27884
27884 8165 16920
18603 6231 10002
6231 10002 18603
10002 6231 18603
10952 16863 17011
16863 10952 17011
17011 10952 16863
4873 18907 29630
18907 4873 29630
29630 4873 18907
11700 4461 24405
24405 4461 11700
4461 11700 24405
4022 15415 17385
15415 4022 17385
17385 4022 15415
15536 13212 18590
13212 15536 18590
18590 13212 15536
25449 17913 20945
17913 20945 25449
20945 17913 25449
13404 570 5403
5403 570 13404
570 5403 13404
17797 13754 19148
13754 17797 19148
19148 13754 17797
106 6298 20077
6298 106 20077
20077 106 6298
9390 7030 12498
12498 7030 9390
7030 9390 12498
27355 156 23904
23904 156 27355
156 23904 27355
19523 2159 5561
2159 5561 19523
5561 2159 19523
5688 1834 13360
1834 5688 13360
13360 1834 5688
8323 345 9690
9690 345 8323
345 8323 9690
4262 8324 17857
8324 4262 17857
17857 4262 8324
3419 17196 17739
17196 3419 17739
17739 3419 17196
24973 9913 18462
18462 9913 24973
9913 18462 24973
14389 963 20036
20036 963 14389
963 14389 20036
17073 15735 20119
15735 17073 20119
20119 15735 17073
20396 18410 29487
18410 20396 29487
29487 18410 20396
20657 8140 21785
8140 20657 21785
21785 8140 20657
16905 7348 25831
7348 16905 25831
25831 7348 16905
1466 7631 22315
7631 1466 22315
22315 1466 7631
11149 12521 19351
19351 11149 12521
12521 11149 19351
3448 19982 27659
27659 3448 19982
19982 3448 27659
15801 565 21853
21853 565 15801
565 15801 21853
12478 3350 15376
3350 12478 15376
15376 3350 12478
1682 19656 24006
19656 1682 24006
24006 1682 19656
2767 13508 13599
13599 2767 13508
13508 2767 13599
29422 15645 27643
27643 15645 29422
15645 27643 29422
17599 14774 15226
15226 14774 17599
14774 15226 17599
8135 13147 14775
14775 8135 13147
13147 8135 14775
25774 26759 29553
26759 25774 29553
29553 25774 26759
13030 10819 20025
10819 13030 20025
20025 10819 13030
5465 10373 28603
28603 5465 10373
10373 5465 28603
29533 2192 9131
9131 2192 29533
2192 9131 29533
3900 21296 25709
21296 3900 25709
25709 3900 21296
13861 330 9533
9533 330 13861
330 9533 13861
26896 4230 27804
27804 4230 26896
4230 26896 27804
11523 4099 17806
4099 11523 17806
17806 4099 11523
669 6534 19585
19585 669 6534
6534 669 19585
857 17548 19061
19061 857 17548
17548 857 19061
25578 17088 28035
17088 25578 28035
28035 17088 25578
15399 24738 24844
24738 15399 24844
24844 15399 24738
22604 2550 21704
2550 21704 22604
21704 2550 22604
23976 20986 22678
22678 20986 23976
20986 22678 23976
2287 13928 17466
13928 2287 17466
17466 2287 13928
13566 18018 18844
18018 13566 18844
18844 13566 18018
25376 1829 15565
15565 1829 25376
1829 15565 25376
18247 9831 14565
9831 14565 18247
14565 9831 18247
19758 4839 20913
4839 19758 20913
20913 4839 19758
24216 13407 18420
18420 13407 24216
13407 18420 24216
15698 2400 3335
2400 3335 15698
3335 2400 15698
28524 10996 19399
19399 10996 28524
10996 19399 28524
7246 11539 13381
13381 7246 11539
11539 7246 13381
903 11978 14761
14761 903 11978
11978 903 14761
11066 9728 16913
9728 11066 16913
16913 9728 11066
9669 3498 21752
3498 9669 21752
21752 3498 9669
20378 21154 23787
23787 20378 21154
21154 20378 23787
6250 11164 28229
11164 6250 28229
28229 6250 11164
22461 8733 18226
18226 8733 22461
8733 18226 22461
28279 23237 28582
28582 23237 28279
23237 28279 28582
6089 13144 27359
13144 6089 27359
27359 6089 13144
6365 6598 20010
20010 6365 6598
6598 6365 20010
20580 22084 28040
28040 20580 22084
22084 20580 28040
24253 2885 8028
8028 2885 24253
2885 8028 24253
9277 4975 17826
17826 4975 9277
4975 9277 17826
28616 8065 15050
15050 8065 28616
8065 15050 28616
10354 10382 10670
10670 10354 10382
10382 10354 10670
29468 870 7928
7928 870 29468
870 7928 29468
17060 6674 29700
29700 6674 17060
6674 17060 29700
4692 8955 10742
10742 4692 8955
8955 4692 10742
8147 21644 22601
21644 8147 22601
22601 8147 21644
23123 18862 22936
18862 22936 23123
22936 18862 23123
13206 1163 4391
1163 4391 13206
4391 1163 13206
25821 169 15238
169 15238 25821
15238 169 25821
12043 7462 12574
7462 12043 12574
12574 7462 12043
3930 19839 26582
26582 3930 19839
19839 3930 26582
3062 10430 16694
16694 3062 10430
10430 3062 16694
7161 18417 23013
23013 7161 18417
18417 7161 23013
11839 11312 18751
11312 11839 18751
18751 11312 11839
23312 16653 25222
25222 16653 23312
16653 23312 25222
29585 9391 10741
10741 9391 29585
9391 10741 29585
8672 9613 20686
20686 8672 9613
9613 8672 20686
12550 8719 12588
12588 8719 12550
8719 12550 12588
14549 1139 14359
14359 1139 14549
1139 14359 14549
21297 9345 9438
9345 9438 21297
9438 9345 21297
6373 3703 9105
9105 3703 6373
3703 6373 9105
13823 1412 16765
16765 1412 13823
1412 13823 16765
18826 10102 23541
23541 10102 18826
10102 18826 23541
18352 12080 12813
12813 12080 18352
12080 12813 18352
4232 17902 26394
26394 4232 17902
17902 4232 26394
15154 13489 14578
14578 13489 15154
13489 14578 15154
9500 13609 14650
13609 9500 14650
14650 9500 13609
10895 11353 11436
11436 10895 11353
11353 10895 11436
11375 26172 27390
27390 11375 26172
26172 11375 27390
6747 8200 17320
17320 6747 8200
8200 6747 17320
4848 1241 9136
1241 4848 9136
9136 1241 4848
27211 5207 14250
14250 5207 27211
5207 14250 27211
723 4624 24210
24210 723 4624
4624 723 24210
2184 2707 26153
26153 2184 2707
2707 2184 26153
18148 10930 18450
18450 10930 18148
10930 18148 18450
9746 3780 6155
6155 3780 9746
3780 6155 9746
25202 19354 26930
19354 25202 26930
26930 19354 25202
23760 7850 14489
7850 14489 23760
14489 7850 23760
25967 20995 23189
20995 23189 25967
23189 20995 25967
5372 8291 18197
8291 5372 18197
18197 5372 8291
16478 6980 16554
16554 6980 16478
6980 16478 16554
13574 17378 25811
25811 13574 17378
17378 13574 25811
25998 7240 27695
27695 7240 25998
7240 25998 27695
5693 8216 12673
12673 5693 8216
8216 5693 12673
13973 24671 25702
24671 13973 25702
25702 13973 24671
17316 180 27774
180 17316 27774
27774 180 17316
8895 7949 26848
26848 7949 8895
7949 8895 26848
24978 947 28018
947 24978 28018
28018 947 24978
4559 17875 22714
22714 4559 17875
17875 4559 22714
12729 19766 19851
19851 12729 19766
19766 12729 19851
9315 21190 29099
29099 9315 21190
21190 9315 29099
10072 5141 7812
7812 5141 10072
5141 7812 10072
19811 8814 25314
8814 19811 25314
25314 8814 19811
8542 16143 29228
16143 8542 29228
29228 8542 16143
22126 846 3029
3029 846 22126
846 3029 22126
2205 7037 16567
16567 2205 7037
7037 2205 16567
16110 5927 16342
5927 16110 16342
16342 5927 16110
993 7393 20395
20395 993 7393
7393 993 20395
7325 14630 20314
20314 7325 14630
14630 7325 20314
14289 1396 9996
9996 1396 14289
1396 9996 14289
29290 15546 25850
15546 25850 29290
25850 15546 29290
26921 1004 22750
22750 1004 26921
1004 22750 26921
13685 1871 21755
1871 13685 21755
21755 1871 13685
9259 1957 27483
27483 1957 9259
1957 9259 27483
25764 1727 12472
12472 1727 25764
1727 12472 25764
24327 21484 28839
21484 24327 28839
28839 21484 24327
887 11175 29413
29413 887 11175
11175 887 29413
278 12688 13157
13157 278 12688
12688 278 13157
9797 6915 26268
6915 9797 26268
26268 6915 9797
17527 17030 18859
17030 17527 18859
18859 17030 17527
19130 14144 26137
26137 14144 19130
14144 19130 26137
20993 14676 21188
14676 20993 21188
21188 14676 20993
26722 15730 18423
15730 18423 26722
18423 15730 26722
16078 8833 13918
13918 8833 16078
8833 13918 16078
5646 900 14616
14616 900 5646
900 5646 14616
20865 7641 28833
28833 7641 20865
7641 20865 28833
5498 2386 10007
2386 5498 10007
10007 2386 5498
29271 5891 25327
5891 25327 29271
25327 5891 29271
18689 3807 21505
3807 18689 21505
21505 3807 18689
15572 2009 16628
16628 2009 15572
2009 15572 16628
12560 8778 23951
23951 8778 12560
8778 12560 23951
19572 5003 19702
5003 19572 19702
19702 5003 19572
17313 12533 28742
12533 17313 28742
28742 12533 17313
12996 29153 29428
29428 12996 29153
29153 12996 29428
1169 11091 15418
11091 1169 15418
15418 1169 11091
10308 20968 26178
26178 10308 20968
20968 10308 26178
28092 14738 22031
14738 22031 28092
22031 14738 28092
8426 7025 11206
7025 8426 11206
11206 7025 8426
24645 12731 13581
12731 13581 24645
13581 12731 24645
15834 10769 15589
15589 10769 15834
10769 15589 15834
21328 2856 16883
16883 2856 21328
2856 16883 21328
29194 12866 22484
12866 22484 29194
22484 12866 29194
17153 6263 15232
6263 15232 17153
15232 6263 17153
8678 17147 28315
28315 8678 17147
17147 8678 28315
23680 11227 20337
11227 20337 23680
20337 11227 23680
12890 22101 24165
24165 12890 22101
22101 12890 24165
28203 3602 22023
22023 3602 28203
3602 22023 28203
28123 6805 24447
6805 24447 28123
24447 6805 28123
6627 8083 14981
8083 6627 14981
14981 6627 8083
7179 2372 16510
2372 7179 16510
16510 2372 7179
18684 14227 25693
25693 14227 18684
14227 18684 25693
25887 28492 29127
29127 25887 28492
28492 25887 29127
25380 8195 24579
24579 8195 25380
8195 24579 25380
22443 9323 15298
15298 9323 22443
9323 15298 22443
733 5435 6492
5435 733 6492
6492 733 5435
2027 10202 28238
28238 2027 10202
10202 2027 28238
17557 1771 24802
1771 17557 24802
24802 1771 17557
5202 25130 27242
27242 5202 25130
25130 5202 27242
11490 1195 12724
1195 11490 12724
12724 1195 11490
298 1309 9101
1309 298 9101
9101 298 1309
19237 21457 27520
21457 19237 27520
27520 19237 21457
13296 7290 16768
16768 7290 13296
7290 13296 16768
27945 16726 25158
16726 25158 27945
25158 16726 27945
20078 8724 23605
23605 8724 20078
8724 20078 23605
13917 4096 23047
23047 4096 13917
4096 13917 23047
21361 5383 20940
20940 5383 21361
5383 20940 21361
3596 5750 10032
10032 3596 5750
5750 3596 10032
29063 18589 26199
18589 26199 29063
26199 18589 29063
9644 14824 28770
28770 9644 14824
14824 9644 28770
29637 7711 20421
20421 7711 29637
7711 20421 29637
19428 6184 21960
21960 6184 19428
6184 19428 21960
3564 4171 21199
21199 3564 4171
4171 3564 21199
23949 11711 23127
11711 23127 23949
23127 11711 23949
9793 13136 28819
13136 9793 28819
28819 9793 13136
9915 16300 28324
28324 9915 16300
16300 9915 28324
21713 5246 19442
19442 5246 21713
5246 19442 21713
25546 6483 7599
6483 7599 25546
7599 6483 25546
24452 6267 21595
21595 6267 24452
6267 21595 24452
2591 7737 21681
7737 2591 21681
21681 2591 7737
21563 13879 17733
17733 13879 21563
13879 17733 21563
14638 10635 22197
22197 10635 14638
10635 14638 22197
24330 14653 23580
23580 14653 24330
14653 23580 24330
28758 1297 8830
1297 8830 28758
8830 1297 28758
6881 1590 29346
1590 6881 29346
29346 1590 6881
23354 15158 21418
15158 21418 23354
21418 15158 23354
3008 10601 24259
24259 3008 10601
10601 3008 24259
3691 1507 25802
1507 3691 25802
25802 1507 3691
7078 7128 26012
26012 7078 7128
7128 7078 26012
7288 17280 21075
21075 7288 17280
17280 7288 21075
3514 13480 20722
13480 3514 20722
20722 3514 13480
15979 6412 16387
6412 15979 16387
16387 6412 15979
1786 21573 24827
24827 1786 21573
21573 1786 24827
10138 13312 14555
13312 10138 14555
14555 10138 13312
11327 1676 20178
1676 11327 20178
20178 1676 11327
17365 919 28474
919 17365 28474
28474 919 17365
21928 21988 23125
21988 21928 23125
23125 21928 21988
2700 8982 14237
14237 2700 8982
8982 2700 14237
16158 2371 18618
18618 2371 16158
2371 16158 18618
3523 19421 29322
19421 3523 29322
29322 3523 19421
15428 13389 29808
29808 13389 15428
13389 15428 29808
13409 7846 20213
7846 13409 20213
20213 7846 13409
4699 1287 21951
21951 1287 4699
1287 4699 21951
13231 8109 24395
24395 8109 13231
8109 13231 24395
2910 84 9149
84 2910 9149
9149 84 2910
9431 15783 28781
15783 9431 28781
28781 9431 15783
15898 20305 24116
20305 15898 24116
24116 15898 20305
10045 9545 17753
17753 9545 10045
9545 10045 17753
336 6851 23444
6851 336 23444
23444 336 6851
4793 883 11106
883 4793 11106
11106 883 4793
26887 3168 15373
15373 3168 26887
3168 15373 26887
9174 28056 29059
28056 9174 29059
29059 9174 28056
10821 7420 28567
7420 10821 28567
28567 7420 10821
8354 8434 16827
16827 8354 8434
8434 8354 16827
7125 6066 22969
22969 6066 7125
6066 7125 22969
20464 22748 28601
22748 20464 28601
28601 20464 22748
26645 13139 23184
13139 23184 26645
23184 13139 26645
29968 6142 8325
8325 6142 29968
6142 8325 29968
11998 11254 11485
11254 11485 11998
11485 11254 11998
3589 1006 10877
10877 1006 3589
1006 3589 10877
28810 11755 13746
13746 11755 28810
11755 13746 28810
17514 19620 21014
21014 17514 19620
19620 17514 21014
4614 5138 12248
12248 4614 5138
5138 4614 12248
23014 18308 26830
26830 18308 23014
18308 23014 26830
6358 18780 26428
26428 6358 18780
18780 6358 26428
17681 11780 15852
15852 11780 17681
11780 15852 17681
3729 5867 13205
13205 3729 5867
5867 3729 13205
7700 4194 6717
6717 4194 7700
4194 6717 7700
7990 14188 17780
14188 7990 17780
17780 7990 14188
15962 9801 24095
9801 15962 24095
24095 9801 15962
15644 9759 27847
27847 9759 15644
9759 15644 27847
6288 5064 15033
5064 6288 15033
15033 5064 6288
11445 15177 19429
19429 11445 15177
15177 11445 19429
18215 13736 20584
13736 18215 20584
20584 13736 18215
17357 4973 29605
29605 4973 17357
4973 17357 29605
4919 6238 12893
6238 4919 12893
12893 4919 6238
11366 5961 19715
5961 11366 19715
19715 5961 11366
13515 21849 24257
24257 13515 21849
21849 13515 24257
3858 10033 28114
10033 3858 28114
28114 3858 10033
29540 22422 28848
22422 28848 29540
28848 22422 29540
15838 6761 16327
6761 15838 16327
16327 6761 15838
16489 8777 14683
14683 8777 16489
8777 14683 16489
25021 18523 23522
18523 23522 25021
23522 18523 25021
14488 14999 27889
27889 14488 14999
14999 14488 27889
11872 16244 29113
16244 11872 29113
29113 11872 16244
264 2353 10685
2353 264 10685
10685 264 2353
2311 24641 25539
25539 2311 24641
24641 2311 25539
3593 17450 25198
17450 3593 25198
25198 3593 17450
872 2255 10737
10737 872 2255
2255 872 10737
87 14897 29022
29022 87 14897
14897 87 29022
16914 18574 18733
18733 16914 18574
18574 16914 18733
10277 102 8477
102 8477 10277
8477 102 10277
25656 250 13051
250 13051 25656
13051 250 25656
17956 118 23998
23998 118 17956
118 17956 23998
9005 12235 26961
26961 9005 12235
12235 9005 26961
4277 19600 25653
19600 4277 25653
25653 4277 19600
9498 1703 12940
12940 1703 9498
1703 9498 12940
3806 26788 29760
26788 3806 29760
29760 3806 26788
19928 370 12548
12548 370 19928
370 12548 19928
17594 22918 26732
22918 17594 26732
26732 17594 22918
24201 20491 23341
23341 20491 24201
20491 23341 24201
8971 25602 29377
25602 8971 29377
29377 8971 25602
5080 8136 28462
28462 5080 8136
8136 5080 28462
7115 1794 21477
21477 1794 7115
1794 7115 21477
27389 7422 22365
22365 7422 27389
7422 22365 27389
8088 9999 27464
27464 8088 9999
9999 8088 27464
22687 17929 21948
21948 17929 22687
17929 21948 22687
6151 5321 6941
6941 5321 6151
5321 6151 6941
4451 3565 12835
3565 4451 12835
12835 3565 4451
28879 4832 8371
4832 8371 28879
8371 4832 28879
9742 13430 24961
13430 9742 24961
24961 9742 13430
24870 7734 13942
7734 13942 24870
13942 7734 24870
20906 13090 28861
28861 13090 20906
13090 20906 28861
6952 1708 13968
13968 1708 6952
1708 6952 13968
13528 392 12657
392 12657 13528
12657 392 13528
22960 12304 19952
12304 19952 22960
19952 12304 22960
4186 7727 16000
7727 4186 16000
16000 4186 7727
25476 3092 26505
26505 3092 25476
3092 25476 26505
22046 13692 23716
13692 22046 23716
23716 13692 22046
18409 3013 3110
3110 3013 18409
3013 3110 18409
19151 3189 23042
23042 3189 19151
3189 19151 23042
1144 4151 28317
4151 1144 28317
28317 1144 4151
29823 25695 29887
25695 29823 29887
29887 25695 29823
1720 7525 23430
7525 1720 23430
23430 1720 7525
24939 1988 14415
14415 1988 24939
1988 14415 24939
28668 11072 21800
11072 21800 28668
21800 11072 28668
7473 9200 25295
9200 7473 25295
25295 7473 9200
24350 21444 25772
21444 24350 25772
25772 21444 24350
25734 16755 22066
16755 22066 25734
22066 16755 25734
5441 3018 12802
3018 5441 12802
12802 3018 5441
19434 14934 26361
26361 14934 19434
14934 19434 26361
14175 10837 23853
10837 14175 23853
23853 10837 14175
12346 2399 3529
2399 3529 12346
3529 2399 12346
20389 23161 29706
29706 20389 23161
23161 20389 29706
2373 6885 15117
6885 2373 15117
15117 2373 6885
22054 16069 18174
16069 18174 22054
18174 16069 22054
25028 21384 22088
22088 21384 25028
21384 22088 25028
2520 1552 23323
1552 2520 23323
23323 1552 2520
24994 2697 20037
2697 20037 24994
20037 2697 24994
4128 8891 22334
22334 4128 8891
8891 4128 22334
14344 7643 7710
7643 7710 14344
7710 7643 14344
29012 1554 3039
3039 1554 29012
1554 3039 29012
8020 27223 27265
27223 8020 27265
27265 8020 27223
8602 18105 21469
21469 8602 18105
18105 8602 21469
2389 20758 21941
21941 2389 20758
20758 2389 21941
16310 17325 27452
17325 16310 27452
27452 16310 17325
24871 959 4470
4470 959 24871
959 4470 24871
26870 1712 8268
8268 1712 26870
1712 8268 26870
8119 10139 12405
12405 8119 10139
10139 8119 12405
7359 16748 25749
25749 7359 16748
16748 7359 25749
26821 14536 27479
27479 14536 26821
14536 26821 27479
9401 5466 21002
5466 9401 21002
21002 5466 9401
22149 5810 6147
6147 5810 22149
5810 6147 22149
2402 5216 17550
17550 2402 5216
5216 2402 17550
14 212 11794
212 14 11794
11794 14 212
4565 7217 17046
17046 4565 7217
7217 4565 17046
21269 8917 26740
8917 21269 26740
26740 8917 21269
20207 6699 29858
29858 6699 20207
6699 20207 29858
15603 4968 27029
27029 4968 15603
4968 15603 27029
28455 4256 28198
28198 4256 28455
4256 28198 28455
21605 2642 16578
2642 16578 21605
16578 2642 21605
7582 1802 28403
1802 7582 28403
28403 1802 7582
12762 22827 23101
22827 12762 23101
23101 12762 22827
12710 10748 29839
29839 10748 12710
10748 12710 29839
24383 18667 27556
18667 24383 27556
27556 18667 24383
6776 23171 27896
23171 6776 27896
27896 6776 23171
24197 13773 29360
13773 24197 29360
29360 13773 24197
12353 1773 26882
1773 12353 26882
26882 1773 12353
4939 9148 25481
25481 4939 9148
9148 4939 25481
21463 14629 21151
21151 14629 21463
14629 21151 21463
11954 6157 27298
6157 11954 27298
27298 6157 11954
952 3120 22557
3120 952 22557
22557 952 3120
4154 5547 24773
24773 4154 5547
5547 4154 24773
27219 326 27616
326 27219 27616
27616 326 27219
24695 230 7946
7946 230 24695
230 7946 24695
19635 23220 28054
28054 19635 23220
23220 19635 28054
12979 2728 29681
29681 2728 12979
2728 12979 29681
27641 19100 26364
19100 26364 27641
26364 19100 27641
23186 14817 23940
14817 23186 23940
23940 14817 23186
3850 9410 17588
9410 3850 17588
17588 3850 9410
398 18363 25456
25456 398 18363
18363 398 25456
494 13100 22242
22242 494 13100
13100 494 22242
7539 15758 24725
24725 7539 15758
15758 7539 24725
12770 1313 26556
26556 1313 12770
1313 12770 26556
11274 11498 16382
16382 11274 11498
11498 11274 16382
21837 5364 23898
23898 5364 21837
5364 21837 23898
9558 526 25212
526 9558 25212
25212 526 9558
23474 13057 27681
27681 13057 23474
13057 23474 27681
12398 19288 23515
23515 12398 19288
19288 12398 23515
6522 12415 24794
12415 6522 24794
24794 6522 12415
22770 17396 21673
17396 21673 22770
21673 17396 22770
17323 20148 22124
22124 17323 20148
20148 17323 22124
9637 6376 21423
21423 6376 9637
6376 9637 21423
10829 4737 12744
12744 4737 10829
4737 10829 12744
5806 143 18119
143 5806 18119
18119 143 5806
2941 8313 10757
8313 2941 10757
10757 2941 8313
8977 8978 16290
16290 8977 8978
8978 8977 16290
21956 18068 27377
18068 21956 27377
27377 18068 21956
374 172 10612
172 374 10612
10612 172 374
7634 6427 11558
6427 7634 11558
11558 6427 7634
24406 18851 24785
24785 18851 24406
18851 24406 24785
2654 21972 25012
21972 2654 25012
25012 2654 21972
1565 4768 17142
4768 1565 17142
17142 1565 4768
12603 7487 22082
22082 7487 12603
7487 12603 22082
9914 989 13140
989 9914 13140
13140 989 9914
24418 20032 25079
25079 20032 24418
20032 24418 25079
3711 22852 26701
22852 3711 26701
26701 3711 22852
2442 25529 27917
27917 2442 25529
25529 2442 27917
346 21753 21803
21803 346 21753
21753 346 21803
4516 16895 26087
16895 4516 26087
26087 4516 16895
25332 19024 24203
19024 24203 25332
24203 19024 25332
15767 9507 17596
17596 9507 15767
9507 15767 17596
15934 5203 8334
8334 5203 15934
5203 8334 15934
14537 7018 20943
7018 14537 20943
20943 7018 14537
27965 3300 23422
3300 23422 27965
23422 3300 27965
1349 7384 12432
7384 1349 12432
12432 1349 7384
7008 19693 19759
19759 7008 19693
19693 7008 19759
15761 13234 16316
13234 15761 16316
16316 13234 15761
286 21442 28126
28126 286 21442
21442 286 28126
9089 21885 24601
21885 9089 24601
24601 9089 21885
23348 11894 28962
28962 11894 23348
11894 23348 28962
18000 7830 25722
7830 18000 25722
25722 7830 18000
21290 15973 17628
17628 15973 21290
15973 17628 21290
15816 7065 15921
7065 15816 15921
15921 7065 15816
13524 8894 17915
8894 13524 17915
17915 8894 13524
7718 18784 28368
18784 7718 28368
28368 7718 18784
25256 20383 23718
20383 23718 25256
23718 20383 25256
9356 6478 12423
12423 6478 9356
6478 9356 12423
6278 28049 29955
28049 6278 29955
29955 6278 28049
6211 9403 11465
11465 6211 9403
9403 6211 11465
15930 955 18467
18467 955 15930
955 15930 18467
6300 26443 27428
27428 6300 26443
26443 6300 27428
25666 2028 3543
3543 2028 25666
2028 3543 25666
27981 4736 21971
21971 4736 27981
4736 21971 27981
17021 22655 26911
26911 17021 22655
22655 17021 26911
13214 12355 21119
21119 12355 13214
12355 13214 21119
755 20914 21007
21007 755 20914
20914 755 21007
16576 7799 17110
7799 16576 17110
17110 7799 16576
17140 12048 27597
27597 12048 17140
12048 17140 27597
12207 12716 17663
12716 12207 17663
17663 12207 12716
26319 21420 22288
22288 21420 26319
21420 22288 26319
23113 15322 20861
20861 15322 23113
15322 20861 23113
25225 10679 14533
14533 10679 25225
10679 14533 25225
19978 14568 29174
29174 14568 19978
14568 19978 29174
10887 14526 27113
14526 10887 27113
27113 10887 14526
23151 10412 12846
10412 12846 23151
12846 10412 23151
29064 1147 13470
1147 13470 29064
13470 1147 29064
9519 15586 29902
29902 9519 15586
15586 9519 29902
10016 3447 14037
14037 3447 10016
3447 10016 14037
8441 3712 5408
5408 3712 8441
3712 5408 8441
8572 13498 25863
25863 8572 13498
13498 8572 25863
6393 3904 29276
29276 3904 6393
3904 6393 29276
2596 12848 26907
12848 2596 26907
26907 2596 12848
19597 13066 16360
16360 13066 19597
13066 16360 19597
5488 57 20217
57 5488 20217
20217 57 5488
15744 13778 25805
13778 15744 25805
25805 13778 15744
26392 5197 9319
5197 9319 26392
9319 5197 26392
27866 18342 21278
18342 21278 27866
21278 18342 27866
15621 6979 11223
11223 6979 15621
6979 11223 15621
7912 12836 26167
26167 7912 12836
12836 7912 26167
27706 646 2790
646 2790 27706
2790 646 27706
8887 14809 26777
14809 8887 26777
26777 8887 14809
10069 13017 29524
13017 10069 29524
29524 10069 13017
9061 8634 10275
10275 8634 9061
8634 9061 10275
11597 9425 17684
9425 11597 17684
17684 9425 11597
15395 17991 24240
17991 15395 24240
24240 15395 17991
8990 4321 22170
22170 4321 8990
4321 8990 22170
12135 17236 23554
17236 12135 23554
23554 12135 17236
9183 20929 28336
28336 9183 20929
20929 9183 28336
24790 10476 25401
10476 24790 25401
25401 10476 24790
6172 806 17507
806 6172 17507
17507 806 6172
25516 25808 28296
25808 25516 28296
28296 25516 25808
23078 906 28472
906 23078 28472
28472 906 23078
19008 8115 24064
8115 19008 24064
24064 8115 19008
4821 11763 12700
11763 4821 12700
12700 4821 11763
7054 16613 20481
20481 7054 16613
16613 7054 20481
23726 10417 14816
14816 10417 23726
10417 14816 23726
19451 8603 26251
8603 19451 26251
26251 8603 19451
4330 2137 22824
2137 4330 22824
22824 2137 4330
27455 1806 3095
3095 1806 27455
1806 3095 27455
24261 14142 23168
14142 23168 24261
23168 14142 24261
1819 13096 22525
22525 1819 13096
13096 1819 22525
14755 26354 29029
26354 14755 29029
29029 14755 26354
925 6405 8039
8039 925 6405
6405 925 8039
21860 12389 18207
12389 18207 21860
18207 12389 21860
21316 2251 14420
2251 14420 21316
14420 2251 21316
24894 10085 17167
10085 17167 24894
17167 10085 24894
27806 6857 7723
6857 7723 27806
7723 6857 27806
7497 2231 20432
20432 2231 7497
2231 7497 20432
5336 615 9672
615 5336 9672
9672 615 5336
12094 21629 22214
22214 12094 21629
21629 12094 22214
13391 12169 19147
19147 12169 13391
12169 13391 19147
29979 1005 11849
11849 1005 29979
1005 11849 29979
16042 2365 23327
23327 2365 16042
2365 16042 23327
23395 14814 18445
18445 14814 23395
14814 18445 23395
5200 23520 29572
29572 5200 23520
23520 5200 29572
6121 18742 24009
18742 6121 24009
24009 6121 18742
20394 19316 23594
19316 20394 23594
23594 19316 20394
12469 12059 23884
23884 12059 12469
12059 12469 23884
6361 3989 16553
3989 6361 16553
16553 3989 6361
12804 13513 26208
26208 12804 13513
13513 12804 26208
19463 19703 25935
25935 19463 19703
19703 19463 25935
18337 7854 27340
27340 7854 18337
7854 18337 27340
27888 352 4694
352 4694 27888
4694 352 27888
21627 2689 8663
2689 8663 21627
8663 2689 21627
2412 11685 19172
11685 2412 19172
19172 2412 11685
16886 827 4067
4067 827 16886
827 4067 16886
18065 6367 12974
12974 6367 18065
6367 12974 18065
17355 4463 11809
4463 11809 17355
11809 4463 17355
19078 18721 25069
25069 18721 19078
18721 19078 25069
6588 17423 17518
17423 6588 17518
17518 6588 17423
29287 4086 14007
4086 14007 29287
14007 4086 29287
10809 1156 8292
1156 8292 10809
8292 1156 10809
991 10236 20482
10236 991 20482
20482 991 10236
25523 3833 20457
20457 3833 25523
3833 20457 25523
27209 2011 23320
23320 2011 27209
2011 23320 27209
1643 12429 18546
18546 1643 12429
12429 1643 18546
29409 13759 16403
16403 13759 29409
13759 16403 29409
17087 11044 21648
21648 11044 17087
11044 17087 21648
6185 1091 4885
4885 1091 6185
1091 4885 6185
20307 4983 24432
4983 20307 24432
24432 4983 20307
11836 18491 19869
19869 11836 18491
18491 11836 19869
17122 5708 19587
19587 5708 17122
5708 17122 19587
21135 9233 19490
19490 9233 21135
9233 19490 21135
23945 20899 25134
20899 23945 25134
25134 20899 23945
29072 24522 28836
24522 28836 29072
28836 24522 29072
18079 16313 23507
23507 16313 18079
16313 18079 23507
19653 10145 22900
22900 10145 19653
10145 19653 22900
1159 2111 24521
2111 1159 24521
24521 1159 2111
13679 19336 24609
24609 13679 19336
19336 13679 24609
12690 26705 28774
26705 12690 28774
28774 12690 26705
26693 12681 14455
14455 12681 26693
12681 14455 26693
19431 16715 17914
17914 16715 19431
16715 17914 19431
24759 1259 14863
1259 14863 24759
14863 1259 24759
28144 8232 17070
17070 8232 28144
8232 17070 28144
20942 15747 29333
29333 15747 20942
15747 20942 29333
5434 15755 15885
15755 5434 15885
15885 5434 15755
11575 10296 16441
10296 11575 16441
16441 10296 11575
20890 2031 21669
2031 20890 21669
21669 2031 20890
3320 13578 24102
24102 3320 13578
13578 3320 24102
5000 6570 18708
6570 5000 18708
18708 5000 6570
24947 17277 19269
19269 17277 24947
17277 19269 24947
5237 25337 27601
25337 5237 27601
27601 5237 25337
29111 10066 23886
23886 10066 29111
10066 23886 29111
11351 9171 29847
9171 11351 29847
29847 9171 11351
15953 13733 21813
21813 13733 15953
13733 15953 21813
22073 16958 17085
17085 16958 22073
16958 17085 22073
26518 14900 27757
27757 14900 26518
14900 26518 27757
16031 17020 18175
17020 16031 18175
18175 16031 17020
2215 9511 25323
25323 2215 9511
9511 2215 25323
26851 21919 24115
21919 24115 26851
24115 21919 26851
27968 700 2683
2683 700 27968
700 2683 27968
4735 2676 5235
2676 4735 5235
5235 2676 4735
15678 16867 23273
23273 15678 16867
16867 15678 23273
20696 14168 27514
27514 14168 20696
14168 20696 27514
28137 7109 19674
19674 7109 28137
7109 19674 28137
25538 6961 24126
6961 24126 25538
24126 6961 25538
20931 12105 29379
29379 12105 20931
12105 20931 29379
34 13408 21213
21213 34 13408
13408 34 21213
21666 9726 27756
9726 21666 27756
27756 9726 21666
9193 20001 27823
20001 9193 27823
27823 9193 20001
7407 19745 22118
22118 7407 19745
19745 7407 22118
9775 10227 18887
18887 9775 10227
10227 9775 18887
11368 9918 10230
9918 10230 11368
10230 9918 11368
20721 11508 25760
25760 11508 20721
11508 20721 25760
21841 8543 12231
8543 12231 21841
12231 8543 21841
24599 13656 26371
26371 13656 24599
13656 24599 26371
1137 15363 24804
15363 1137 24804
24804 1137 15363
12536 3890 5164
3890 5164 12536
5164 3890 12536
5239 8038 8188
8188 5239 8038
8038 5239 8188
16909 1397 15899
15899 1397 16909
1397 15899 16909
25071 21203 21940
21203 21940 25071
21940 21203 25071
13 16237 29610
29610 13 16237
16237 13 29610
18379 6510 14729
6510 14729 18379
14729 6510 18379
9596 3863 29492
29492 3863 9596
3863 9596 29492
27289 3194 16621
16621 3194 27289
3194 16621 27289
26058 9765 18719
9765 18719 26058
18719 9765 26058
19607 20 10181
10181 20 19607
20 10181 19607
10778 14242 22111
22111 10778 14242
14242 10778 22111
18456 8256 29281
8256 18456 29281
29281 8256 18456
6856 13370 24897
24897 6856 13370
13370 6856 24897
17441 12875 19250
19250 12875 17441
12875 17441 19250
23739 21483 27895
27895 21483 23739
21483 23739 27895
8067 1540 5875
5875 1540 8067
1540 5875 8067
29437 5592 29420
5592 29420 29437
29420 5592 29437
24 18752 25655
18752 24 25655
25655 24 18752
27563 3955 12668
12668 3955 27563
3955 12668 27563
17561 4578 4690
4690 4578 17561
4578 4690 17561
2674 7454 15218
15218 2674 7454
7454 2674 15218
27912 8286 25381
25381 8286 27912
8286 25381 27912
3224 5014 10735
10735 3224 5014
5014 3224 10735
11867 5430 6341
5430 6341 11867
6341 5430 11867
26631 23257 27018
27018 23257 26631
23257 26631 27018
10729 14789 29403
29403 10729 14789
14789 10729 29403
19218 6325 23991
23991 6325 19218
6325 19218 23991
2868 11521 16354
11521 2868 16354
16354 2868 11521
13529 10589 28804
10589 13529 28804
28804 10589 13529
18235 9384 21805
21805 9384 18235
9384 18235 21805
18739 2853 28914
2853 18739 28914
28914 2853 18739
26673 12249 22636
22636 12249 26673
12249 22636 26673
18391 4949 15528
4949 15528 18391
15528 4949 18391
19738 21372 22675
21372 19738 22675
22675 19738 21372
3056 18306 18330
18330 3056 18306
18306 3056 18330
679 22819 23758
23758 679 22819
22819 679 23758
6525 11478 28940
11478 6525 28940
28940 6525 11478
22161 5998 17131
5998 17131 22161
17131 5998 22161
21138 5348 29574
5348 21138 29574
29574 5348 21138
9721 18817 28705
18817 9721 28705
28705 9721 18817
28647 9508 24627
9508 24627 28647
24627 9508 28647
359 2919 25009
2919 359 25009
25009 359 2919
9003 2252 20138
2252 9003 20138
20138 2252 9003
7620 21275 26423
21275 7620 26423
26423 7620 21275
6045 12441 15866
12441 6045 15866
15866 6045 12441
23753 4430 27844
27844 4430 23753
4430 23753 27844
3077 6740 22730
22730 3077 6740
6740 3077 22730
14312 6019 10875
6019 10875 14312
10875 6019 14312
24526 11625 21880
11625 21880 24526
21880 11625 24526
12980 2769 9950
9950 2769 12980
2769 9950 12980
8127 11733 20625
20625 8127 11733
11733 8127 20625
28868 652 5266
652 5266 28868
5266 652 28868
4471 11188 29717
11188 4471 29717
29717 4471 11188
12816 6387 8735
6387 8735 12816
8735 6387 12816
11979 7260 27279
7260 11979 27279
27279 7260 11979
4427 624 11864
624 4427 11864
11864 624 4427
4540 4055 17238
17238 4055 4540
4055 4540 17238
10740 4346 7754
4346 7754 10740
7754 4346 10740
2780 20953 21355
20953 2780 21355
21355 2780 20953
29562 11847 22099
22099 11847 29562
11847 22099 29562
22665 2818 8510
2818 8510 22665
8510 2818 22665
1427 4929 28212
28212 1427 4929
4929 1427 28212
26746 7309 17481
7309 17481 26746
17481 7309 26746
8092 11730 29202
11730 8092 29202
29202 8092 11730
9318 3134 14829
14829 3134 9318
3134 9318 14829
21495 17024 28361
28361 17024 21495
17024 21495 28361
12323 8972 10703
8972 10703 12323
10703 8972 12323
3843 3186 18814
3186 3843 18814
18814 3186 3843
23529 24471 26564
24471 23529 26564
26564 23529 24471
28571 9451 11993
11993 9451 28571
9451 11993 28571
9473 4762 21480
4762 9473 21480
21480 4762 9473
4144 18115 21397
21397 4144 18115
18115 4144 21397
20437 17934 24729
24729 17934 20437
17934 20437 24729
13284 13511 24824
24824 13284 13511
13511 13284 24824
23319 13616 24693
24693 13616 23319
13616 23319 24693
17181 23336 23368
23368 17181 23336
23336 17181 23368
2001 295 23788
23788 295 2001
295 2001 23788
18191 10850 29490
10850 18191 29490
29490 10850 18191
3252 6491 21419
21419 3252 6491
6491 3252 21419
3143 23547 27510
23547 3143 27510
27510 3143 23547
3481 1376 24021
24021 1376 3481
1376 3481 24021
21311 25662 28122
28122 21311 25662
25662 21311 28122
3262 1294 29498
1294 3262 29498
29498 1294 3262
29277 17040 23289
23289 17040 29277
17040 23289 29277
5489 6449 15516
15516 5489 6449
6449 5489 15516
29991 2777 7358
7358 2777 29991
2777 7358 29991
28513 18998 19112
19112 18998 28513
18998 19112 28513
5311 3633 21468
3633 5311 21468
21468 3633 5311
3949 14363 15487
14363 3949 15487
15487 3949 14363
21202 4201 19128
4201 19128 21202
19128 4201 21202
18296 11466 24388
11466 18296 24388
24388 11466 18296
17306 13748 24769
24769 13748 17306
13748 17306 24769
593 9615 28106
28106 593 9615
9615 593 28106
24040 16318 27331
27331 16318 24040
16318 24040 27331
7945 5761 23559
5761 7945 23559
23559 5761 7945
1706 1929 14427
1929 1706 14427
14427 1706 1929
16901 3308 25486
3308 16901 25486
25486 3308 16901
8581 15710 25431
25431 8581 15710
15710 8581 25431
27667 8642 12149
8642 12149 27667
12149 8642 27667
7390 4778 8511
8511 4778 7390
4778 7390 8511
22039 8184 20905
20905 8184 22039
8184 20905 22039
3674 20511 26207
26207 3674 20511
20511 3674 26207
10835 3566 18605
18605 3566 10835
3566 10835 18605
28354 7299 15905
15905 7299 28354
7299 15905 28354
21389 8649 20278
8649 20278 21389
20278 8649 21389
16473 2662 16772
16772 2662 16473
2662 16473 16772
22966 6810 21649
21649 6810 22966
6810 21649 22966
29445 562 13301
562 13301 29445
13301 562 29445
16321 2285 14285
14285 2285 16321
2285 14285 16321
12642 12975 13460
13460 12642 12975
12975 12642 13460
5524 11658 29651
11658 5524 29651
29651 5524 11658
2888 9847 27226
27226 2888 9847
9847 2888 27226
22367 5767 14354
5767 14354 22367
14354 5767 22367
1456 13910 14219
13910 1456 14219
14219 1456 13910
8829 1232 22474
1232 8829 22474
22474 1232 8829
9112 25806 27617
25806 9112 27617
27617 9112 25806
7176 11027 25813
25813 7176 11027
11027 7176 25813
911 4390 15543
4390 911 15543
15543 911 4390
29278 9002 12241
12241 9002 29278
9002 12241 29278
2886 4879 14338
4879 2886 14338
14338 2886 4879
16353 12046 27827
27827 12046 16353
12046 16353 27827
16999 6078 27472
6078 16999 27472
27472 6078 16999
1886 6056 17852
17852 1886 6056
6056 1886 17852
8460 6728 13213
6728 8460 13213
13213 6728 8460
17572 2869 20221
2869 17572 20221
20221 2869 17572
23036 4722 14771
14771 4722 23036
4722 14771 23036
22723 3249 23880
23880 3249 22723
3249 22723 23880
11885 11240 16829
16829 11240 11885
11240 11885 16829
24780 18970 22613
18970 22613 24780
22613 18970 24780
29369 10666 20456
10666 20456 29369
20456 10666 29369
25506 9862 18167
18167 9862 25506
9862 18167 25506
10787 7052 14451
14451 7052 10787
7052 10787 14451
11635 1725 19830
19830 1725 11635
1725 11635 19830
9062 28057 28216
28057 9062 28216
28216 9062 28057
3710 10937 27084
10937 3710 27084
27084 3710 10937
28489 75 3391
75 3391 28489
3391 75 28489
6733 17192 23822
17192 6733 23822
23822 6733 17192
5537 8379 13256
13256 5537 8379
8379 5537 13256
19579 5102 13148
13148 5102 19579
5102 13148 19579
28117 4586 27102
27102 4586 28117
4586 27102 28117
2331 1836 10626
10626 1836 2331
1836 2331 10626
2307 8351 14299
14299 2307 8351
8351 2307 14299
7467 18906 28237
28237 7467 18906
18906 7467 28237
10320 16074 17855
16074 10320 17855
17855 10320 16074
5228 1824 3535
3535 1824 5228
1824 3535 5228
12819 12308 15655
15655 12308 12819
12308 12819 15655
440 3035 29944
29944 440 3035
3035 440 29944
5334 17129 24007
24007 5334 17129
17129 5334 24007
19446 603 5808
603 5808 19446
5808 603 19446
6033 22186 22729
22729 6033 22186
22186 6033 22729
29654 5106 29357
5106 29357 29654
29357 5106 29654
7997 21907 24162
21907 7997 24162
24162 7997 21907
19370 22216 25736
25736 19370 22216
22216 19370 25736
22276 6894 24865
24865 6894 22276
6894 22276 24865
8141 13593 22440
13593 8141 22440
22440 8141 13593
2574 6469 15600
6469 2574 15600
15600 2574 6469
4433 11153 22055
11153 4433 22055
22055 4433 11153
23574 19724 29136
29136 19724 23574
19724 23574 29136
24352 12369 29134
12369 24352 29134
29134 12369 24352
12849 20798 27259
20798 12849 27259
27259 12849 20798
15127 4072 16743
16743 4072 15127
4072 15127 16743
8350 1979 5131
5131 1979 8350
1979 5131 8350
13219 4972 29065
29065 4972 13219
4972 13219 29065
10130 10201 15723
10201 10130 15723
15723 10130 10201
24104 11118 22658
11118 22658 24104
22658 11118 24104
8732 6650 10935
10935 6650 8732
6650 8732 10935
3198 25572 27974
25572 3198 27974
27974 3198 25572
13703 5662 23067
5662 13703 23067
23067 5662 13703
14722 17900 27846
17900 14722 27846
27846 14722 17900
14911 3147 23298
3147 14911 23298
23298 3147 14911
13915 14166 26155
26155 13915 14166
14166 13915 26155
8961 8697 26855
26855 8697 8961
8697 8961 26855
19983 8503 28248
28248 8503 19983
8503 19983 28248
29312 9409 10874
10874 9409 29312
9409 10874 29312
16196 10306 24088
10306 16196 24088
24088 10306 16196
15335 4869 6173
4869 6173 15335
6173 4869 15335
11880 7935 24232
7935 11880 24232
24232 7935 11880
6450 12500 16672
12500 6450 16672
16672 6450 12500
2594 4571 19560
19560 2594 4571
4571 2594 19560
24499 6243 21279
6243 21279 24499
21279 6243 24499
10624 15410 26188
26188 10624 15410
15410 10624 26188
7759 5538 17305
5538 7759 17305
17305 5538 7759
26957 4799 29714
4799 26957 29714
29714 4799 26957
7244 23813 26037
26037 7244 23813
23813 7244 26037
21422 11759 21513
21513 11759 21422
11759 21422 21513
17713 36 12737
36 12737 17713
12737 36 17713
12410 21068 21516
21516 12410 21068
21068 12410 21516
20528 3363 5725
5725 3363 20528
3363 5725 20528
9768 1154 5071
1154 5071 9768
5071 1154 9768
26898 145 27670
145 26898 27670
27670 145 26898
21000 17048 18430
18430 17048 21000
17048 18430 21000
24358 6953 26714
6953 24358 26714
26714 6953 24358
16753 20092 28441
28441 16753 20092
20092 16753 28441
