217 204 237
204 217 237
237 204 217
136 241 260
241 136 260
260 136 241
219 22 117
22 117 219
117 22 219
41 76 169
76 41 169
169 41 76
28 183 300
183 28 300
300 28 183
93 46 202
46 93 202
202 46 93
59 67 210
67 59 210
210 59 67
85 99 247
247 85 99
99 85 247
203 156 295
295 156 203
156 203 295
234 192 272
192 234 272
272 192 234
162 48 261
48 162 261
261 48 162
236 164 216
164 216 236
216 164 236
70 75 148
75 70 148
148 70 75
184 116 291
291 116 184
116 184 291
232 171 285
171 232 285
285 171 232
256 100 251
251 100 256
100 251 256
254 39 122
39 122 254
122 39 254
194 27 273
273 27 194
27 194 273
40 175 228
175 40 228
228 40 175
130 29 92
92 29 130
29 92 130
21 181 239
239 21 181
181 21 239
51 86 287
287 51 86
86 51 287
242 168 282
168 242 282
282 168 242
80 125 167
167 80 125
125 80 167
230 177 180
177 180 230
180 177 230
26 209 297
209 26 297
297 26 209
225 121 144
144 121 225
121 144 225
110 17 135
17 110 135
135 17 110
215 35 61
61 35 215
35 61 215
43 182 299
182 43 299
299 43 182
9 14 280
280 9 14
14 9 280
83 170 240
240 83 170
170 83 240
62 55 245
55 62 245
245 55 62
138 81 106
81 106 138
106 81 138
37 96 126
126 37 96
96 37 126
5 18 290
290 5 18
18 5 290
133 174 263
263 133 174
174 133 263
23 24 211
24 23 211
211 23 24
66 111 268
268 66 111
111 66 268
1 89 118
118 1 89
89 1 118
63 197 227
227 63 197
197 63 227
269 113 141
113 141 269
141 113 269
279 47 150
150 47 279
47 150 279
292 3 262
3 262 292
262 3 292
95 255 267
267 95 255
255 95 267
248 90 196
196 90 248
90 196 248
44 42 190
190 42 44
42 44 190
132 45 50
50 45 132
45 50 132
145 198 199
199 145 198
198 145 199
123 54 220
54 123 220
220 54 123
30 38 97
97 30 38
38 30 97
243 13 69
69 13 243
13 69 243
246 103 139
139 103 246
103 139 246
294 20 224
20 224 294
224 20 294
134 129 270
270 129 134
129 134 270
124 72 231
231 72 124
72 124 231
147 98 213
213 98 147
98 147 213
137 64 275
275 64 137
64 137 275
249 74 229
229 74 249
74 229 249
283 101 264
264 101 283
101 264 283
105 143 250
250 105 143
143 105 250
73 79 205
79 73 205
205 73 79
163 127 265
127 163 265
265 127 163
226 155 271
155 226 271
271 155 226
36 25 88
88 25 36
25 36 88
176 32 200
200 32 176
32 176 200
109 65 189
189 65 109
65 109 189
102 128 173
128 102 173
173 102 128
274 140 149
149 140 274
140 149 274
34 154 252
154 34 252
252 34 154
188 12 94
12 94 188
94 12 188
259 201 296
201 259 296
296 201 259
16 151 161
161 16 151
151 16 161
276 49 166
49 166 276
166 49 276
281 221 293
221 281 293
293 221 281
206 53 258
258 53 206
53 206 258
277 114 172
172 114 277
114 172 277
19 52 158
52 19 158
158 19 52
57 77 131
77 57 131
131 57 77
60 11 68
68 11 60
11 60 68
179 146 266
266 146 179
146 179 266
207 222 238
238 207 222
222 207 238
208 87 91
91 87 208
87 91 208
58 214 223
223 58 214
214 58 223
195 78 298
78 195 298
298 78 195
119 6 160
6 119 160
160 6 119
82 108 288
108 82 288
288 82 108
233 157 159
157 159 233
159 157 233
115 15 142
142 15 115
15 115 142
7 165 191
165 7 191
191 7 165
104 153 178
178 104 153
153 104 178
278 2 235
235 2 278
2 235 278
218 10 185
10 185 218
185 10 218
56 8 193
193 8 56
8 56 193
244 33 84
33 84 244
84 33 244
71 4 286
286 4 71
4 71 286
112 253 284
284 112 253
253 112 284
152 107 289
107 152 289
289 107 152
212 120 257
120 212 257
257 120 212
186 31 187
187 31 186
31 186 187
