2362 647 2879
647 2362 2879
2879 647 2362
2457 2035 2621
2035 2457 2621
2621 2035 2457
856 1620 1795
1795 856 1620
1620 856 1795
1872 2478 2727
2727 1872 2478
2478 1872 2727
1442 1252 2942
2942 1252 1442
1252 1442 2942
1198 173 1757
173 1198 1757
1757 173 1198
2038 1044 1469
1469 1044 2038
1044 1469 2038
126 1388 2831
2831 126 1388
1388 126 2831
52 749 1914
749 52 1914
1914 52 749
616 2052 2784
2784 616 2052
2052 616 2784
417 1585 2452
2452 417 1585
1585 417 2452
1209 198 2404
2404 198 1209
198 1209 2404
1945 827 2719
2719 827 1945
827 1945 2719
2285 13 1078
13 1078 2285
1078 13 2285
1092 170 1377
1377 170 1092
170 1092 1377
521 20 973
973 20 521
20 521 973
1707 5 190
190 5 1707
5 190 1707
2112 1385 2580
2580 1385 2112
1385 2112 2580
818 496 1182
496 818 1182
1182 496 818
2554 1721 2707
1721 2554 2707
2707 1721 2554
783 791 1696
791 783 1696
1696 783 791
995 49 2167
2167 49 995
49 995 2167
2455 411 1059
411 1059 2455
1059 411 2455
2060 1792 1995
1995 1792 2060
1792 1995 2060
2028 1227 2116
2116 1227 2028
1227 2028 2116
2349 2323 2943
2943 2323 2349
2323 2349 2943
1392 160 860
160 860 1392
860 160 1392
53 2254 2787
2254 53 2787
2787 53 2254
1539 115 768
115 768 1539
768 115 1539
1130 81 2923
81 1130 2923
2923 81 1130
1297 180 2573
180 1297 2573
2573 180 1297
2510 1275 2196
1275 2196 2510
2196 1275 2510
424 1104 2172
1104 424 2172
2172 424 1104
1739 1360 2332
2332 1360 1739
1360 1739 2332
2503 1687 1702
1687 1702 2503
1702 1687 2503
2682 6 2333
6 2333 2682
2333 6 2682
446 2411 2994
2411 446 2994
2994 446 2411
1566 1242 2837
2837 1242 1566
1242 1566 2837
2331 452 2627
452 2331 2627
2627 452 2331
518 241 1466
1466 241 518
241 518 1466
738 545 989
989 545 738
545 738 989
352 786 1546
786 352 1546
1546 352 786
963 58 266
266 58 963
58 266 963
656 1561 2531
2531 656 1561
1561 656 2531
1581 574 613
574 613 1581
613 574 1581
2961 1061 2799
2799 1061 2961
1061 2799 2961
682 762 1764
762 682 1764
1764 682 762
1416 627 1608
1608 627 1416
627 1416 1608
962 1596 2213
2213 962 1596
1596 962 2213
210 1437 1766
1766 210 1437
1437 210 1766
2422 2191 2221
2191 2221 2422
2221 2191 2422
688 353 443
443 353 688
353 443 688
1316 2186 2914
2186 1316 2914
2914 1316 2186
2569 2306 2991
2306 2569 2991
2991 2306 2569
2760 326 2618
326 2618 2760
2618 326 2760
890 125 1389
1389 125 890
125 890 1389
1152 1064 1135
1064 1135 1152
1135 1064 1152
2857 690 1362
1362 690 2857
690 1362 2857
816 708 2377
2377 708 816
708 816 2377
69 1001 2567
1001 69 2567
2567 69 1001
1309 277 2934
277 1309 2934
2934 277 1309
2982 76 2967
76 2967 2982
2967 76 2982
909 1626 2002
1626 909 2002
2002 909 1626
2745 1425 2092
2092 1425 2745
1425 2092 2745
1490 593 1926
1926 593 1490
593 1490 1926
2179 246 598
598 246 2179
246 598 2179
2901 137 2796
137 2796 2901
2796 137 2901
2743 778 2388
2388 778 2743
778 2388 2743
2034 1592 2724
2724 1592 2034
1592 2034 2724
1086 1080 1812
1080 1086 1812
1812 1080 1086
1910 68 136
68 136 1910
136 68 1910
233 1329 2146
1329 233 2146
2146 233 1329
2890 596 1934
596 1934 2890
1934 596 2890
114 1150 2786
1150 114 2786
2786 114 1150
1563 316 891
891 316 1563
316 891 1563
302 1011 2200
1011 302 2200
2200 302 1011
1153 531 2089
531 1153 2089
2089 531 1153
2913 817 1987
1987 817 2913
817 1987 2913
399 717 1483
717 399 1483
1483 399 717
1983 2078 2804
2804 1983 2078
2078 1983 2804
1894 1433 2246
2246 1433 1894
1433 1894 2246
2256 2160 2816
2160 2256 2816
2816 2160 2256
503 1571 1775
1571 503 1775
1775 503 1571
2694 248 1895
248 1895 2694
1895 248 2694
733 602 1117
1117 602 733
602 733 1117
2609 1801 2717
2717 1801 2609
1801 2609 2717
1014 348 2778
348 1014 2778
2778 348 1014
195 760 2117
2117 195 760
760 195 2117
2733 911 3000
3000 911 2733
911 2733 3000
1221 119 2970
2970 119 1221
119 1221 2970
589 1054 2738
2738 589 1054
1054 589 2738
379 2526 2622
2526 379 2622
2622 379 2526
1455 681 1279
681 1279 1455
1279 681 1455
645 1726 2123
1726 645 2123
2123 645 1726
2842 745 1460
1460 745 2842
745 1460 2842
1670 1026 2474
1026 1670 2474
2474 1026 1670
1237 1493 1954
1493 1237 1954
1954 1237 1493
1878 570 631
570 631 1878
631 570 1878
2522 21 2992
2992 21 2522
21 2522 2992
1228 2443 2888
2443 1228 2888
2888 1228 2443
1743 1567 1964
1964 1567 1743
1567 1743 1964
1966 2741 2829
2741 1966 2829
2829 1966 2741
910 1087 1473
1087 910 1473
1473 910 1087
1243 769 2149
769 1243 2149
2149 769 1243
1772 2491 2889
2491 1772 2889
2889 1772 2491
1462 2337 2912
2912 1462 2337
2337 1462 2912
2126 331 2343
2343 331 2126
331 2126 2343
984 1457 1746
1746 984 1457
1457 984 1746
367 1167 1742
1167 367 1742
1742 367 1167
828 148 2764
148 828 2764
2764 148 828
2043 1149 2905
2905 1149 2043
1149 2043 2905
1034 1712 2586
1712 1034 2586
2586 1034 1712
887 468 2875
2875 468 887
468 887 2875
2948 304 2181
2181 304 2948
304 2181 2948
832 727 1435
1435 727 832
727 832 1435
31 770 1538
1538 31 770
770 31 1538
500 885 1781
1781 500 885
885 500 1781
994 1463 2053
1463 994 2053
2053 994 1463
1180 357 483
483 357 1180
357 483 1180
1622 1929 2055
2055 1622 1929
1929 1622 2055
254 1723 2334
2334 254 1723
1723 254 2334
387 550 2937
2937 387 550
550 387 2937
1126 1965 2077
1965 1126 2077
2077 1126 1965
677 1116 1508
1116 677 1508
1508 677 1116
751 2195 2630
2195 751 2630
2630 751 2195
181 1406 2021
2021 181 1406
1406 181 2021
775 1325 1494
1494 775 1325
1325 775 1494
1123 1274 1296
1274 1123 1296
1296 1123 1274
1747 2898 2947
2898 1747 2947
2947 1747 2898
2396 511 1507
511 1507 2396
1507 511 2396
26 1709 1843
1709 26 1843
1843 26 1709
1066 546 1700
546 1066 1700
1700 546 1066
391 436 2929
436 391 2929
2929 391 436
599 278 284
278 284 599
284 278 599
1049 1341 2304
2304 1049 1341
1341 1049 2304
1661 1923 2163
2163 1661 1923
1923 1661 2163
2946 839 2793
839 2793 2946
2793 839 2946
1155 1968 2274
2274 1155 1968
1968 1155 2274
2263 1 88
88 1 2263
1 88 2263
1511 701 2634
701 1511 2634
2634 701 1511
1501 759 1000
759 1000 1501
1000 759 1501
2854 862 1515
1515 862 2854
862 1515 2854
2734 1322 1517
1322 1517 2734
1517 1322 2734
1172 127 826
127 826 1172
826 127 1172
1191 669 2863
2863 669 1191
669 1191 2863
8 1468 2347
1468 8 2347
2347 8 1468
1613 1055 2540
1055 1613 2540
2540 1055 1613
544 2532 2920
2532 544 2920
2920 544 2532
1168 1025 1236
1236 1025 1168
1025 1168 1236
2866 253 271
271 253 2866
253 271 2866
215 607 1472
1472 215 607
607 215 1472
1482 298 2711
2711 298 1482
298 1482 2711
2872 1885 2685
1885 2685 2872
2685 1885 2872
2371 1213 1833
1213 1833 2371
1833 1213 2371
2330 563 1336
563 1336 2330
1336 563 2330
1940 243 2336
243 1940 2336
2336 243 1940
1205 147 1270
147 1205 1270
1270 147 1205
2344 1544 2538
2538 1544 2344
1544 2344 2538
445 265 621
265 445 621
621 265 445
575 1089 1363
1363 575 1089
1089 575 1363
1076 2007 2082
2082 1076 2007
2007 1076 2082
1897 315 512
315 512 1897
512 315 1897
2759 1306 2862
1306 2759 2862
2862 1306 2759
2044 767 2159
767 2044 2159
2159 767 2044
469 549 2278
2278 469 549
549 469 2278
2208 349 1413
1413 349 2208
349 1413 2208
1408 1166 2813
2813 1166 1408
1166 1408 2813
606 1426 1551
1551 606 1426
1426 606 1551
1533 2193 2695
2695 1533 2193
2193 1533 2695
62 2537 2906
2537 62 2906
2906 62 2537
1899 942 2321
942 1899 2321
2321 942 1899
1859 289 2423
289 1859 2423
2423 289 1859
1720 2830 2990
2830 1720 2990
2990 1720 2830
1374 103 2460
2460 103 1374
103 1374 2460
2601 288 1999
288 1999 2601
1999 288 2601
626 1245 2600
1245 626 2600
2600 626 1245
1488 400 611
611 400 1488
400 611 1488
937 465 2968
465 937 2968
2968 465 937
1763 2313 2848
2313 1763 2848
2848 1763 2313
1875 460 2493
460 1875 2493
2493 460 1875
2789 300 1528
1528 300 2789
300 1528 2789
92 663 852
852 92 663
663 92 852
813 1019 1773
1019 813 1773
1773 813 1019
366 229 658
229 366 658
658 229 366
30 540 1650
540 30 1650
1650 30 540
2074 1952 2881
1952 2074 2881
2881 1952 2074
1537 2298 2475
2298 1537 2475
2475 1537 2298
2643 753 2386
753 2386 2643
2386 753 2643
2701 2187 2257
2187 2257 2701
2257 2187 2701
2541 1449 2148
1449 2148 2541
2148 1449 2541
2075 1367 1850
1367 1850 2075
1850 1367 2075
2232 377 1886
1886 377 2232
377 1886 2232
199 474 2389
474 199 2389
2389 199 474
1497 1033 2965
2965 1033 1497
1033 1497 2965
2305 819 1805
819 1805 2305
1805 819 2305
843 916 1359
1359 843 916
916 843 1359
1132 454 2178
454 1132 2178
2178 454 1132
32 1889 2562
2562 32 1889
1889 32 2562
2668 1732 2713
2713 1732 2668
1732 2668 2713
1094 163 873
873 163 1094
163 873 1094
255 1464 2270
2270 255 1464
1464 255 2270
1590 1084 2133
1084 1590 2133
2133 1084 1590
934 247 1509
1509 247 934
247 934 1509
2575 354 1042
354 1042 2575
1042 354 2575
2189 111 2342
111 2189 2342
2342 111 2189
897 40 528
528 40 897
40 528 897
1357 1630 2546
2546 1357 1630
1630 1357 2546
2657 2205 2686
2686 2205 2657
2205 2657 2686
2151 1703 2779
2779 1703 2151
1703 2151 2779
2860 72 1348
1348 72 2860
72 1348 2860
37 482 968
482 37 968
968 37 482
1852 169 1587
1587 169 1852
169 1587 1852
2273 978 2555
2555 978 2273
978 2273 2555
39 203 1806
203 39 1806
1806 39 203
720 369 772
369 720 772
772 369 720
97 1881 2931
2931 97 1881
1881 97 2931
2071 447 1898
447 1898 2071
1898 447 2071
2051 1557 2925
2925 1557 2051
1557 2051 2925
1807 1605 2472
1605 1807 2472
2472 1605 1807
659 869 2302
869 659 2302
2302 659 869
568 16 109
16 109 568
109 16 568
1779 1215 2511
1215 1779 2511
2511 1215 1779
2039 777 1356
1356 777 2039
777 1356 2039
414 748 2851
2851 414 748
748 414 2851
2397 419 2211
419 2211 2397
2211 419 2397
1597 1793 2248
1793 1597 2248
2248 1597 1793
2867 1506 2230
1506 2230 2867
2230 1506 2867
2834 875 2667
2667 875 2834
875 2667 2834
244 932 2463
932 244 2463
2463 244 932
683 1208 1873
1873 683 1208
1208 683 1873
1303 171 202
202 171 1303
171 202 1303
1234 653 1264
1264 653 1234
653 1234 1264
2141 205 2235
205 2141 2235
2235 205 2141
1876 1216 1745
1216 1745 1876
1745 1216 1876
2408 935 2233
2233 935 2408
935 2233 2408
2592 1675 1901
1675 1901 2592
1901 1675 2592
2964 614 2900
614 2900 2964
2900 614 2964
1803 217 2424
2424 217 1803
217 1803 2424
403 1504 1787
1787 403 1504
1504 403 1787
153 1053 1809
1809 153 1053
1053 153 1809
2765 172 2658
172 2658 2765
2658 172 2765
1576 189 1731
1731 189 1576
189 1576 1731
1164 437 2057
437 1164 2057
2057 437 1164
1863 1947 2893
1947 1863 2893
2893 1863 1947
2656 508 2378
2378 508 2656
508 2378 2656
2150 370 1349
370 1349 2150
1349 370 2150
2049 624 2242
2242 624 2049
624 2049 2242
781 187 1272
187 781 1272
1272 187 781
2723 652 1990
652 1990 2723
1990 652 2723
2140 57 162
162 57 2140
57 162 2140
1253 561 1179
561 1179 1253
1179 561 1253
667 654 805
654 667 805
805 654 667
1575 112 1293
112 1293 1575
1293 112 1575
798 2130 2861
2861 798 2130
2130 798 2861
2853 1090 2710
2710 1090 2853
1090 2710 2853
80 167 1632
1632 80 167
167 80 1632
572 1603 1673
1673 572 1603
1603 572 1673
2309 1591 2067
2067 1591 2309
1591 2067 2309
1261 787 2645
2645 787 1261
787 1261 2645
2721 1610 2010
2010 1610 2721
1610 2010 2721
1020 61 679
679 61 1020
61 679 1020
1627 1073 2445
2445 1073 1627
1073 1627 2445
2325 1037 2374
1037 2325 2374
2374 1037 2325
2806 744 2807
744 2806 2807
2807 744 2806
2085 1568 2858
1568 2085 2858
2858 1568 2085
646 375 2295
2295 375 646
375 646 2295
412 1994 2535
1994 412 2535
2535 412 1994
2916 361 382
382 361 2916
361 382 2916
1719 838 950
950 838 1719
838 950 1719
2266 2135 2316
2135 2266 2316
2316 2135 2266
1884 23 2001
2001 23 1884
23 1884 2001
2238 2115 2650
2650 2115 2238
2115 2238 2650
1565 692 2087
2087 692 1565
692 1565 2087
2253 2022 2068
2068 2022 2253
2022 2068 2253
299 91 969
969 91 299
91 299 969
2346 1685 2570
1685 2346 2570
2570 1685 2346
297 946 2170
2170 297 946
946 297 2170
2417 551 2635
2635 551 2417
551 2417 2635
2100 1343 2262
1343 2100 2262
2262 1343 2100
73 38 2376
2376 38 73
38 73 2376
833 2688 2756
2688 833 2756
2756 833 2688
1486 79 2607
2607 79 1486
79 1486 2607
876 799 1905
1905 799 876
799 876 1905
847 462 1680
462 847 1680
1680 462 847
1891 2324 2809
2324 1891 2809
2809 1891 2324
2849 1832 1865
1832 1865 2849
1865 1832 2849
2649 740 1039
1039 740 2649
740 1039 2649
1289 487 2512
2512 487 1289
487 1289 2512
2036 2240 2617
2617 2036 2240
2240 2036 2617
54 1185 2999
1185 54 2999
2999 54 1185
1350 509 1858
509 1350 1858
1858 509 1350
1786 1224 2215
1224 1786 2215
2215 1224 1786
1784 1577 2705
1577 1784 2705
2705 1577 1784
2224 2086 2398
2398 2086 2224
2086 2224 2398
2855 857 2108
2108 857 2855
857 2108 2855
489 1345 2619
2619 489 1345
1345 489 2619
1120 529 1353
1353 529 1120
529 1120 1353
2568 404 2401
404 2401 2568
2401 404 2568
861 2639 2644
2644 861 2639
2639 861 2644
2794 262 1740
1740 262 2794
262 1740 2794
1204 600 2177
600 1204 2177
2177 600 1204
2415 949 2647
949 2415 2647
2647 949 2415
2441 1024 1942
1024 1942 2441
1942 1024 2441
2037 703 1814
703 1814 2037
1814 703 2037
2466 691 2046
691 2046 2466
2046 691 2466
1936 629 2449
2449 629 1936
629 1936 2449
1246 907 1107
907 1107 1246
1107 907 1246
1867 802 2436
802 1867 2436
2436 802 1867
1870 507 2766
2766 507 1870
507 1870 2766
1797 919 953
953 919 1797
919 953 1797
408 2771 2918
2918 408 2771
2771 408 2918
1432 1960 2693
2693 1432 1960
1960 1432 2693
801 493 2732
493 801 2732
2732 493 801
1154 481 943
481 943 1154
943 481 1154
2111 206 286
206 286 2111
286 206 2111
2864 2450 2770
2450 2770 2864
2770 2450 2864
716 1320 2828
1320 716 2828
2828 716 1320
1220 1240 1522
1522 1220 1240
1240 1220 1522
1695 45 1045
1045 45 1695
45 1045 1695
1217 730 2840
2840 730 1217
730 1217 2840
2856 1295 1598
1295 1598 2856
1598 1295 2856
997 1645 2080
2080 997 1645
1645 997 2080
2373 577 2296
2296 577 2373
577 2296 2373
1752 306 506
306 506 1752
506 306 1752
1409 495 1338
1338 495 1409
495 1338 1409
2620 159 220
220 159 2620
159 220 2620
2758 110 2625
110 2625 2758
2625 110 2758
1729 2024 2379
2024 1729 2379
2379 1729 2024
2924 635 695
635 695 2924
695 635 2924
1156 135 1286
135 1156 1286
1286 135 1156
872 2286 2351
2351 872 2286
2286 872 2351
794 2790 2815
2790 794 2815
2815 794 2790
2032 2031 2987
2031 2032 2987
2987 2031 2032
996 548 1069
548 996 1069
1069 548 996
2410 726 1118
726 1118 2410
1118 726 2410
74 2513 2979
2513 74 2979
2979 74 2513
900 845 1183
1183 845 900
845 900 1183
2479 880 2801
880 2479 2801
2801 880 2479
1874 48 855
855 48 1874
48 855 1874
2735 1142 2142
2142 1142 2735
1142 2142 2735
1866 780 1708
1708 780 1866
780 1708 1866
225 2005 2335
2335 225 2005
2005 225 2335
1736 213 1802
213 1736 1802
1802 213 1736
1665 1307 2558
2558 1307 1665
1307 1665 2558
2144 1186 2239
2239 1186 2144
1186 2144 2239
2054 1021 2835
2835 1021 2054
1021 2054 2835
7 334 2928
2928 7 334
334 7 2928
2293 1946 2798
2798 1946 2293
1946 2293 2798
2996 2281 2502
2281 2502 2996
2502 2281 2996
2418 553 1361
553 1361 2418
1361 553 2418
274 2121 2616
2121 274 2616
2616 274 2121
1035 343 741
343 741 1035
741 343 1035
2314 1326 1950
1950 1326 2314
1326 1950 2314
350 368 1753
368 350 1753
1753 350 368
993 94 224
94 224 993
224 94 993
743 44 182
44 182 743
182 44 743
2703 2312 2883
2312 2703 2883
2883 2312 2703
1369 1956 2874
1956 1369 2874
2874 1369 1956
883 998 2318
2318 883 998
998 883 2318
1017 1137 2203
2203 1017 1137
1137 1017 2203
913 668 1780
1780 668 913
668 913 1780
2504 196 451
451 196 2504
196 451 2504
2613 1459 2290
2290 1459 2613
1459 2290 2613
1556 2139 2641
2641 1556 2139
2139 1556 2641
1654 1129 1380
1380 1129 1654
1129 1380 1654
1560 144 2040
144 1560 2040
2040 144 1560
2690 453 1570
453 1570 2690
1570 453 2690
1391 35 200
35 200 1391
200 35 1391
854 1305 1623
1623 854 1305
1305 854 1623
2791 1714 1815
1714 1815 2791
1815 1714 2791
455 604 2902
604 455 2902
2902 455 604
2119 725 1285
1285 725 2119
725 1285 2119
788 820 924
924 788 820
820 788 924
1860 1750 2746
2746 1750 1860
1750 1860 2746
660 671 1880
1880 660 671
671 660 1880
918 564 2359
2359 564 918
564 918 2359
573 2367 2989
2367 573 2989
2989 573 2367
1312 1260 1454
1260 1312 1454
1454 1260 1312
758 1141 1193
1141 758 1193
1193 758 1141
2156 1821 1962
1962 1821 2156
1821 1962 2156
2933 515 1512
1512 515 2933
515 1512 2933
2516 463 1439
1439 463 2516
463 1439 2516
1415 1679 1985
1679 1415 1985
1985 1415 1679
1963 723 1403
723 1403 1963
1403 723 1963
1308 2384 2820
2820 1308 2384
2384 1308 2820
279 1057 2633
1057 279 2633
2633 279 1057
2624 1715 2465
2465 1715 2624
1715 2465 2624
1828 25 520
25 520 1828
520 25 1828
2015 1351 1659
1351 1659 2015
1659 1351 2015
1226 194 1451
1451 194 1226
194 1226 1451
825 649 1498
1498 649 825
649 825 1498
2202 1996 2795
1996 2202 2795
2795 1996 2202
1664 714 2594
714 1664 2594
2594 714 1664
185 896 1535
896 185 1535
1535 185 896
1730 2020 2716
2716 1730 2020
2020 1730 2716
661 333 1848
333 661 1848
1848 333 661
128 84 582
582 84 128
84 128 582
1928 991 1727
1727 991 1928
991 1727 1928
1693 188 2426
2426 188 1693
188 1693 2426
863 1476 2241
2241 863 1476
1476 863 2241
287 588 732
732 287 588
588 287 732
2825 1417 2910
2910 1417 2825
1417 2825 2910
1722 615 2768
2768 615 1722
615 1722 2768
672 594 2669
2669 594 672
594 672 2669
1177 678 1060
678 1060 1177
1060 678 1177
178 422 2971
422 178 2971
2971 178 422
1822 1694 2447
1694 1822 2447
2447 1694 1822
706 1102 1915
1915 706 1102
1102 706 1915
93 1422 1800
1800 93 1422
1422 93 1800
2606 66 1892
66 1892 2606
1892 66 2606
2611 457 1013
457 1013 2611
1013 457 2611
314 565 2406
2406 314 565
565 314 2406
2897 1383 1652
1652 1383 2897
1383 1652 2897
2481 1699 1988
1699 1988 2481
1988 1699 2481
1644 1710 2547
1710 1644 2547
2547 1644 1710
2602 2458 2788
2458 2602 2788
2788 2458 2602
363 2106 2677
2677 363 2106
2106 363 2677
693 1201 2267
1201 693 2267
2267 693 1201
1584 2339 2578
2578 1584 2339
2339 1584 2578
223 2166 2878
2166 223 2878
2878 223 2166
272 176 585
585 176 272
176 272 585
1744 303 1018
303 1018 1744
1018 303 1744
2696 145 1619
1619 145 2696
145 1619 2696
2220 2069 2134
2069 2134 2220
2134 2069 2220
1810 471 2954
471 1810 2954
2954 471 1810
1096 841 1633
841 1096 1633
1633 841 1096
1005 2250 2772
2250 1005 2772
2772 1005 2250
2059 1862 2822
2822 1862 2059
1862 2059 2822
1206 70 2802
70 1206 2802
2802 70 1206
2932 617 1110
617 1110 2932
1110 617 2932
583 324 1922
1922 324 583
324 583 1922
971 965 1948
1948 965 971
965 971 1948
380 438 1438
1438 380 438
438 380 1438
1214 731 1877
1877 731 1214
731 1214 1877
208 433 459
433 208 459
459 208 433
1839 432 2729
2729 432 1839
432 1839 2729
2430 235 384
235 384 2430
384 235 2430
2291 1373 1944
1944 1373 2291
1373 1944 2291
2114 398 1827
1827 398 2114
398 1827 2114
1202 63 2214
63 1202 2214
2214 63 1202
2042 735 1933
735 1933 2042
1933 735 2042
724 434 1232
1232 434 724
434 724 1232
2174 960 1682
1682 960 2174
960 1682 2174
305 1414 2896
1414 305 2896
2896 305 1414
488 1475 2393
2393 488 1475
1475 488 2393
1352 644 1178
644 1178 1352
1178 644 1352
89 1093 2066
1093 89 2066
2066 89 1093
850 840 2188
840 850 2188
2188 840 850
1458 697 2212
697 1458 2212
2212 697 1458
121 336 2604
336 121 2604
2604 121 336
2691 158 2980
2980 158 2691
158 2691 2980
1853 105 149
105 149 1853
149 105 1853
2216 264 1175
264 1175 2216
1175 264 2216
2661 2105 2561
2105 2561 2661
2561 2105 2661
251 2446 2490
2490 251 2446
2446 251 2490
1009 737 2154
737 1009 2154
2154 737 1009
1121 15 2329
2329 15 1121
15 1121 2329
848 2409 2480
2480 848 2409
2409 848 2480
1918 892 2680
2680 892 1918
892 1918 2680
456 578 2654
2654 456 578
578 456 2654
318 2894 2941
2941 318 2894
2894 318 2941
888 1638 2407
2407 888 1638
1638 888 2407
309 372 1487
372 309 1487
1487 309 372
470 227 2107
227 470 2107
2107 227 470
2225 82 2084
82 2084 2225
2084 82 2225
183 1016 2731
1016 183 2731
2731 183 1016
1404 1169 1480
1169 1404 1480
1480 1169 1404
1401 478 1394
1394 478 1401
478 1394 1401
1751 2320 2803
2320 1751 2803
2803 1751 2320
1574 77 1298
1298 77 1574
77 1298 1574
2566 2365 2810
2365 2566 2810
2810 2365 2566
327 774 1658
1658 327 774
774 327 1658
2227 2322 2421
2322 2227 2421
2421 2227 2322
1813 851 2471
851 1813 2471
2471 851 1813
1927 1411 2294
1411 1927 2294
2294 1411 1927
104 569 1027
1027 104 569
569 104 1027
2194 1510 2556
2556 1510 2194
1510 2194 2556
1536 250 836
250 836 1536
836 250 1536
533 584 1471
584 533 1471
1471 533 584
1635 2264 2356
2356 1635 2264
2264 1635 2356
1762 234 534
234 534 1762
534 234 1762
519 480 1984
480 519 1984
1984 480 519
323 954 1103
1103 323 954
954 323 1103
2730 301 603
603 301 2730
301 603 2730
2978 1569 2206
1569 2206 2978
2206 1569 2978
1924 977 1461
1461 977 1924
977 1461 1924
3 915 2183
2183 3 915
915 3 2183
1958 322 2234
2234 322 1958
322 1958 2234
2953 141 2288
2288 141 2953
141 2288 2953
313 407 2777
407 313 2777
2777 313 407
2551 1095 2319
1095 2319 2551
2319 1095 2551
2922 290 2529
290 2529 2922
2529 290 2922
285 1233 1499
1233 285 1499
1499 285 1233
739 1887 2698
1887 739 2698
2698 739 1887
1031 1611 2081
2081 1031 1611
1611 1031 2081
2442 1003 1938
1938 1003 2442
1003 1938 2442
1606 138 2958
138 1606 2958
2958 138 1606
268 525 1467
525 268 1467
1467 268 525
1840 211 1230
1230 211 1840
211 1230 1840
2394 543 1043
1043 543 2394
543 1043 2394
416 1831 2348
1831 416 2348
2348 416 1831
2173 592 1171
1171 592 2173
592 1171 2173
1210 1578 2525
1578 1210 2525
2525 1210 1578
793 1888 2911
2911 793 1888
1888 793 2911
1602 657 2434
657 1602 2434
2434 657 1602
1681 281 917
917 281 1681
281 917 1681
2097 664 2887
664 2097 2887
2887 664 2097
560 2776 2832
2832 560 2776
2776 560 2832
130 2237 2585
2237 130 2585
2585 130 2237
804 680 1791
680 804 1791
1791 680 804
1811 1402 1868
1868 1402 1811
1402 1811 1868
1278 516 2520
2520 516 1278
516 1278 2520
1128 870 2419
870 1128 2419
2419 870 1128
1851 824 1207
824 1207 1851
1207 824 1851
2000 2311 2496
2311 2000 2496
2496 2000 2311
267 71 1281
1281 71 267
71 267 1281
2571 1337 2158
1337 2158 2571
2158 1337 2571
2539 1771 2244
1771 2244 2539
2244 1771 2539
1861 359 2767
2767 359 1861
359 1861 2767
2327 958 1339
1339 958 2327
958 1339 2327
1553 1782 2488
1782 1553 2488
2488 1553 1782
2975 789 1759
1759 789 2975
789 1759 2975
2011 168 1239
168 1239 2011
1239 168 2011
2833 9 1223
9 1223 2833
1223 9 2833
2209 952 1604
952 1604 2209
1604 952 2209
458 1854 2821
1854 458 2821
2821 458 1854
2553 912 1452
912 1452 2553
1452 912 2553
2907 2375 2572
2572 2375 2907
2375 2572 2907
2340 29 1470
1470 29 2340
29 1470 2340
979 698 1346
698 979 1346
1346 698 979
2593 439 928
928 439 2593
439 928 2593
1674 1972 2917
1972 1674 2917
2917 1674 1972
510 161 1943
1943 161 510
161 510 1943
1196 1540 1545
1545 1196 1540
1540 1196 1545
342 1140 2699
1140 342 2699
2699 342 1140
842 773 1689
773 842 1689
1689 773 842
1446 705 2755
2755 705 1446
705 1446 2755
269 1706 2118
2118 269 1706
1706 269 2118
1251 1219 1904
1219 1251 1904
1904 1219 1251
2210 1465 2120
2120 1465 2210
1465 2120 2210
2845 425 835
425 835 2845
835 425 2845
687 476 1124
476 687 1124
1124 476 687
2797 926 2145
926 2145 2797
2145 926 2797
1085 2536 2870
2870 1085 2536
2536 1085 2870
2096 2199 2792
2792 2096 2199
2199 2096 2792
2844 1817 1912
1817 1912 2844
1912 1817 2844
317 448 2884
448 317 2884
2884 317 448
1184 99 381
99 381 1184
381 99 1184
226 1376 2473
2473 226 1376
1376 226 2473
1906 1098 2317
2317 1098 1906
1098 1906 2317
640 651 2984
2984 640 651
651 640 2984
1820 256 2385
2385 256 1820
256 1820 2385
140 2640 2704
2640 140 2704
2704 140 2640
815 556 2865
2865 556 815
556 815 2865
2204 67 2762
67 2204 2762
2762 67 2204
2275 258 2300
2300 258 2275
258 2275 2300
610 1136 1262
1262 610 1136
1136 610 1262
517 394 1845
394 517 1845
1845 394 517
2338 1266 1559
1266 1559 2338
1559 1266 2338
1481 1525 2665
2665 1481 1525
1525 1481 2665
1648 491 1907
1907 491 1648
491 1648 1907
2892 1612 1930
1930 1612 2892
1612 1930 2892
2137 675 2850
2850 675 2137
675 2137 2850
1372 237 1139
1139 237 1372
237 1139 1372
1713 1344 2132
1344 1713 2132
2132 1344 1713
108 494 1200
494 108 1200
1200 108 494
704 410 2728
2728 410 704
410 704 2728
1518 1953 2380
1953 1518 2380
2380 1518 1953
1607 1109 2076
2076 1109 1607
1109 1607 2076
2292 2748 2873
2748 2292 2873
2873 2292 2748
1122 700 1434
700 1122 1434
1434 700 1122
1176 418 542
418 542 1176
542 418 1176
355 567 1690
567 355 1690
1690 355 567
1758 441 2514
2514 441 1758
441 1758 2514
1311 1686 2056
2056 1311 1686
1686 1311 2056
1138 673 1029
673 1029 1138
1029 673 1138
987 435 2169
2169 435 987
435 987 2169
1447 1052 1070
1052 1070 1447
1070 1052 1447
1955 1871 2392
1871 1955 2392
2392 1871 1955
1697 440 1959
1959 440 1697
440 1697 1959
1519 1672 2528
2528 1519 1672
1672 1519 2528
1649 43 807
807 43 1649
43 807 1649
2683 763 2009
2009 763 2683
763 2009 2683
1443 415 630
415 630 1443
630 415 1443
390 650 1160
650 390 1160
1160 390 650
2201 2489 2653
2653 2201 2489
2489 2201 2653
1125 956 2485
956 1125 2485
2485 956 1125
2180 961 2468
961 2180 2468
2468 961 2180
2190 2431 2773
2773 2190 2431
2431 2190 2773
1521 1882 2750
2750 1521 1882
1882 1521 2750
1099 87 2470
87 1099 2470
2470 87 1099
2 151 633
633 2 151
151 2 633
1631 17 866
866 17 1631
17 866 1631
1131 2785 2976
2976 1131 2785
2785 1131 2976
1543 983 2749
983 1543 2749
2749 983 1543
2524 1387 2484
1387 2484 2524
2484 1387 2524
1548 46 1258
46 1258 1548
1258 46 1548
2454 95 1197
1197 95 2454
95 1197 2454
2098 1068 1646
1068 1646 2098
1646 1068 2098
1347 1741 2662
1741 1347 2662
2662 1347 1741
2360 27 1769
27 1769 2360
1769 27 2360
1072 51 2284
51 1072 2284
2284 51 1072
2681 2045 2307
2045 2307 2681
2307 2045 2681
2427 1667 2603
2603 1667 2427
1667 2427 2603
1028 1427 2228
1427 1028 2228
2228 1028 1427
1637 712 2008
712 1637 2008
2008 712 1637
1677 597 2523
597 1677 2523
2523 597 1677
1669 212 1162
212 1162 1669
1162 212 1669
1841 1115 1969
1969 1115 1841
1115 1841 1969
2673 1725 2623
2623 1725 2673
1725 2623 2673
2271 1290 2981
1290 2271 2981
2981 1290 2271
2184 1583 1913
1583 1913 2184
1913 1583 2184
2315 904 1524
904 1524 2315
1524 904 2315
2439 591 2355
2355 591 2439
591 2355 2439
898 1911 1976
1911 898 1976
1976 898 1911
728 442 2560
442 728 2560
2560 442 728
1718 908 2065
908 1718 2065
2065 908 1718
527 1816 2868
1816 527 2868
2868 527 1816
1799 1071 2744
2744 1071 1799
1071 1799 2744
757 347 707
707 347 757
347 707 757
2926 307 501
307 501 2926
501 307 2926
539 473 1514
1514 473 539
473 539 1514
2805 1386 2646
1386 2646 2805
2646 1386 2805
475 940 2966
2966 475 940
940 475 2966
236 929 1890
1890 236 929
929 236 1890
423 1148 1856
1148 423 1856
1856 423 1148
1368 2198 2438
2438 1368 2198
2198 1368 2438
2973 742 2072
742 2072 2973
2072 742 2973
2563 2033 2391
2033 2391 2563
2391 2033 2563
230 941 1284
1284 230 941
941 230 1284
18 2559 2678
2559 18 2678
2678 18 2559
362 1163 2350
2350 362 1163
1163 362 2350
1254 1701 2527
2527 1254 1701
1701 1254 2527
1991 2258 2697
2697 1991 2258
2258 1991 2697
2676 497 2632
497 2632 2676
2632 497 2676
2995 1941 2364
1941 2364 2995
2364 1941 2995
1920 122 1774
122 1774 1920
1774 122 1920
927 1580 1824
1580 927 1824
1824 927 1580
2986 1957 2737
2737 1957 2986
1957 2737 2986
2706 296 1302
1302 296 2706
296 1302 2706
662 849 1151
1151 662 849
849 662 1151
2576 713 1023
713 1023 2576
1023 713 2576
2103 831 2023
2023 831 2103
831 2023 2103
555 179 846
846 179 555
179 555 846
1599 1992 2176
1992 1599 2176
2176 1599 1992
364 106 2708
106 364 2708
2708 106 364
972 502 2182
502 972 2182
2182 502 972
806 1294 2168
2168 806 1294
1294 806 2168
2591 1516 2533
1516 2533 2591
2533 1516 2591
2064 1776 2579
2579 1776 2064
1776 2064 2579
605 1269 2222
1269 605 2222
2222 605 1269
1299 1022 1663
1022 1299 1663
1663 1022 1299
1119 1636 2972
1636 1119 2972
2972 1119 1636
330 829 2012
2012 330 829
829 330 2012
392 643 1419
1419 392 643
643 392 1419
2642 1671 1967
1671 1967 2642
1967 1671 2642
2800 2440 2742
2440 2742 2800
2742 2440 2800
449 1541 1818
1818 449 1541
1541 449 1818
123 1582 2782
1582 123 2782
2782 123 1582
406 1328 1489
1328 406 1489
1489 406 1328
1951 2549 2752
2549 1951 2752
2752 1951 2549
4 1161 2268
1161 4 2268
2268 4 1161
939 559 1241
1241 559 939
559 939 1241
2432 2218 2557
2557 2218 2432
2218 2432 2557
976 1879 2823
1879 976 2823
2823 976 1879
812 2501 2919
2919 812 2501
2501 812 2919
665 711 947
947 665 711
711 665 947
1048 90 1925
1925 90 1048
90 1048 1925
1218 325 921
921 325 1218
325 921 1218
790 98 1595
98 790 1595
1595 98 790
1310 328 2282
2282 328 1310
328 1310 2282
1484 1010 1304
1010 1304 1484
1304 1010 1484
2400 340 795
340 795 2400
795 340 2400
1989 1505 2245
2245 1505 1989
1505 1989 2245
420 60 2651
60 420 2651
2651 60 420
1146 636 2670
636 1146 2670
2670 636 1146
341 1893 2047
1893 341 2047
2047 341 1893
1668 2565 2612
2565 1668 2612
2612 1668 2565
1113 428 2003
2003 428 1113
428 1113 2003
809 96 1837
96 809 1837
1837 96 809
982 736 2774
736 982 2774
2774 736 982
1405 1187 2387
1187 1405 2387
2387 1187 1405
1916 338 2153
2153 338 1916
338 1916 2153
1975 14 376
14 376 1975
376 14 1975
622 2026 2725
2725 622 2026
2026 622 2725
36 64 871
871 36 64
64 36 871
853 674 696
674 696 853
696 674 853
2303 2127 2289
2127 2289 2303
2289 2127 2303
2143 293 2352
2352 293 2143
293 2143 2352
881 1199 1755
1755 881 1199
1199 881 1755
2818 715 2775
2775 715 2818
715 2775 2818
134 1259 1412
1412 134 1259
1259 134 1412
2261 2259 2689
2259 2261 2689
2689 2259 2261
2004 1676 1998
1676 1998 2004
1998 1676 2004
1939 628 1492
628 1492 1939
1492 628 1939
986 821 2279
2279 821 986
821 986 2279
321 901 1639
1639 321 901
901 321 1639
2451 2437 2548
2548 2437 2451
2437 2451 2548
41 228 2459
2459 41 228
228 41 2459
1794 1203 2276
2276 1203 1794
1203 1794 2276
1370 1765 2104
2104 1370 1765
1765 1370 2104
1733 1159 2017
2017 1159 1733
1159 1733 2017
1063 686 975
975 686 1063
686 975 1063
1424 393 1825
1825 393 1424
393 1424 1825
12 371 1229
1229 12 371
371 12 1229
1834 270 275
275 270 1834
270 275 1834
2552 822 1453
822 1453 2552
1453 822 2552
209 639 2836
2836 209 639
639 209 2836
1724 2783 2885
2783 1724 2885
2885 1724 2783
1542 1550 2577
1550 1542 2577
2577 1542 1550
699 257 1554
257 699 1554
1554 257 699
2448 721 1789
721 1789 2448
1789 721 2448
623 2462 2720
2462 623 2720
2720 623 2462
1083 1007 1111
1111 1007 1083
1007 1083 1111
2515 1354 1900
1354 1900 2515
1900 1354 2515
1869 933 1292
1292 933 1869
933 1292 1869
1194 358 2110
2110 358 1194
358 1194 2110
1921 1051 2390
1051 1921 2390
2390 1051 1921
2252 878 1678
1678 878 2252
878 1678 2252
1330 356 484
356 484 1330
484 356 1330
2382 492 1842
1842 492 2382
492 1842 2382
2229 608 2444
608 2229 2444
2444 608 2229
2136 746 1040
1040 746 2136
746 1040 2136
2876 1332 2841
1332 2841 2876
2841 1332 2876
632 709 1397
709 632 1397
1397 632 709
1244 175 2927
175 1244 2927
2927 175 1244
431 670 2013
670 431 2013
2013 431 670
242 1418 1555
1555 242 1418
1418 242 1555
1734 150 2476
2476 150 1734
150 1734 2476
2955 980 2718
2718 980 2955
980 2718 2955
1634 1105 1662
1662 1105 1634
1105 1634 1662
1067 1314 2985
2985 1067 1314
1314 1067 2985
282 747 1157
747 282 1157
1157 282 747
1601 1114 2545
1114 1601 2545
2545 1114 1601
2018 1366 1826
1366 1826 2018
1826 1366 2018
186 344 1864
344 186 1864
1864 186 344
2494 902 2413
902 2413 2494
2413 902 2494
238 1573 2412
2412 238 1573
1573 238 2412
1735 261 1496
1496 261 1735
261 1496 1735
339 581 1558
1558 339 581
581 339 1558
2070 75 2277
2277 75 2070
75 2070 2277
221 925 2754
2754 221 925
925 221 2754
776 116 2751
2751 116 776
116 776 2751
249 1396 2147
2147 249 1396
1396 249 2147
2125 395 2495
2495 395 2125
395 2125 2495
655 1754 2091
1754 655 2091
2091 655 1754
2414 702 931
931 702 2414
702 931 2414
85 47 1041
1041 47 85
47 85 1041
2063 184 666
184 666 2063
666 184 2063
1474 1036 2589
1036 1474 2589
2589 1036 1474
129 864 1656
1656 129 864
864 129 1656
2997 1691 2827
2827 1691 2997
1691 2827 2997
620 823 2944
823 620 2944
2944 620 823
2088 240 2429
240 2088 2429
2429 240 2088
142 132 1711
132 142 1711
1711 132 142
914 1728 2977
2977 914 1728
1728 914 2977
498 1192 2368
1192 498 2368
2368 498 1192
1949 859 1977
859 1949 1977
1977 859 1949
874 207 796
207 796 874
796 207 874
2597 2692 2959
2959 2597 2692
2692 2597 2959
1393 1006 1211
1006 1211 1393
1211 1006 1393
1500 834 2155
834 1500 2155
2155 834 1500
2740 642 2025
2025 642 2740
642 2025 2740
2663 65 2328
65 2328 2663
2328 65 2663
1628 1657 2903
2903 1628 1657
1657 1628 2903
2433 1778 2157
2157 1778 2433
1778 2157 2433
308 734 1188
734 308 1188
1188 308 734
472 923 2428
923 472 2428
2428 472 923
2301 55 310
55 310 2301
310 55 2301
2583 903 1849
1849 903 2583
903 1849 2583
1819 1436 2138
2138 1436 1819
1436 1819 2138
332 1478 2050
2050 332 1478
1478 332 2050
2998 1692 1808
1692 1808 2998
1808 1692 2998
557 56 2700
2700 56 557
56 557 2700
157 1431 2453
1431 157 2453
2453 157 1431
34 1651 2366
1651 34 2366
2366 34 1651
1097 2715 2847
2847 1097 2715
2715 1097 2847
1970 1445 2811
1445 1970 2811
2811 1445 1970
1247 319 945
319 945 1247
945 319 1247
1615 2019 2509
2019 1615 2509
2509 1615 2019
2095 1564 1908
1564 1908 2095
1908 1564 2095
785 882 1190
882 785 1190
1190 785 882
547 999 2486
999 547 2486
2486 547 999
1495 648 2122
648 1495 2122
2122 648 1495
990 283 1428
283 990 1428
1428 283 990
1572 524 1371
524 1371 1572
1371 524 1572
2969 526 2395
526 2395 2969
2395 526 2969
865 1101 1688
1688 865 1101
1101 865 1688
191 541 1855
1855 191 541
541 191 1855
2543 1225 2109
1225 2109 2543
2109 1225 2543
2372 1313 2260
2260 1313 2372
1313 2260 2372
329 2595 2608
2595 329 2608
2608 329 2595
2101 113 426
113 426 2101
426 113 2101
2094 1283 2891
1283 2094 2891
2891 1283 2094
1660 1588 2308
1588 1660 2308
2308 1588 1660
1838 1265 2519
1265 1838 2519
2519 1265 1838
1614 1127 1267
1127 1267 1614
1267 1127 1614
59 2521 2610
2521 59 2610
2610 59 2521
232 86 2939
2939 86 232
86 232 2939
1961 1333 1547
1547 1333 1961
1333 1547 1961
1485 11 808
11 808 1485
808 11 1485
2808 761 1823
1823 761 2808
761 1823 2808
797 685 1381
685 797 1381
1381 685 797
779 637 722
722 637 779
637 722 779
948 396 1375
1375 396 948
396 948 1375
2041 710 2014
2014 710 2041
710 2014 2041
2886 1629 2544
2544 1629 2886
1629 2544 2886
2425 312 1980
1980 312 2425
312 1980 2425
2269 155 2952
2952 155 2269
155 2269 2952
1683 294 505
505 294 1683
294 505 1683
405 1523 1902
1902 405 1523
1523 405 1902
1277 252 1562
252 1277 1562
1562 252 1277
2757 2638 2915
2638 2757 2915
2915 2638 2757
513 612 1529
1529 513 612
612 513 1529
2175 1248 2951
2951 1248 2175
1248 2175 2951
894 601 1520
601 894 1520
1520 601 894
2709 959 1301
1301 959 2709
959 1301 2709
1222 374 2909
2909 374 1222
374 1222 2909
1716 803 2497
2497 803 1716
803 1716 2497
1796 1982 2564
1982 1796 2564
2564 1796 1982
1268 1358 2508
2508 1268 1358
1358 1268 2508
2687 467 2487
2487 467 2687
467 2487 2687
1365 421 2255
2255 421 1365
421 1365 2255
729 2381 2588
2381 729 2588
2588 729 2381
1334 1997 2029
2029 1334 1997
1997 1334 2029
222 295 1625
1625 222 295
295 222 1625
1531 1410 2251
2251 1410 1531
1410 1531 2251
884 1379 2660
1379 884 2660
2660 884 1379
1479 2353 2659
2353 1479 2659
2659 1479 2353
2963 2629 2945
2945 2629 2963
2629 2945 2963
1133 479 2960
479 1133 2960
2960 479 1133
1030 216 1342
216 1030 1342
1342 216 1030
754 684 2405
2405 684 754
684 754 2405
1846 1231 2819
1231 1846 2819
2819 1231 1846
486 532 2492
532 486 2492
2492 486 532
2826 1430 2048
2048 1430 2826
1430 2048 2826
750 1594 2542
1594 750 2542
2542 750 1594
504 164 231
164 231 504
231 164 504
844 576 1112
576 844 1112
1112 576 844
1288 263 1276
263 1276 1288
1276 263 1288
2843 536 718
718 536 2843
536 718 2843
2648 1589 2739
1589 2648 2739
2739 1589 2648
1212 1282 1617
1617 1212 1282
1282 1212 1617
1993 694 2506
2506 694 1993
694 1993 2506
165 1158 1399
1158 165 1399
1399 165 1158
858 280 444
280 444 858
444 280 858
1586 590 2838
2838 590 1586
590 1586 2838
1788 219 1600
1600 219 1788
219 1600 1788
2363 580 1917
580 1917 2363
1917 580 2363
2882 120 1931
120 1931 2882
1931 120 2882
107 2161 2839
2161 107 2839
2839 107 2161
1324 1271 1641
1641 1271 1324
1271 1324 1641
2614 409 1147
1147 409 2614
409 1147 2614
1830 2272 2904
2272 1830 2904
2904 1830 2272
609 1335 1593
1593 609 1335
1335 609 1593
676 814 877
814 676 877
877 676 814
951 2505 2534
2505 951 2534
2534 951 2505
2083 124 2671
124 2083 2671
2671 124 2083
2164 1081 2061
2061 1081 2164
1081 2061 2164
2702 837 1932
1932 837 2702
837 1932 2702
1440 1015 2674
2674 1015 1440
1015 1440 2674
139 373 2197
373 139 2197
2197 139 373
1256 906 2852
906 1256 2852
2852 906 1256
985 360 764
764 360 985
360 764 985
562 260 1091
260 562 1091
1091 260 562
1378 1384 2128
2128 1378 1384
1384 1378 2128
2780 292 1181
292 1181 2780
1181 292 2780
118 2361 2631
2631 118 2361
2361 118 2631
291 276 2297
276 291 2297
2297 276 291
618 1012 1844
1012 618 1844
1844 618 1012
1883 1106 2219
1106 1883 2219
2219 1106 1883
867 1978 2936
1978 867 2936
2936 867 1978
899 2299 2435
2435 899 2299
2299 899 2435
936 2500 2666
2666 936 2500
2500 936 2666
402 1170 1263
1170 402 1263
1263 402 1170
992 346 388
388 346 992
346 388 992
466 1420 2265
1420 466 2265
2265 466 1420
499 1770 2403
1770 499 2403
2403 499 1770
1056 1100 2030
1100 1056 2030
2030 1056 1100
2016 385 1760
385 1760 2016
1760 385 2016
2983 10 1847
10 1847 2983
1847 10 2983
595 1058 2726
2726 595 1058
1058 595 2726
204 2152 2530
2530 204 2152
2152 204 2530
2357 1189 1477
1477 1189 2357
1189 1477 2357
102 579 1315
579 102 1315
1315 102 579
2769 1777 2940
1777 2769 2940
2940 1777 2769
1195 930 1423
1423 930 1195
930 1195 1423
1364 889 2880
2880 889 1364
889 1364 2880
2655 1444 1579
1579 1444 2655
1444 1579 2655
2747 1621 2243
1621 2243 2747
2243 1621 2747
28 311 1062
311 28 1062
1062 28 311
1065 752 1327
1327 752 1065
752 1065 1327
117 24 868
24 117 868
868 24 117
1738 634 2326
634 1738 2326
2326 634 1738
78 920 1323
1323 78 920
920 78 1323
1143 2672 2988
2672 1143 2988
2988 1143 2672
1767 1640 1935
1935 1640 1767
1640 1767 1935
810 966 1448
1448 810 966
966 810 1448
2058 1395 2949
1395 2058 2949
2949 1395 2058
830 879 2354
2354 830 879
879 830 2354
1549 1355 2582
1355 1549 2582
2582 1355 1549
1705 42 1552
1552 42 1705
42 1552 1705
1382 22 689
22 689 1382
689 22 1382
1981 558 766
766 558 1981
558 766 1981
641 1450 1503
1503 641 1450
1450 641 1503
2871 345 1756
345 1756 2871
1756 345 2871
1300 964 1257
1257 964 1300
964 1257 1300
1287 218 1079
1079 218 1287
218 1079 1287
1491 1082 1748
1748 1082 1491
1082 1491 1748
2628 1737 1768
1737 1768 2628
1768 1737 2628
1761 401 1798
401 1761 1798
1798 401 1761
2217 535 1075
535 1075 2217
1075 535 2217
893 156 1704
1704 156 893
156 893 1704
2310 383 464
383 464 2310
464 383 2310
2093 1909 2938
1909 2093 2938
2938 1909 2093
955 538 2456
538 955 2456
2456 538 955
351 245 337
245 337 351
337 245 351
427 771 1836
771 427 1836
1836 427 771
2637 2090 2899
2899 2090 2637
2090 2637 2899
1642 938 1318
938 1318 1642
1318 938 1642
895 477 552
477 552 895
552 477 895
2517 485 1407
1407 485 2517
485 1407 2517
1647 386 905
386 905 1647
905 386 1647
1502 1250 1785
1250 1502 1785
1785 1250 1502
988 1655 1684
1684 988 1655
1655 988 1684
2664 2185 2499
2499 2185 2664
2185 2499 2664
2420 1618 2467
1618 2420 2467
2467 1618 2420
2518 2675 2908
2675 2518 2908
2908 2518 2675
1074 259 1050
259 1050 1074
1050 259 1074
2679 1008 1390
1008 1390 2679
1390 1008 2679
1919 83 2761
2761 83 1919
83 1919 2761
197 784 1441
784 197 1441
1441 197 784
19 1790 1804
1804 19 1790
1790 19 1804
214 1004 1526
1526 214 1004
1004 214 1526
1429 1077 1666
1077 1429 1666
1666 1077 1429
944 177 537
537 177 944
177 537 944
101 1643 2781
2781 101 1643
1643 101 2781
389 143 2935
143 389 2935
2935 143 389
974 1108 2584
1108 974 2584
2584 974 1108
193 922 2877
922 193 2877
2877 193 922
792 1532 2596
2596 792 1532
1532 792 2596
811 782 2824
782 811 2824
2824 782 811
1249 2341 2714
2714 1249 2341
2341 1249 2714
2763 152 1857
1857 152 2763
152 1857 2763
1273 2099 2483
2483 1273 2099
2099 1273 2483
2287 1421 1653
1653 1421 2287
1421 1653 2287
1530 1047 2574
1047 1530 2574
2574 1047 1530
2956 174 2859
174 2859 2956
2859 174 2956
586 2027 2626
2027 586 2626
2626 586 2027
133 429 2073
2073 133 429
429 133 2073
1038 192 1829
192 1038 1829
1829 192 1038
1255 1749 2358
1749 1255 2358
2358 1255 1749
2812 638 2962
2962 638 2812
638 2812 2962
886 154 1896
1896 154 886
154 886 1896
2247 522 2974
2974 522 2247
522 2247 2974
2369 397 2383
2383 397 2369
397 2369 2383
755 1609 2684
1609 755 2684
2684 755 1609
430 378 619
619 378 430
378 430 619
1835 1002 1331
1002 1331 1835
1331 1002 1835
2062 571 1971
571 1971 2062
1971 571 2062
2605 146 1616
