57 1075 5984
1075 57 5984
5984 57 1075
28322 3241 8194
8194 3241 28322
3241 8194 28322
22965 7689 28396
28396 7689 22965
7689 22965 28396
13326 24684 27035
24684 13326 27035
27035 13326 24684
19757 2099 20662
20662 2099 19757
2099 19757 20662
28845 5644 6563
6563 5644 28845
5644 6563 28845
20516 2234 15327
15327 2234 20516
2234 15327 20516
28873 8605 29437
8605 28873 29437
29437 8605 28873
8797 13646 22557
22557 8797 13646
13646 8797 22557
600 10411 18753
18753 600 10411
10411 600 18753
8564 8457 15362
8457 8564 15362
15362 8457 8564
25853 2459 10600
10600 2459 25853
2459 10600 25853
20121 12032 29240
29240 12032 20121
12032 20121 29240
7794 18305 24533
24533 7794 18305
18305 7794 24533
14019 25838 28066
25838 14019 28066
28066 14019 25838
5024 3275 15821
15821 3275 5024
3275 5024 15821
19170 801 5652
801 5652 19170
5652 801 19170
12053 9181 27294
27294 9181 12053
9181 12053 27294
28107 1498 20206
1498 20206 28107
20206 1498 28107
13643 10981 20409
20409 10981 13643
10981 13643 20409
5046 9896 15524
15524 5046 9896
9896 5046 15524
21107 25459 28909
25459 21107 28909
28909 21107 25459
10790 11561 27359
11561 10790 27359
27359 10790 11561
1485 23070 25843
25843 1485 23070
23070 1485 25843
16581 23357 25286
23357 16581 25286
25286 16581 23357
11427 15236 21272
21272 11427 15236
15236 11427 21272
13786 13270 21284
21284 13270 13786
13270 13786 21284
10794 3571 23777
23777 3571 10794
3571 10794 23777
9026 13306 29330
13306 9026 29330
29330 9026 13306
20242 9426 18385
18385 9426 20242
9426 18385 20242
5387 8288 13073
13073 5387 8288
8288 5387 13073
14757 8017 26909
26909 8017 14757
8017 14757 26909
12578 14393 25237
25237 12578 14393
14393 12578 25237
7336 13114 21953
13114 7336 21953
21953 7336 13114
20740 14311 29677
14311 20740 29677
29677 14311 20740
9115 19523 23676
19523 9115 23676
23676 9115 19523
1248 17667 27535
17667 1248 27535
27535 1248 17667
4095 1402 16601
1402 4095 16601
16601 1402 4095
21282 3522 29786
29786 3522 21282
3522 21282 29786
21798 9463 12436
9463 12436 21798
12436 9463 21798
10773 11173 23980
11173 10773 23980
23980 10773 11173
22573 19958 23845
23845 19958 22573
19958 22573 23845
6927 116 13467
116 6927 13467
13467 116 6927
28002 14694 21244
14694 21244 28002
21244 14694 28002
1363 1931 24491
24491 1363 1931
1931 1363 24491
8826 14492 20136
14492 8826 20136
20136 8826 14492
23413 11703 21027
11703 21027 23413
21027 11703 23413
7557 19838 21995
19838 7557 21995
21995 7557 19838
20478 6677 16220
16220 6677 20478
6677 16220 20478
11184 8275 10242
8275 10242 11184
10242 8275 11184
5065 8591 16746
8591 5065 16746
16746 5065 8591
3707 16668 24632
16668 3707 24632
24632 3707 16668
26762 4205 21237
4205 21237 26762
21237 4205 26762
16205 21043 23040
23040 16205 21043
21043 16205 23040
16853 2525 20482
2525 16853 20482
20482 2525 16853
29413 10540 25420
10540 25420 29413
25420 10540 29413
15681 15255 23257
15255 15681 23257
23257 15255 15681
23645 17274 19979
19979 17274 23645
17274 19979 23645
12560 5500 24048
5500 12560 24048
24048 5500 12560
11769 24118 28692
24118 11769 28692
28692 11769 24118
14435 4250 24766
4250 14435 24766
24766 4250 14435
2971 14285 14884
14884 2971 14285
14285 2971 14884
17452 9422 27006
9422 17452 27006
27006 9422 17452
28089 1681 26466
26466 1681 28089
1681 26466 28089
14338 23266 23788
23788 14338 23266
23266 14338 23788
1932 21767 28229
28229 1932 21767
21767 1932 28229
4774 295 4923
4923 295 4774
295 4774 4923
28765 1113 22217
1113 22217 28765
22217 1113 28765
3356 2037 25932
2037 3356 25932
25932 2037 3356
18050 4844 18168
18168 4844 18050
4844 18050 18168
17992 5201 25526
25526 5201 17992
5201 17992 25526
15147 16347 29320
29320 15147 16347
16347 15147 29320
26789 16202 28164
16202 26789 28164
28164 16202 26789
13400 6292 23680
6292 13400 23680
23680 6292 13400
26837 9467 21445
9467 21445 26837
21445 9467 26837
26441 11492 29707
29707 11492 26441
11492 26441 29707
8588 4510 5565
4510 5565 8588
5565 4510 8588
15420 2521 27281
2521 15420 27281
27281 2521 15420
5128 9852 13307
9852 5128 13307
13307 5128 9852
26554 18046 24758
24758 18046 26554
18046 24758 26554
3817 1760 6623
6623 1760 3817
1760 3817 6623
38 3400 29855
3400 38 29855
29855 38 3400
4836 8776 23674
23674 4836 8776
8776 4836 23674
16736 13650 15201
13650 15201 16736
15201 13650 16736
22066 19613 26251
19613 22066 26251
26251 19613 22066
20678 662 22069
22069 662 20678
662 20678 22069
18910 13796 16630
16630 13796 18910
13796 16630 18910
1282 7598 11271
7598 1282 11271
11271 1282 7598
24565 13585 20806
20806 13585 24565
13585 20806 24565
956 11675 13803
11675 956 13803
13803 956 11675
18843 5297 6055
6055 5297 18843
5297 6055 18843
1215 24616 26147
24616 1215 26147
26147 1215 24616
6486 19362 27326
27326 6486 19362
19362 6486 27326
12011 22606 23485
23485 12011 22606
22606 12011 23485
26410 20890 22791
22791 20890 26410
20890 22791 26410
28189 285 19325
285 19325 28189
19325 285 28189
5693 1547 26488
1547 5693 26488
26488 1547 5693
6019 9501 10969
10969 6019 9501
9501 6019 10969
13191 225 3121
225 3121 13191
3121 225 13191
567 805 20228
20228 567 805
805 567 20228
16788 16702 18678
18678 16702 16788
16702 16788 18678
2440 7195 26158
26158 2440 7195
7195 2440 26158
11708 9048 26512
26512 9048 11708
9048 11708 26512
10702 18638 19361
19361 10702 18638
18638 10702 19361
15941 11864 24636
11864 15941 24636
24636 11864 15941
25339 14520 17608
17608 14520 25339
14520 17608 25339
28070 5188 7098
7098 5188 28070
5188 7098 28070
3239 22082 29148
29148 3239 22082
22082 3239 29148
7666 10272 21985
21985 7666 10272
10272 7666 21985
10537 6976 23520
6976 10537 23520
23520 6976 10537
28954 869 28262
869 28262 28954
28262 869 28954
6269 4108 7798
4108 6269 7798
7798 4108 6269
2410 4468 21077
21077 2410 4468
4468 2410 21077
8426 15444 21103
21103 8426 15444
15444 8426 21103
4658 155 18003
18003 155 4658
155 4658 18003
7266 3636 7968
7968 3636 7266
3636 7266 7968
2638 26442 28342
28342 2638 26442
26442 2638 28342
29831 19338 29109
29109 19338 29831
19338 29109 29831
17324 1021 20502
1021 17324 20502
20502 1021 17324
25102 11870 26181
26181 11870 25102
11870 25102 26181
2724 129 4281
129 2724 4281
4281 129 2724
26219 23259 29312
23259 26219 29312
29312 23259 26219
17392 1729 21444
1729 17392 21444
21444 1729 17392
19748 21539 27890
27890 19748 21539
21539 19748 27890
28791 19186 19472
19186 19472 28791
19472 19186 28791
22145 4462 4726
4726 4462 22145
4462 4726 22145
23021 2212 14251
14251 2212 23021
2212 14251 23021
5655 18020 28364
28364 5655 18020
18020 5655 28364
22358 9090 17983
17983 9090 22358
9090 17983 22358
6729 16551 26128
16551 6729 26128
26128 6729 16551
26136 20633 22764
22764 20633 26136
20633 22764 26136
6101 11118 17118
17118 6101 11118
11118 6101 17118
29425 5863 24551
5863 24551 29425
24551 5863 29425
9849 3224 29870
29870 3224 9849
3224 9849 29870
12518 7144 11951
11951 7144 12518
7144 11951 12518
17682 23194 28937
23194 17682 28937
28937 17682 23194
26975 23958 25692
25692 23958 26975
23958 25692 26975
14513 6126 25123
25123 6126 14513
6126 14513 25123
5084 4508 11221
4508 5084 11221
11221 4508 5084
25776 20948 25051
25051 20948 25776
20948 25051 25776
27399 12452 13968
12452 13968 27399
13968 12452 27399
3152 3412 9092
3412 3152 9092
9092 3152 3412
9576 8842 28542
28542 8842 9576
8842 9576 28542
12713 10669 17137
10669 12713 17137
17137 10669 12713
16672 2992 15598
15598 2992 16672
2992 15598 16672
25148 20655 21025
20655 21025 25148
21025 20655 25148
12700 2286 29236
29236 2286 12700
2286 12700 29236
13780 7206 27065
7206 13780 27065
27065 7206 13780
20068 3719 21656
3719 20068 21656
21656 3719 20068
6753 23620 26159
26159 6753 23620
23620 6753 26159
22689 15081 15193
15193 15081 22689
15081 15193 22689
20566 12893 23046
23046 12893 20566
12893 20566 23046
9794 9113 10083
10083 9113 9794
9113 9794 10083
22280 12228 17099
12228 17099 22280
17099 12228 22280
17971 18993 22716
18993 17971 22716
22716 17971 18993
4767 19138 29111
19138 4767 29111
29111 4767 19138
7180 9636 18427
18427 7180 9636
9636 7180 18427
17432 2010 13357
2010 13357 17432
13357 2010 17432
10844 4255 20870
20870 4255 10844
4255 10844 20870
17887 652 673
652 673 17887
673 652 17887
29215 10726 24518
24518 10726 29215
10726 24518 29215
9589 3600 21543
21543 3600 9589
3600 9589 21543
16484 19715 24044
19715 16484 24044
24044 16484 19715
16071 23472 25245
23472 16071 25245
25245 16071 23472
21385 2357 6144
2357 6144 21385
6144 2357 21385
24483 17298 17323
17298 17323 24483
17323 17298 24483
6335 23310 24927
24927 6335 23310
23310 6335 24927
8361 1020 6954
1020 6954 8361
6954 1020 8361
12515 1985 23933
23933 1985 12515
1985 12515 23933
14858 11802 13323
13323 11802 14858
11802 13323 14858
27767 4732 12029
12029 4732 27767
4732 12029 27767
7435 25259 28099
28099 7435 25259
25259 7435 28099
10004 21763 25178
21763 10004 25178
25178 10004 21763
6594 28144 28816
28144 6594 28816
28816 6594 28144
19204 24897 29088
29088 19204 24897
24897 19204 29088
16591 4817 20333
4817 16591 20333
20333 4817 16591
4918 15442 20864
15442 4918 20864
20864 4918 15442
17458 21375 27246
21375 17458 27246
27246 17458 21375
2375 10412 26394
26394 2375 10412
10412 2375 26394
4785 5148 14626
14626 4785 5148
5148 4785 14626
26667 4098 25757
4098 25757 26667
25757 4098 26667
409 10933 14684
14684 409 10933
10933 409 14684
1499 6077 28908
28908 1499 6077
6077 1499 28908
14613 5673 20373
5673 14613 20373
20373 5673 14613
5401 21263 27952
27952 5401 21263
21263 5401 27952
6921 3452 15632
15632 3452 6921
3452 6921 15632
29028 3280 24729
24729 3280 29028
3280 24729 29028
21934 15766 19892
15766 19892 21934
19892 15766 21934
4420 19712 28101
19712 4420 28101
28101 4420 19712
10099 1284 10561
1284 10099 10561
10561 1284 10099
19855 964 23200
23200 964 19855
964 19855 23200
14289 16681 18518
18518 14289 16681
16681 14289 18518
740 20007 20869
20869 740 20007
20007 740 20869
9216 7187 18108
18108 7187 9216
7187 9216 18108
21324 926 21693
926 21324 21693
21693 926 21324
10603 19957 21601
19957 10603 21601
21601 10603 19957
28842 11752 24051
24051 11752 28842
11752 24051 28842
20447 5371 20235
5371 20235 20447
20235 5371 20447
24815 24277 24786
24277 24786 24815
24786 24277 24815
19422 18712 24289
18712 19422 24289
24289 18712 19422
1816 16047 16210
16210 1816 16047
16047 1816 16210
4154 25921 28270
28270 4154 25921
25921 4154 28270
24010 16700 29182
16700 24010 29182
29182 16700 24010
26664 7120 9030
9030 7120 26664
7120 9030 26664
14026 3163 17268
3163 14026 17268
17268 3163 14026
16262 333 25291
25291 333 16262
333 16262 25291
12482 10098 29604
10098 12482 29604
29604 10098 12482
16816 12005 18806
18806 12005 16816
12005 16816 18806
23737 6135 25023
6135 23737 25023
25023 6135 23737
18474 14948 26319
26319 14948 18474
14948 18474 26319
10 1671 21811
21811 10 1671
1671 10 21811
18801 27204 28187
28187 18801 27204
27204 18801 28187
7254 14628 21983
21983 7254 14628
14628 7254 21983
14185 12991 20212
12991 14185 20212
20212 12991 14185
9257 7592 25936
7592 9257 25936
25936 7592 9257
19589 7716 28965
28965 7716 19589
7716 19589 28965
6748 2183 24597
2183 6748 24597
24597 2183 6748
19941 1748 22579
22579 1748 19941
1748 19941 22579
571 15917 17212
15917 571 17212
17212 571 15917
22589 3032 11468
11468 3032 22589
3032 11468 22589
12822 3660 4953
3660 4953 12822
4953 3660 12822
686 7575 28947
28947 686 7575
7575 686 28947
10962 11917 14591
14591 10962 11917
11917 10962 14591
19400 8395 17516
8395 17516 19400
17516 8395 19400
26749 5573 18219
18219 5573 26749
5573 18219 26749
22718 11738 11810
11810 11738 22718
11738 11810 22718
20560 810 5861
810 5861 20560
5861 810 20560
23984 683 27401
27401 683 23984
683 23984 27401
29821 11262 26994
11262 26994 29821
26994 11262 29821
12948 958 8667
958 8667 12948
8667 958 12948
24327 8382 13528
8382 13528 24327
13528 8382 24327
19528 5618 14402
14402 5618 19528
5618 14402 19528
8281 902 7010
7010 902 8281
902 7010 8281
17048 12766 16839
12766 16839 17048
16839 12766 17048
18437 13058 19078
19078 13058 18437
13058 18437 19078
12033 5617 12062
5617 12033 12062
12062 5617 12033
4340 5913 6795
6795 4340 5913
5913 4340 6795
17664 4243 12745
4243 12745 17664
12745 4243 17664
18873 4873 20780
4873 18873 20780
20780 4873 18873
4633 17202 19816
19816 4633 17202
17202 4633 19816
28208 9778 16574
16574 9778 28208
9778 16574 28208
461 2873 14503
14503 461 2873
2873 461 14503
4323 26085 29308
29308 4323 26085
26085 4323 29308
7238 13426 25665
25665 7238 13426
13426 7238 25665
9985 19529 21035
21035 9985 19529
19529 9985 21035
17325 398 27241
398 17325 27241
27241 398 17325
413 11720 26228
26228 413 11720
11720 413 26228
13631 14082 27169
14082 13631 27169
27169 13631 14082
7855 9551 18885
9551 7855 18885
18885 7855 9551
2947 304 13506
304 2947 13506
13506 304 2947
154 3953 17542
3953 154 17542
17542 154 3953
21505 3340 18682
3340 18682 21505
18682 3340 21505
26006 15656 17637
15656 17637 26006
17637 15656 26006
28476 21013 23609
23609 21013 28476
21013 23609 28476
20003 3091 4412
3091 4412 20003
4412 3091 20003
16922 18065 19859
18065 16922 19859
19859 16922 18065
26767 10405 25568
25568 10405 26767
10405 25568 26767
11822 2369 24900
2369 11822 24900
24900 2369 11822
4614 3901 17454
3901 4614 17454
17454 3901 4614
24217 9415 14609
9415 14609 24217
14609 9415 24217
26579 3295 15389
15389 3295 26579
3295 15389 26579
23969 180 1548
180 1548 23969
1548 180 23969
16503 5976 27946
5976 16503 27946
27946 5976 16503
27954 9535 14188
14188 9535 27954
9535 14188 27954
7962 7061 8172
7061 7962 8172
8172 7061 7962
12334 520 6155
520 6155 12334
6155 520 12334
28744 14851 28675
14851 28675 28744
28675 14851 28744
25060 17761 23349
17761 23349 25060
23349 17761 25060
2129 7991 21412
7991 2129 21412
21412 2129 7991
17396 11352 11976
11352 11976 17396
11976 11352 17396
4780 10350 10677
10350 4780 10677
10677 4780 10350
26402 6627 16829
6627 16829 26402
16829 6627 26402
22690 18353 29806
29806 18353 22690
18353 22690 29806
15187 3436 7532
7532 3436 15187
3436 7532 15187
7756 14480 17995
17995 7756 14480
14480 7756 17995
15670 15127 16939
15127 15670 16939
16939 15127 15670
19772 5137 11656
5137 11656 19772
11656 5137 19772
26712 2931 15753
15753 2931 26712
2931 15753 26712
19720 9907 27384
9907 19720 27384
27384 9907 19720
7544 6680 10999
6680 7544 10999
10999 6680 7544
4084 9809 27318
27318 4084 9809
9809 4084 27318
21894 206 12453
206 12453 21894
12453 206 21894
28062 19373 23140
23140 19373 28062
19373 23140 28062
19947 19996 20993
19996 19947 20993
20993 19947 19996
29469 3470 9147
9147 3470 29469
3470 9147 29469
29600 554 22549
22549 554 29600
554 22549 29600
19918 3482 17612
17612 3482 19918
3482 17612 19918
25160 2255 17033
2255 17033 25160
17033 2255 25160
4760 500 13281
500 4760 13281
13281 500 4760
16293 7337 15684
7337 15684 16293
15684 7337 16293
6174 17864 26194
26194 6174 17864
17864 6174 26194
19351 2180 5670
2180 5670 19351
5670 2180 19351
11486 18694 21946
18694 11486 21946
21946 11486 18694
4347 2858 18236
18236 2858 4347
2858 4347 18236
28276 3626 22572
22572 3626 28276
3626 22572 28276
23343 932 10552
10552 932 23343
932 10552 23343
12784 16095 24147
16095 12784 24147
24147 12784 16095
22832 15559 20165
15559 20165 22832
20165 15559 22832
20871 4790 16395
4790 16395 20871
16395 4790 20871
14228 23180 24843
24843 14228 23180
23180 14228 24843
15472 1909 3540
1909 3540 15472
3540 1909 15472
16798 5395 24407
24407 5395 16798
5395 16798 24407
15919 11413 24140
11413 15919 24140
24140 11413 15919
14892 7525 16174
7525 14892 16174
16174 7525 14892
11868 12569 22253
22253 11868 12569
12569 11868 22253
9217 6295 9508
9508 6295 9217
6295 9217 9508
8895 1965 3927
1965 3927 8895
3927 1965 8895
3945 9517 20210
20210 3945 9517
9517 3945 20210
20423 6526 23447
23447 6526 20423
6526 20423 23447
12369 7705 8538
7705 8538 12369
8538 7705 12369
1612 13454 29703
29703 1612 13454
13454 1612 29703
22401 246 12641
12641 246 22401
246 12641 22401
25386 2143 5966
2143 5966 25386
5966 2143 25386
20755 6157 19095
6157 19095 20755
19095 6157 20755
26230 17481 28314
17481 26230 28314
28314 17481 26230
19348 7632 27168
7632 19348 27168
27168 7632 19348
21388 11286 12151
12151 11286 21388
11286 12151 21388
19605 27376 28017
27376 19605 28017
28017 19605 27376
10940 1210 18379
18379 1210 10940
1210 10940 18379
897 7276 9671
7276 897 9671
9671 897 7276
21523 27701 29071
27701 21523 29071
29071 21523 27701
16809 17089 25868
17089 16809 25868
25868 16809 17089
8685 1550 2378
1550 2378 8685
2378 1550 8685
953 3284 24917
3284 953 24917
24917 953 3284
12855 9204 13129
13129 9204 12855
9204 12855 13129
25050 1984 8740
1984 8740 25050
8740 1984 25050
26498 3737 28438
28438 3737 26498
3737 26498 28438
1037 19476 28993
28993 1037 19476
19476 1037 28993
24293 11907 18210
18210 11907 24293
11907 18210 24293
26261 13246 17120
17120 13246 26261
13246 17120 26261
2089 10128 11716
10128 2089 11716
11716 2089 10128
24088 211 9674
9674 211 24088
211 9674 24088
9411 7469 28612
28612 7469 9411
7469 9411 28612
15590 7652 14303
14303 7652 15590
7652 14303 15590
7697 883 5290
5290 883 7697
883 5290 7697
4444 17189 28041
17189 4444 28041
28041 4444 17189
11326 23952 27511
27511 11326 23952
23952 11326 27511
22094 1335 28359
1335 22094 28359
28359 1335 22094
10514 443 6595
443 6595 10514
6595 443 10514
17486 5209 14647
14647 5209 17486
5209 14647 17486
18302 5059 19516
19516 5059 18302
5059 18302 19516
4153 6637 23859
6637 4153 23859
23859 4153 6637
4819 13501 14481
14481 4819 13501
13501 4819 14481
29598 3223 21020
21020 3223 29598
3223 21020 29598
15678 2775 25071
25071 2775 15678
2775 15678 25071
20774 15220 20802
20802 15220 20774
15220 20774 20802
19206 4995 17650
17650 4995 19206
4995 17650 19206
8463 11499 23286
11499 8463 23286
23286 8463 11499
21698 15070 18800
15070 18800 21698
18800 15070 21698
10950 21542 26199
21542 10950 26199
26199 10950 21542
26509 9872 19857
19857 9872 26509
9872 19857 26509
7324 5103 11041
5103 7324 11041
11041 5103 7324
9039 8651 8687
8651 8687 9039
8687 8651 9039
16099 11457 13189
13189 11457 16099
11457 13189 16099
22668 14987 16610
16610 14987 22668
14987 16610 22668
28575 16087 27681
27681 16087 28575
16087 27681 28575
11540 13950 14825
14825 11540 13950
13950 11540 14825
29815 26299 28220
26299 28220 29815
28220 26299 29815
1287 8912 13519
13519 1287 8912
8912 1287 13519
19111 3290 22170
3290 19111 22170
22170 3290 19111
16292 7850 24355
24355 7850 16292
7850 16292 24355
25616 18035 23018
23018 18035 25616
18035 23018 25616
13070 12752 24146
24146 12752 13070
12752 13070 24146
13620 12751 21676
12751 13620 21676
21676 12751 13620
12356 2026 22330
2026 12356 22330
22330 2026 12356
13689 12398 17768
12398 13689 17768
17768 12398 13689
3798 16649 28773
28773 3798 16649
16649 3798 28773
3915 6092 23370
23370 3915 6092
6092 3915 23370
26790 15438 25244
25244 15438 26790
15438 25244 26790
22667 25216 28298
25216 22667 28298
28298 22667 25216
10032 3426 3886
3886 3426 10032
3426 3886 10032
13603 6152 26111
26111 6152 13603
6152 13603 26111
5638 2456 11319
2456 5638 11319
11319 2456 5638
10194 1901 17132
1901 10194 17132
17132 1901 10194
6942 11834 15603
15603 6942 11834
11834 6942 15603
456 9275 25974
9275 456 25974
25974 456 9275
20533 2433 29268
2433 20533 29268
29268 2433 20533
7631 17910 24987
24987 7631 17910
17910 7631 24987
8874 4851 20010
20010 4851 8874
4851 8874 20010
19497 138 18764
138 18764 19497
18764 138 19497
21912 26830 29397
26830 21912 29397
29397 21912 26830
13867 1241 10724
1241 10724 13867
10724 1241 13867
14838 12 28722
28722 12 14838
12 14838 28722
25331 7775 29904
29904 7775 25331
7775 25331 29904
1503 6475 8798
8798 1503 6475
6475 1503 8798
18934 17879 22238
22238 17879 18934
17879 18934 22238
11830 13584 29784
29784 11830 13584
13584 11830 29784
26373 1516 28618
28618 1516 26373
1516 26373 28618
18887 5166 15709
5166 15709 18887
15709 5166 18887
15797 17634 21654
21654 15797 17634
17634 15797 21654
14413 2133 6005
2133 6005 14413
6005 2133 14413
9125 454 12672
454 9125 12672
12672 454 9125
15633 2269 25706
2269 15633 25706
25706 2269 15633
8050 1505 23898
23898 1505 8050
1505 8050 23898
24191 15248 22872
15248 22872 24191
22872 15248 24191
23962 12703 29013
12703 23962 29013
29013 12703 23962
17810 473 13450
473 13450 17810
13450 473 17810
2216 8990 22876
22876 2216 8990
8990 2216 22876
15078 6752 7744
6752 7744 15078
7744 6752 15078
29426 7750 19066
19066 7750 29426
7750 19066 29426
24268 27220 27737
27220 24268 27737
27737 24268 27220
9131 15625 29140
29140 9131 15625
15625 9131 29140
5621 5033 19179
5033 5621 19179
19179 5033 5621
17266 10665 24985
10665 17266 24985
24985 10665 17266
924 10344 20898
20898 924 10344
10344 924 20898
9104 84 27361
27361 84 9104
84 9104 27361
29481 14740 21692
21692 14740 29481
14740 21692 29481
23852 6262 26573
26573 6262 23852
6262 23852 26573
4859 11815 17857
11815 4859 17857
17857 4859 11815
23142 3551 12972
12972 3551 23142
3551 12972 23142
3213 15045 23306
23306 3213 15045
15045 3213 23306
20120 21341 27313
21341 20120 27313
27313 20120 21341
1350 17483 17530
17530 1350 17483
17483 1350 17530
11645 4940 9692
4940 9692 11645
9692 4940 11645
28056 8533 13884
8533 13884 28056
13884 8533 28056
15194 7888 28421
28421 7888 15194
7888 15194 28421
3981 11164 16830
11164 3981 16830
16830 3981 11164
15898 1706 14070
14070 1706 15898
1706 14070 15898
29563 9537 17686
17686 9537 29563
9537 17686 29563
16417 8310 23104
8310 16417 23104
23104 8310 16417
9359 5886 22907
22907 5886 9359
5886 9359 22907
15501 11148 11860
11148 11860 15501
11860 11148 15501
15119 16840 19033
16840 15119 19033
19033 15119 16840
12272 2266 19768
19768 2266 12272
2266 12272 19768
7905 25472 26930
25472 7905 26930
26930 7905 25472
11103 11649 15506
15506 11103 11649
11649 11103 15506
23178 12742 14552
14552 12742 23178
12742 14552 23178
17038 16287 20413
16287 17038 20413
20413 16287 17038
25723 2870 2878
2870 2878 25723
2878 2870 25723
5993 624 22323
624 5993 22323
22323 624 5993
27229 19404 26470
19404 26470 27229
26470 19404 27229
21991 11884 21327
21327 11884 21991
11884 21327 21991
11979 5030 13993
5030 11979 13993
13993 5030 11979
18652 22626 28183
22626 18652 28183
28183 18652 22626
1987 81 23725
81 1987 23725
23725 81 1987
25402 28130 29011
28130 25402 29011
29011 25402 28130
16820 18907 28461
18907 16820 28461
28461 16820 18907
2907 20821 24486
24486 2907 20821
20821 2907 24486
9601 5242 27841
5242 9601 27841
27841 5242 9601
2516 20494 29045
29045 2516 20494
20494 2516 29045
9552 8666 8769
8666 8769 9552
8769 8666 9552
5947 18384 24453
24453 5947 18384
18384 5947 24453
16902 6698 10660
6698 10660 16902
10660 6698 16902
19911 6895 25543
25543 6895 19911
6895 19911 25543
10925 7143 29043
7143 10925 29043
29043 7143 10925
7033 25383 29272
25383 7033 29272
29272 7033 25383
15396 4899 18066
4899 15396 18066
18066 4899 15396
13279 21815 29567
21815 13279 29567
29567 13279 21815
26809 4653 8956
8956 4653 26809
4653 8956 26809
18443 9330 12435
9330 12435 18443
12435 9330 18443
12522 24224 28686
28686 12522 24224
24224 12522 28686
7593 22346 22641
22641 7593 22346
22346 7593 22641
28591 7531 13789
13789 7531 28591
7531 13789 28591
6031 2245 9475
2245 6031 9475
9475 2245 6031
25653 1779 25973
1779 25653 25973
25973 1779 25653
15502 17535 19050
19050 15502 17535
17535 15502 19050
6068 18763 27012
18763 6068 27012
27012 6068 18763
17332 10353 10476
10353 10476 17332
10476 10353 17332
22895 3653 5609
3653 5609 22895
5609 3653 22895
5753 1375 2645
1375 2645 5753
2645 1375 5753
21106 18617 25649
18617 21106 25649
25649 18617 21106
21251 386 2159
386 2159 21251
2159 386 21251
25466 9919 17522
17522 9919 25466
9919 17522 25466
6617 10008 21599
21599 6617 10008
10008 6617 21599
17482 4272 25743
4272 17482 25743
25743 4272 17482
26694 7361 28524
7361 26694 28524
28524 7361 26694
3493 4277 10162
4277 3493 10162
10162 3493 4277
5905 8246 20909
20909 5905 8246
8246 5905 20909
594 3199 27896
3199 594 27896
27896 594 3199
21627 9585 16584
16584 9585 21627
9585 16584 21627
20417 6578 10538
6578 10538 20417
10538 6578 20417
534 15325 26990
26990 534 15325
15325 534 26990
22097 17641 27325
17641 22097 27325
27325 17641 22097
28245 24239 28620
28620 24239 28245
24239 28245 28620
21729 10160 15377
10160 15377 21729
15377 10160 21729
4131 12729 26020
12729 4131 26020
26020 4131 12729
5700 4551 4801
4551 4801 5700
4801 4551 5700
8836 14061 27417
14061 8836 27417
27417 8836 14061
11384 14299 26912
14299 11384 26912
26912 11384 14299
799 1861 12124
12124 799 1861
1861 799 12124
10951 9022 11015
11015 9022 10951
9022 10951 11015
20183 3865 20178
20178 3865 20183
3865 20178 20183
1761 5256 5755
5256 1761 5755
5755 1761 5256
10446 6131 25347
25347 6131 10446
6131 10446 25347
17095 6089 29346
29346 6089 17095
6089 17095 29346
24765 14236 23309
23309 14236 24765
14236 23309 24765
19287 1679 9277
9277 1679 19287
1679 9277 19287
24299 7586 17284
7586 17284 24299
17284 7586 24299
29086 23359 27757
23359 27757 29086
27757 23359 29086
18502 4639 27180
27180 4639 18502
4639 18502 27180
22498 13037 28754
13037 22498 28754
28754 13037 22498
10912 4327 22030
22030 4327 10912
4327 10912 22030
11958 6251 8567
6251 8567 11958
8567 6251 11958
14009 8448 22885
8448 14009 22885
22885 8448 14009
15227 22199 26969
22199 15227 26969
26969 15227 22199
3851 10295 26840
26840 3851 10295
10295 3851 26840
20858 2211 19462
2211 19462 20858
19462 2211 20858
18222 16171 25090
25090 16171 18222
16171 18222 25090
27066 1902 23269
23269 1902 27066
1902 23269 27066
12326 8082 20905
8082 12326 20905
20905 8082 12326
21242 9154 27540
27540 9154 21242
9154 21242 27540
20805 20108 24647
24647 20108 20805
20108 20805 24647
26080 11028 13875
11028 13875 26080
13875 11028 26080
20731 19938 24870
24870 19938 20731
19938 20731 24870
20458 6920 13044
13044 6920 20458
6920 13044 20458
12071 15982 22328
22328 12071 15982
15982 12071 22328
7511 20415 29891
29891 7511 20415
20415 7511 29891
7542 10732 18618
10732 7542 18618
18618 7542 10732
11253 14477 28393
14477 11253 28393
28393 11253 14477
7556 198 8891
8891 198 7556
198 7556 8891
1763 13117 29323
29323 1763 13117
13117 1763 29323
4488 16618 20873
16618 4488 20873
20873 4488 16618
3866 4069 10016
4069 3866 10016
10016 3866 4069
14242 13224 27353
27353 13224 14242
13224 14242 27353
2918 26090 26391
26391 2918 26090
26090 2918 26391
20641 19482 27647
27647 19482 20641
19482 20641 27647
9111 6884 18571
6884 9111 18571
18571 6884 9111
4843 11562 13576
13576 4843 11562
11562 4843 13576
989 19800 26883
19800 989 26883
26883 989 19800
4377 9645 17976
9645 4377 17976
17976 4377 9645
12408 4825 13799
4825 12408 13799
13799 4825 12408
12415 5735 26957
5735 12415 26957
26957 5735 12415
17891 1089 29476
1089 17891 29476
29476 1089 17891
25417 17716 21042
17716 21042 25417
21042 17716 25417
20976 841 12233
841 12233 20976
12233 841 20976
9722 19536 19666
19536 9722 19666
19666 9722 19536
3997 4621 10480
4621 3997 10480
10480 3997 4621
3975 935 27887
27887 935 3975
935 3975 27887
22382 12828 26200
26200 12828 22382
12828 22382 26200
3878 2391 13930
2391 3878 13930
13930 2391 3878
21490 20927 24411
24411 20927 21490
20927 21490 24411
25716 11285 12057
11285 12057 25716
12057 11285 25716
18973 8111 21010
8111 18973 21010
21010 8111 18973
29932 8541 13670
8541 13670 29932
13670 8541 29932
7923 11480 14351
14351 7923 11480
11480 7923 14351
16739 23963 25607
23963 16739 25607
25607 16739 23963
8023 7823 23790
23790 7823 8023
7823 8023 23790
11481 18793 23137
23137 11481 18793
18793 11481 23137
25773 24580 29997
24580 25773 29997
29997 24580 25773
24297 11027 22798
22798 11027 24297
11027 22798 24297
6922 19317 22302
22302 6922 19317
19317 6922 22302
22642 2853 25545
2853 22642 25545
25545 2853 22642
23584 12186 18505
18505 12186 23584
12186 18505 23584
15986 3069 21274
3069 15986 21274
21274 3069 15986
23556 4687 20547
20547 4687 23556
4687 20547 23556
1004 8233 16541
8233 1004 16541
16541 1004 8233
24574 2962 23659
2962 23659 24574
23659 2962 24574
3132 6590 18267
18267 3132 6590
6590 3132 18267
12706 4028 6169
4028 6169 12706
6169 4028 12706
19229 1236 8278
8278 1236 19229
1236 8278 19229
25694 603 1672
603 1672 25694
1672 603 25694
339 10459 26961
10459 339 26961
26961 339 10459
1016 14097 26616
26616 1016 14097
14097 1016 26616
2619 874 14913
14913 874 2619
874 2619 14913
14898 10891 21216
10891 14898 21216
21216 10891 14898
16745 9474 22039
22039 9474 16745
9474 16745 22039
12913 19209 25760
25760 12913 19209
19209 12913 25760
21266 8077 8720
8077 8720 21266
8720 8077 21266
4306 178 14869
178 4306 14869
14869 178 4306
25032 14816 16161
14816 16161 25032
16161 14816 25032
3317 21179 24354
24354 3317 21179
21179 3317 24354
18167 3536 24335
24335 3536 18167
3536 18167 24335
6887 9057 21992
21992 6887 9057
9057 6887 21992
6596 1403 24320
24320 1403 6596
1403 6596 24320
24803 677 22943
677 22943 24803
22943 677 24803
8787 6307 12647
6307 8787 12647
12647 6307 8787
16847 4316 7885
7885 4316 16847
4316 7885 16847
25791 2684 23627
23627 2684 25791
2684 23627 25791
17484 13520 18961
18961 13520 17484
13520 17484 18961
19923 23305 24635
24635 19923 23305
23305 19923 24635
3888 21231 26666
26666 3888 21231
21231 3888 26666
14819 6747 23221
6747 14819 23221
23221 6747 14819
24458 2190 27547
27547 2190 24458
2190 24458 27547
2347 3544 11824
11824 2347 3544
3544 2347 11824
10897 27918 29803
29803 10897 27918
27918 10897 29803
1088 359 8085
8085 359 1088
359 1088 8085
19291 3130 19877
3130 19291 19877
19877 3130 19291
2053 3267 12021
3267 2053 12021
12021 2053 3267
255 3732 20067
3732 255 20067
20067 255 3732
6059 11464 18030
11464 6059 18030
18030 6059 11464
16038 10224 13297
13297 10224 16038
10224 13297 16038
6912 1406 17506
17506 1406 6912
1406 6912 17506
20019 7210 17310
17310 7210 20019
7210 17310 20019
26636 3839 29117
29117 3839 26636
3839 26636 29117
29305 17072 27026
17072 27026 29305
27026 17072 29305
4766 8988 16193
8988 4766 16193
16193 4766 8988
23890 3920 12402
3920 12402 23890
12402 3920 23890
21733 21435 25092
21435 21733 25092
25092 21435 21733
21634 6023 19684
6023 19684 21634
19684 6023 21634
23893 8373 24944
24944 8373 23893
8373 23893 24944
18171 2048 29036
2048 18171 29036
29036 2048 18171
21018 5667 19994
19994 5667 21018
5667 19994 21018
14653 19590 28008
19590 14653 28008
28008 14653 19590
19814 9676 17205
17205 9676 19814
9676 17205 19814
28150 491 19130
19130 491 28150
491 19130 28150
27613 9759 22752
9759 22752 27613
22752 9759 27613
4358 24390 27236
24390 4358 27236
27236 4358 24390
1642 19897 25893
19897 1642 25893
25893 1642 19897
911 6829 27959
27959 911 6829
6829 911 27959
10547 10265 29581
10265 10547 29581
29581 10265 10547
12887 1926 11537
11537 1926 12887
1926 11537 12887
22451 978 24373
978 22451 24373
24373 978 22451
18932 15853 23099
15853 18932 23099
23099 15853 18932
2859 23055 26055
23055 2859 26055
26055 2859 23055
28935 820 16165
820 16165 28935
16165 820 28935
26324 13574 22015
22015 13574 26324
13574 22015 26324
27227 8464 17631
17631 8464 27227
8464 17631 27227
16725 15461 17591
17591 15461 16725
15461 16725 17591
22646 5504 27641
27641 5504 22646
5504 22646 27641
13828 4788 13237
13237 4788 13828
4788 13237 13828
18282 20574 23939
23939 18282 20574
20574 18282 23939
19 4944 18937
18937 19 4944
4944 19 18937
23814 679 19836
19836 679 23814
679 19836 23814
7436 13449 26244
26244 7436 13449
13449 7436 26244
12219 12066 20623
12066 12219 20623
20623 12066 12219
15155 10076 23160
10076 15155 23160
23160 10076 15155
14874 20334 23524
23524 14874 20334
20334 14874 23524
23809 21651 28088
21651 23809 28088
28088 21651 23809
20797 11948 20180
20180 11948 20797
11948 20180 20797
26155 3114 25632
3114 25632 26155
25632 3114 26155
20677 8294 28254
28254 8294 20677
8294 20677 28254
13150 17427 23632
23632 13150 17427
17427 13150 23632
16780 9144 9952
9952 9144 16780
9144 9952 16780
18628 294 27698
27698 294 18628
294 18628 27698
28666 22883 28840
22883 28666 28840
28840 22883 28666
1228 14608 16559
14608 1228 16559
16559 1228 14608
9873 59 19302
59 9873 19302
19302 59 9873
15631 6908 22683
22683 6908 15631
6908 15631 22683
20330 19429 24672
19429 20330 24672
24672 19429 20330
23068 14834 19545
19545 14834 23068
14834 19545 23068
2027 3890 19260
19260 2027 3890
3890 2027 19260
27438 15322 27817
15322 27438 27817
27817 15322 27438
27693 7457 26119
7457 26119 27693
26119 7457 27693
25336 8108 9741
8108 9741 25336
9741 8108 25336
9693 518 13989
518 9693 13989
13989 518 9693
11397 6715 15841
6715 11397 15841
15841 6715 11397
23968 5135 19249
19249 5135 23968
5135 19249 23968
1922 3659 5231
5231 1922 3659
3659 1922 5231
4165 16403 20477
16403 4165 20477
20477 4165 16403
29282 13837 23308
13837 23308 29282
23308 13837 29282
24352 7314 8737
8737 7314 24352
7314 8737 24352
10858 2840 16810
2840 10858 16810
16810 2840 10858
7283 16001 23047
16001 7283 23047
23047 7283 16001
5204 100 20794
20794 100 5204
100 5204 20794
2699 10772 13066
10772 2699 13066
13066 2699 10772
9261 5258 22155
5258 9261 22155
22155 5258 9261
26859 14678 24481
14678 24481 26859
24481 14678 26859
14105 14746 17863
14746 14105 17863
17863 14105 14746
26581 1336 29512
29512 1336 26581
1336 26581 29512
11435 181 6571
181 6571 11435
6571 181 11435
3127 1848 10700
1848 3127 10700
10700 1848 3127
29005 8992 16923
8992 16923 29005
16923 8992 29005
23131 1131 13059
13059 1131 23131
1131 13059 23131
9033 2605 18513
2605 9033 18513
18513 2605 9033
6377 3729 5809
3729 5809 6377
5809 3729 6377
6542 7499 29566
7499 6542 29566
29566 6542 7499
27653 1246 9005
9005 1246 27653
1246 9005 27653
27429 13163 23655
23655 13163 27429
13163 23655 27429
21245 13303 25918
25918 13303 21245
13303 21245 25918
21159 5812 28174
5812 21159 28174
28174 5812 21159
17382 24748 29630
29630 17382 24748
24748 17382 29630
1357 4070 10580
10580 1357 4070
4070 1357 10580
18539 1638 28344
28344 1638 18539
1638 18539 28344
21797 131 26499
26499 131 21797
131 21797 26499
26916 6964 29254
29254 6964 26916
6964 26916 29254
13598 218 22819
22819 218 13598
218 13598 22819
18741 7506 16927
7506 16927 18741
16927 7506 18741
112 523 15450
15450 112 523
523 112 15450
27812 408 18719
408 18719 27812
18719 408 27812
29522 1978 12919
12919 1978 29522
1978 12919 29522
5226 190 26262
190 5226 26262
26262 190 5226
21166 5643 7415
7415 5643 21166
5643 7415 21166
28891 21061 27768
21061 27768 28891
27768 21061 28891
4921 2524 19914
2524 4921 19914
19914 2524 4921
13971 9195 24752
24752 9195 13971
9195 13971 24752
19670 5597 29097
5597 19670 29097
29097 5597 19670
18185 26479 26947
26479 18185 26947
26947 18185 26479
29609 8656 11914
11914 8656 29609
8656 11914 29609
3024 7642 21293
21293 3024 7642
7642 3024 21293
7465 13413 27755
27755 7465 13413
13413 7465 27755
475 658 13099
658 475 13099
13099 475 658
9519 6803 23189
23189 6803 9519
6803 9519 23189
28623 2552 22227
2552 22227 28623
22227 2552 28623
22371 15307 23262
23262 15307 22371
15307 22371 23262
913 7074 28219
28219 913 7074
7074 913 28219
11556 6511 24774
24774 6511 11556
6511 11556 24774
28656 7889 8583
8583 7889 28656
7889 8583 28656
8544 5054 13822
13822 5054 8544
5054 8544 13822
5748 9341 16061
9341 5748 16061
16061 5748 9341
3978 10694 11792
11792 3978 10694
10694 3978 11792
9324 19726 27449
19726 9324 27449
27449 9324 19726
25192 8643 22971
8643 22971 25192
22971 8643 25192
19335 6284 27161
6284 19335 27161
27161 6284 19335
17393 15963 27718
27718 15963 17393
15963 17393 27718
23473 5127 12815
5127 12815 23473
12815 5127 23473
785 13824 17544
17544 785 13824
13824 785 17544
9408 9397 10919
9397 9408 10919
10919 9397 9408
27398 6889 24157
6889 24157 27398
24157 6889 27398
23244 3369 19874
19874 3369 23244
3369 19874 23244
25906 8764 22281
22281 8764 25906
8764 22281 25906
17906 4547 17277
17277 4547 17906
4547 17277 17906
12996 12915 22719
22719 12915 12996
12915 12996 22719
20495 21116 25230
25230 20495 21116
21116 20495 25230
22018 6565 10796
10796 6565 22018
6565 10796 22018
25100 1871 11705
1871 11705 25100
11705 1871 25100
14624 9171 26895
9171 14624 26895
26895 9171 14624
11821 18554 26721
18554 11821 26721
26721 11821 18554
7146 2350 22871
2350 7146 22871
22871 2350 7146
6560 21929 26176
21929 6560 26176
26176 6560 21929
1469 14461 24099
24099 1469 14461
14461 1469 24099
8922 12664 17754
17754 8922 12664
12664 8922 17754
8608 16897 24414
16897 8608 24414
24414 8608 16897
18172 7668 11414
11414 7668 18172
7668 11414 18172
26343 830 17861
17861 830 26343
830 17861 26343
823 15792 20190
15792 823 20190
20190 823 15792
14348 15574 19184
19184 14348 15574
15574 14348 19184
21637 7029 8921
7029 8921 21637
8921 7029 21637
8506 5792 26279
5792 8506 26279
26279 5792 8506
20867 2628 22187
22187 2628 20867
2628 20867 22187
25134 17190 27676
17190 25134 27676
27676 17190 25134
3190 9686 22306
9686 3190 22306
22306 3190 9686
10170 7475 11055
11055 7475 10170
7475 10170 11055
28249 15546 28680
15546 28249 28680
28680 15546 28249
15701 11704 29457
11704 15701 29457
29457 11704 15701
29900 1340 15340
15340 1340 29900
1340 15340 29900
15013 19818 23649
19818 15013 23649
23649 15013 19818
9972 20020 29250
20020 9972 29250
29250 9972 20020
10059 12695 27208
27208 10059 12695
12695 10059 27208
4171 2571 29530
2571 4171 29530
29530 2571 4171
15391 5479 10518
5479 10518 15391
10518 5479 15391
20459 21938 27682
21938 20459 27682
27682 20459 21938
24406 9484 21030
9484 21030 24406
21030 9484 24406
4730 11206 29451
29451 4730 11206
11206 4730 29451
628 28077 29509
28077 628 29509
29509 628 28077
23029 17318 24970
24970 17318 23029
17318 23029 24970
15723 23398 25124
25124 15723 23398
23398 15723 25124
20758 9787 22987
9787 20758 22987
22987 9787 20758
25904 1643 27988
27988 1643 25904
1643 25904 27988
1579 6375 18786
6375 1579 18786
18786 1579 6375
5567 13406 28222
28222 5567 13406
13406 5567 28222
7845 203 19486
203 7845 19486
19486 203 7845
17793 8447 20247
8447 17793 20247
20247 8447 17793
8542 5049 25203
25203 5049 8542
5049 8542 25203
7112 3056 26828
3056 7112 26828
26828 3056 7112
24793 1723 17195
17195 1723 24793
1723 17195 24793
14440 4736 10936
10936 4736 14440
4736 10936 14440
21641 12360 16514
16514 12360 21641
12360 16514 21641
18029 16805 28080
16805 18029 28080
28080 16805 18029
6402 10814 19808
19808 6402 10814
10814 6402 19808
2274 23954 29930
23954 2274 29930
29930 2274 23954
5313 17735 22882
22882 5313 17735
17735 5313 22882
22285 9197 27969
27969 9197 22285
9197 22285 27969
25948 7808 26369
7808 25948 26369
26369 7808 25948
9107 798 27930
798 9107 27930
27930 798 9107
25488 4890 19854
19854 4890 25488
4890 19854 25488
13483 5797 9811
9811 5797 13483
5797 9811 13483
14772 3924 27262
3924 14772 27262
27262 3924 14772
1351 12081 21451
12081 1351 21451
21451 1351 12081
26932 22063 25501
22063 25501 26932
25501 22063 26932
605 7737 15537
7737 605 15537
15537 605 7737
19521 11712 18018
11712 18018 19521
18018 11712 19521
8014 7510 20383
7510 8014 20383
20383 7510 8014
12530 10253 10584
10253 10584 12530
10584 10253 12530
29906 4059 10697
4059 10697 29906
10697 4059 29906
12712 9287 12002
9287 12002 12712
12002 9287 12712
21218 6170 18049
18049 6170 21218
6170 18049 21218
2648 13807 26613
13807 2648 26613
26613 2648 13807
7523 14124 20688
14124 7523 20688
20688 7523 14124
6333 19162 25470
25470 6333 19162
19162 6333 25470
26210 10441 11631
11631 10441 26210
10441 11631 26210
1345 8925 24905
24905 1345 8925
8925 1345 24905
6310 2707 9165
2707 6310 9165
9165 2707 6310
16134 19745 27524
27524 16134 19745
19745 16134 27524
16536 845 22329
22329 845 16536
845 16536 22329
5352 17702 27048
17702 5352 27048
27048 5352 17702
28201 14249 29050
14249 28201 29050
29050 14249 28201
14779 4290 14539
14539 4290 14779
4290 14539 14779
18504 5783 12954
5783 12954 18504
12954 5783 18504
123 1828 25908
1828 123 25908
25908 123 1828
19005 6117 11526
6117 11526 19005
11526 6117 19005
28893 7397 26515
7397 26515 28893
26515 7397 28893
18436 15010 23871
15010 18436 23871
23871 15010 18436
29181 17947 19059
17947 19059 29181
19059 17947 29181
8319 6358 26892
26892 6358 8319
6358 8319 26892
6786 4848 20991
20991 4848 6786
4848 6786 20991
29358 4301 19129
19129 4301 29358
4301 19129 29358
19736 10451 26593
26593 10451 19736
10451 19736 26593
12619 8659 26558
26558 8659 12619
8659 12619 26558
13879 1787 11803
1787 11803 13879
11803 1787 13879
6744 8900 24487
8900 6744 24487
24487 6744 8900
14756 4982 9334
9334 4982 14756
