2609 993 1855
1855 993 2609
993 1855 2609
565 271 1586
271 565 1586
1586 271 565
1166 1418 2995
1418 1166 2995
2995 1166 1418
445 549 2194
549 445 2194
2194 445 549
1349 44 1808
1808 44 1349
44 1349 1808
1594 160 2973
160 1594 2973
2973 160 1594
1434 2944 2961
2961 1434 2944
2944 1434 2961
647 1495 1980
1495 647 1980
1980 647 1495
814 141 204
204 141 814
141 204 814
198 1385 2324
2324 198 1385
1385 198 2324
2850 1130 2747
1130 2747 2850
2747 1130 2850
1659 768 2386
768 1659 2386
2386 768 1659
1746 110 1451
110 1451 1746
1451 110 1746
2551 598 1542
1542 598 2551
598 1542 2551
713 124 1625
1625 124 713
124 713 1625
2801 2264 2481
2481 2264 2801
2264 2481 2801
2579 2496 2998
2496 2579 2998
2998 2496 2579
2769 785 1525
785 1525 2769
1525 785 2769
767 415 1204
1204 415 767
415 767 1204
87 241 1162
1162 87 241
241 87 1162
353 2297 2425
2297 353 2425
2425 353 2297
1320 1050 1212
1050 1212 1320
1212 1050 1320
482 1954 2291
2291 482 1954
1954 482 2291
2359 631 2649
631 2359 2649
2649 631 2359
337 589 2497
2497 337 589
589 337 2497
517 555 2388
2388 517 555
555 517 2388
138 1226 2177
1226 138 2177
2177 138 1226
2023 1548 2809
1548 2023 2809
2809 1548 2023
2334 1289 2691
2691 1289 2334
1289 2334 2691
481 1705 2633
2633 481 1705
1705 481 2633
2693 801 2005
2005 801 2693
801 2005 2693
529 655 2206
655 529 2206
2206 529 655
289 1102 1496
1496 289 1102
1102 289 1496
1089 1355 2956
1355 1089 2956
2956 1089 1355
2950 2909 2912
2912 2909 2950
2909 2912 2950
1114 295 2446
295 1114 2446
2446 295 1114
1499 383 1200
1200 383 1499
383 1200 1499
2209 1400 2204
1400 2204 2209
2204 1400 2209
1425 1565 2918
1565 1425 2918
2918 1425 1565
1912 512 781
781 512 1912
512 781 1912
1265 1429 2308
1429 1265 2308
2308 1265 1429
2742 1334 2859
2859 1334 2742
1334 2742 2859
736 676 2418
676 736 2418
2418 676 736
2520 2440 2621
2440 2520 2621
2621 2440 2520
674 1295 2587
1295 674 2587
2587 674 1295
722 1784 2782
1784 722 2782
2782 722 1784
666 1426 1806
1426 666 1806
1806 666 1426
287 8 2350
2350 8 287
8 287 2350
1076 1261 1742
1742 1076 1261
1261 1076 1742
947 1 260
1 260 947
260 1 947
154 1460 2625
1460 154 2625
2625 154 1460
333 1090 1342
1090 333 1342
1342 333 1090
374 450 1547
450 374 1547
1547 374 450
1901 1066 1522
1522 1066 1901
1066 1522 1901
1065 1364 1990
1364 1065 1990
1990 1065 1364
2013 350 1155
350 1155 2013
1155 350 2013
132 1577 2929
1577 132 2929
2929 132 1577
2860 441 2106
2106 441 2860
441 2106 2860
75 1787 2448
1787 75 2448
2448 75 1787
1273 638 2228
2228 638 1273
638 1273 2228
1395 443 498
443 498 1395
498 443 1395
1937 95 2916
2916 95 1937
95 1937 2916
2530 211 2884
211 2530 2884
2884 211 2530
2104 1003 1406
1406 1003 2104
1003 1406 2104
2753 1028 2786
2786 1028 2753
1028 2753 2786
819 114 739
739 114 819
114 739 819
72 243 2736
243 72 2736
2736 72 243
1890 223 669
669 223 1890
223 669 1890
738 940 1467
1467 738 940
940 738 1467
2992 2365 2698
2365 2698 2992
2698 2365 2992
617 834 1670
834 617 1670
1670 617 834
1136 291 1403
1403 291 1136
291 1136 1403
803 956 1940
956 803 1940
1940 803 956
1168 1356 2203
2203 1168 1356
1356 1168 2203
919 261 1610
261 919 1610
1610 261 919
2744 19 2959
2959 19 2744
19 2744 2959
2678 1818 2561
1818 2561 2678
2561 1818 2678
1298 974 2840
2840 974 1298
974 1298 2840
946 934 1633
1633 934 946
934 946 1633
1741 2546 2810
2546 1741 2810
2810 1741 2546
1921 89 1580
1580 89 1921
89 1580 1921
2598 51 86
51 86 2598
86 51 2598
1987 1906 1941
1906 1941 1987
1941 1906 1987
299 175 1972
175 299 1972
1972 175 299
2275 231 1376
231 1376 2275
1376 231 2275
2947 494 2368
494 2368 2947
2368 494 2947
1533 317 2965
317 1533 2965
2965 317 1533
1103 1768 2611
1768 1103 2611
2611 1103 1768
1478 1427 1543
1427 1478 1543
1543 1427 1478
1780 159 1862
1862 159 1780
159 1780 1862
18 168 822
822 18 168
168 18 822
1785 1046 2471
1046 1785 2471
2471 1046 1785
959 1530 1591
1530 959 1591
1591 959 1530
162 136 321
136 162 321
321 136 162
1551 532 1895
532 1551 1895
1895 532 1551
2967 511 1740
511 1740 2967
1740 511 2967
958 773 1686
1686 773 958
773 958 1686
60 1101 2857
2857 60 1101
1101 60 2857
860 556 931
556 860 931
931 556 860
2252 1674 2515
2515 1674 2252
1674 2252 2515
2132 1885 2058
1885 2058 2132
2058 1885 2132
2883 1861 2796
2796 1861 2883
1861 2796 2883
2309 330 2681
330 2309 2681
2681 330 2309
1662 9 1786
9 1662 1786
1786 9 1662
2003 2230 2996
2230 2003 2996
2996 2003 2230
2976 50 1715
1715 50 2976
50 1715 2976
2432 2456 2974
2456 2432 2974
2974 2432 2456
224 62 2766
62 224 2766
2766 62 224
2563 580 1764
1764 580 2563
580 1764 2563
16 497 1615
497 16 1615
1615 16 497
563 1514 2663
1514 563 2663
2663 563 1514
854 770 1986
1986 770 854
770 854 1986
530 1804 2814
2814 530 1804
1804 530 2814
235 2115 2119
2115 235 2119
2119 235 2115
2107 310 1858
1858 310 2107
310 1858 2107
691 2045 2483
2045 691 2483
2483 691 2045
2396 697 1347
1347 697 2396
697 1347 2396
640 2486 2892
2486 640 2892
2892 640 2486
1088 1692 2936
2936 1088 1692
1692 1088 2936
151 535 1724
1724 151 535
535 151 1724
293 1791 2470
2470 293 1791
1791 293 2470
163 434 437
434 163 437
437 163 434
1544 2222 2538
2222 1544 2538
2538 1544 2222
573 868 1691
1691 573 868
868 573 1691
1531 2140 2666
2666 1531 2140
2140 1531 2666
2547 302 1879
302 1879 2547
1879 302 2547
1938 1396 2246
1396 1938 2246
2246 1396 1938
2896 37 996
37 996 2896
996 37 2896
1171 1231 1281
1281 1171 1231
1231 1171 1281
1209 560 1480
560 1209 1480
1480 560 1209
2018 1779 2038
1779 2018 2038
2038 1779 2018
35 108 446
108 35 446
446 35 108
1274 544 783
544 783 1274
783 544 1274
1322 315 1043
315 1043 1322
1043 315 1322
1284 485 1107
1107 485 1284
485 1107 1284
880 115 1816
115 880 1816
1816 115 880
2713 354 659
659 354 2713
354 659 2713
13 128 439
439 13 128
128 13 439
1458 2122 2640
2640 1458 2122
2122 1458 2640
588 348 1932
1932 348 588
348 588 1932
1523 2767 2954
2767 1523 2954
2954 1523 2767
703 1825 2021
1825 703 2021
2021 703 1825
1337 864 2517
2517 864 1337
864 1337 2517
1853 761 1524
1524 761 1853
761 1524 1853
2781 1279 2152
1279 2152 2781
2152 1279 2781
2323 85 1039
1039 85 2323
85 1039 2323
1638 830 2701
2701 830 1638
830 1638 2701
428 120 683
683 120 428
120 428 683
2760 182 2730
2730 182 2760
182 2730 2760
824 1052 1164
1052 824 1164
1164 824 1052
2052 458 2346
458 2052 2346
2346 458 2052
1172 1628 1790
1790 1172 1628
1628 1172 1790
988 474 1605
1605 474 988
474 988 1605
2908 976 1752
1752 976 2908
976 1752 2908
2728 503 1299
503 1299 2728
1299 503 2728
2007 28 2083
28 2007 2083
2083 28 2007
787 1917 2289
1917 787 2289
2289 787 1917
2502 27 1188
1188 27 2502
27 1188 2502
2692 131 2793
2793 131 2692
131 2692 2793
309 839 2926
839 309 2926
2926 309 839
1750 985 2631
985 1750 2631
2631 985 1750
2112 706 1695
706 1695 2112
1695 706 2112
2574 866 1187
1187 866 2574
866 1187 2574
1144 1587 2146
2146 1144 1587
1587 1144 2146
1394 926 1985
926 1394 1985
1985 926 1394
826 1668 2214
1668 826 2214
2214 826 1668
1648 670 1988
1988 670 1648
670 1648 1988
1309 311 911
311 911 1309
911 311 1309
2180 1086 2875
2875 1086 2180
1086 2180 2875
475 2208 2774
2208 475 2774
2774 475 2208
687 303 1099
303 687 1099
1099 303 687
914 2379 2676
2379 914 2676
2676 914 2379
2485 964 1398
1398 964 2485
964 1398 2485
2048 1291 1936
1936 1291 2048
1291 1936 2048
1961 692 1112
1112 692 1961
692 1112 1961
234 523 2406
523 234 2406
2406 234 523
1377 77 379
77 379 1377
379 77 1377
2361 471 869
869 471 2361
471 869 2361
1263 359 606
606 359 1263
359 606 1263
1338 1826 2004
1826 1338 2004
2004 1338 1826
1455 209 2238
2238 209 1455
209 1455 2238
2251 1830 1969
1969 1830 2251
1830 1969 2251
2851 1262 1642
1262 1642 2851
1642 1262 2851
734 1546 2823
1546 734 2823
2823 734 1546
671 694 2673
2673 671 694
694 671 2673
2066 432 1799
1799 432 2066
432 1799 2066
932 1185 1857
1185 932 1857
1857 932 1185
2113 1257 2001
1257 2001 2113
2001 1257 2113
2193 1539 2438
1539 2193 2438
2438 1539 2193
2166 675 1255
1255 675 2166
675 1255 2166
2697 841 2919
2919 841 2697
841 2697 2919
2943 2085 2818
2818 2085 2943
2085 2818 2943
349 527 1838
527 349 1838
1838 349 527
1643 2242 2255
2242 1643 2255
2255 1643 2242
769 403 2914
403 769 2914
2914 403 769
2131 257 2458
257 2131 2458
2458 257 2131
2577 989 2320
2320 989 2577
989 2320 2577
1888 755 2763
2763 755 1888
755 1888 2763
1892 1915 2534
2534 1892 1915
1915 1892 2534
1082 1588 1589
1589 1082 1588
1588 1082 1589
1081 995 2051
2051 995 1081
995 1081 2051
1368 288 1979
288 1368 1979
1979 288 1368
2982 1934 2100
1934 2100 2982
2100 1934 2982
2584 979 2993
979 2584 2993
2993 979 2584
404 1802 2516
2516 404 1802
1802 404 2516
2634 453 2746
453 2634 2746
2746 453 2634
1282 1909 2073
1909 1282 2073
2073 1282 1909
757 2181 2729
2729 757 2181
2181 757 2729
1748 986 2873
2873 986 1748
986 1748 2873
2337 682 1897
682 1897 2337
1897 682 2337
418 2014 2144
2144 418 2014
2014 418 2144
2903 30 388
388 30 2903
30 388 2903
1236 2067 2469
2067 1236 2469
2469 1236 2067
980 894 2417
2417 894 980
894 980 2417
14 2848 2949
2949 14 2848
2848 14 2949
262 375 2989
2989 262 375
375 262 2989
2060 1608 2253
1608 2060 2253
2253 1608 2060
2783 966 1016
1016 966 2783
966 1016 2783
1303 100 2287
100 1303 2287
2287 100 1303
748 265 2963
265 748 2963
2963 265 748
1246 960 1623
960 1246 1623
1623 960 1246
2553 1160 1797
1797 1160 2553
1160 1797 2553
1042 102 2055
102 1042 2055
2055 102 1042
2088 680 2735
680 2088 2735
2735 680 2088
1877 562 2694
2694 562 1877
562 1877 2694
1489 1025 2205
1025 1489 2205
2205 1025 1489
335 442 2583
442 335 2583
2583 335 442
2820 1269 2380
1269 2380 2820
2380 1269 2820
1939 185 2049
185 1939 2049
2049 185 1939
543 829 1233
829 543 1233
1233 543 829
1026 522 804
522 804 1026
804 522 1026
1183 561 1383
1383 561 1183
561 1183 1383
2024 630 2142
630 2024 2142
2142 630 2024
2136 155 1666
1666 155 2136
155 1666 2136
1328 440 1528
1528 440 1328
440 1328 1528
1552 1079 1712
1079 1552 1712
1712 1079 1552
1034 508 664
664 508 1034
508 664 1034
1018 183 1884
1884 183 1018
183 1018 1884
643 526 2466
526 643 2466
2466 526 643
900 42 615
615 42 900
42 615 900
1707 837 951
951 837 1707
837 951 1707
792 1637 2148
2148 792 1637
1637 792 2148
1718 207 2489
2489 207 1718
207 1718 2489
1632 1100 2103
2103 1100 1632
1100 1632 2103
1505 763 2578
2578 763 1505
763 1505 2578
724 221 2657
2657 221 724
221 724 2657
187 2338 2572
2338 187 2572
2572 187 2338
2210 92 2241
92 2210 2241
2241 92 2210
2160 1084 1506
1084 1506 2160
1506 1084 2160
326 290 1360
290 326 1360
1360 290 326
2009 1015 2920
2920 1015 2009
1015 2009 2920
373 1871 2628
2628 373 1871
1871 373 2628
774 170 2078
170 774 2078
2078 170 774
380 2182 2490
2182 380 2490
2490 380 2182
658 2449 2921
2449 658 2921
2921 658 2449
2997 2233 2312
2312 2233 2997
2233 2312 2997
417 338 2968
338 417 2968
2968 338 417
2891 73 1486
73 1486 2891
1486 73 2891
65 47 2442
2442 47 65
47 65 2442
301 750 2740
2740 301 750
750 301 2740
1477 1722 2557
1722 1477 2557
2557 1477 1722
551 98 836
98 551 836
836 98 551
430 728 1154
728 430 1154
1154 430 728
2932 1150 1803
1803 1150 2932
1150 1803 2932
2161 1665 1737
1737 1665 2161
1665 1737 2161
371 2527 2706
2527 371 2706
2706 371 2527
2643 937 1253
1253 937 2643
937 1253 2643
200 608 1037
1037 200 608
608 200 1037
1721 1613 1678
1613 1678 1721
1678 1613 1721
981 1000 2341
2341 981 1000
1000 981 2341
2410 944 2321
944 2321 2410
2321 944 2410
2479 1702 2234
1702 2234 2479
2234 1702 2479
605 552 2376
552 605 2376
2376 552 605
2601 1340 2265
2265 1340 2601
1340 2265 2601
1729 2040 2529
2529 1729 2040
2040 1729 2529
1649 905 1384
905 1384 1649
1384 905 1649
1876 943 1387
1387 943 1876
943 1387 1876
112 935 2708
2708 112 935
935 112 2708
360 57 1840
57 360 1840
1840 57 360
386 133 778
778 133 386
133 386 778
634 591 1083
1083 591 634
591 634 1083
1636 918 1379
1379 918 1636
918 1379 1636
1512 322 2474
2474 322 1512
322 1512 2474
2765 708 901
708 901 2765
901 708 2765
36 1482 2165
1482 36 2165
2165 36 1482
1073 2377 2899
2899 1073 2377
2377 1073 2899
1318 572 764
764 572 1318
572 764 1318
1308 71 2488
2488 71 1308
71 1308 2488
2826 2174 2513
2174 2513 2826
2513 2174 2826
1599 2248 2343
2248 1599 2343
2343 1599 2248
2562 177 2095
2095 177 2562
177 2095 2562
1465 264 1882
1882 264 1465
264 1465 1882
1520 1413 2039
1413 1520 2039
2039 1413 1520
2711 1471 1953
1953 1471 2711
1471 1953 2711
1977 1886 2383
1886 1977 2383
2383 1886 1977
2690 99 772
772 99 2690
99 772 2690
1989 2019 2957
2019 1989 2957
2957 1989 2019
840 1222 2412
1222 840 2412
2412 840 1222
2196 1536 2829
1536 2196 2829
2829 1536 2196
1883 156 1749
1749 156 1883
156 1749 1883
1503 1541 2092
2092 1503 1541
1541 1503 2092
2792 1096 2888
1096 2792 2888
2888 1096 2792
1783 1470 2696
2696 1470 1783
1470 1783 2696
2822 1476 2239
2239 1476 2822
1476 2239 2822
476 2118 2317
2118 476 2317
2317 476 2118
930 604 1710
604 930 1710
1710 604 930
1827 253 2492
2492 253 1827
253 1827 2492
835 90 2797
2797 90 835
90 835 2797
1104 645 1245
1245 645 1104
645 1104 1245
619 1293 2945
2945 619 1293
1293 619 2945
2937 1158 1736
1158 1736 2937
1736 1158 2937
924 2806 2900
2806 924 2900
2900 924 2806
1556 1685 2648
1685 1556 2648
2648 1556 1685
2263 366 1800
366 1800 2263
1800 366 2263
1727 942 2461
2461 942 1727
942 1727 2461
2267 1345 2285
1345 2267 2285
2285 1345 2267
1433 1911 2124
2124 1433 1911
1911 1433 2124
2953 2129 2928
2129 2928 2953
2928 2129 2953
1634 949 1540
949 1540 1634
1540 949 1634
2880 1007 1725
1007 1725 2880
1725 1007 2880
26 1407 2063
1407 26 2063
2063 26 1407
2726 1312 2977
2977 1312 2726
1312 2726 2977
1070 574 2710
2710 574 1070
574 1070 2710
571 242 2812
2812 242 571
242 571 2812
342 152 2558
152 342 2558
2558 152 342
2399 587 2503
587 2399 2503
2503 587 2399
2665 882 1463
882 1463 2665
1463 882 2665
1024 358 1688
358 1024 1688
1688 358 1024
1549 2349 2630
2349 1549 2630
2630 1549 2349
4 597 2952
597 4 2952
2952 4 597
2120 53 646
53 646 2120
646 53 2120
1955 191 1093
191 1093 1955
1093 191 1955
139 1576 1996
1996 139 1576
1576 139 1996
1452 1137 2216
2216 1137 1452
1137 1452 2216
856 712 2387
2387 712 856
712 856 2387
2758 1778 2034
2034 1778 2758
1778 2034 2758
2031 1923 2500
2500 1923 2031
1923 2031 2500
2025 286 1128
1128 286 2025
286 1128 2025
88 413 786
413 88 786
786 88 413
758 239 1822
1822 239 758
239 758 1822
2537 593 1493
1493 593 2537
593 1493 2537
2126 363 732
732 363 2126
363 732 2126
1878 1062 2733
2733 1062 1878
1062 1878 2733
653 1850 2114
1850 653 2114
2114 653 1850
394 107 1612
1612 107 394
107 394 1612
2715 1699 2296
2296 1699 2715
1699 2296 2715
490 1657 2771
1657 490 2771
2771 490 1657
907 2195 2602
2195 907 2602
2602 907 2195
2162 548 1835
548 1835 2162
1835 548 2162
1169 2212 2821
2821 1169 2212
2212 1169 2821
1907 254 2070
254 1907 2070
2070 254 1907
324 372 1173
372 324 1173
1173 324 372
2226 2680 2962
2962 2226 2680
2680 2226 2962
897 480 2030
480 897 2030
2030 480 897
1994 1651 1845
1845 1651 1994
1651 1845 1994
81 1056 2322
1056 81 2322
2322 81 1056
1777 887 1214
1214 887 1777
887 1214 1777
2938 145 449
145 449 2938
449 145 2938
2105 305 2223
305 2105 2223
2223 305 2105
2531 385 2358
385 2358 2531
2358 385 2531
1975 660 2373
2373 660 1975
660 1975 2373
144 194 862
194 144 862
862 144 194
2164 196 2948
2948 196 2164
196 2164 2948
945 1603 2347
2347 945 1603
1603 945 2347
2020 616 1475
1475 616 2020
616 1475 2020
1371 525 2855
525 1371 2855
2855 525 1371
2890 1661 1703
1661 1703 2890
1703 1661 2890
1841 1091 2751
1091 1841 2751
2751 1091 1841
1949 1121 2261
2261 1121 1949
1121 1949 2261
489 486 1201
1201 486 489
486 489 1201
1122 22 632
22 632 1122
632 22 1122
2475 2090 2524
2524 2090 2475
2090 2475 2524
2827 875 2661
875 2661 2827
2661 875 2827
2521 1134 1278
1278 1134 2521
1134 1278 2521
1304 765 2984
765 1304 2984
2984 765 1304
679 387 1441
1441 387 679
387 679 1441
2722 1706 2791
1706 2722 2791
2791 1706 2722
1730 314 2134
2134 314 1730
314 1730 2134
2158 1139 2331
2331 1139 2158
1139 2158 2331
1606 1165 2415
1165 1606 2415
2415 1165 1606
2495 277 2852
2852 277 2495
277 2495 2852
1215 172 398
172 398 1215
398 172 1215
1192 710 1211
710 1192 1211
1211 710 1192
2293 192 2870
2870 192 2293
192 2293 2870
1006 1049 2987
1049 1006 2987
2987 1006 1049
2931 484 1010
484 1010 2931
1010 484 2931
893 384 389
384 389 893
389 384 893
1575 130 2294
2294 130 1575
130 1575 2294
274 408 1689
408 274 1689
1689 274 408
250 1672 1960
1672 250 1960
1960 250 1672
568 629 1178
1178 568 629
629 568 1178
1225 300 649
300 649 1225
649 300 1225
248 297 2815
2815 248 297
297 248 2815
1867 957 1999
957 1867 1999
1999 957 1867
2037 34 2942
2942 34 2037
34 2037 2942
15 667 2094
2094 15 667
667 15 2094
2071 1113 2231
2231 1113 2071
1113 2071 2231
69 313 2755
313 69 2755
2755 69 313
1005 1484 2667
1484 1005 2667
2667 1005 1484
1059 853 2316
2316 853 1059
853 1059 2316
1272 483 2172
2172 483 1272
483 1272 2172
2403 2123 2284
2284 2123 2403
2123 2284 2403
879 933 1502
1502 879 933
933 879 1502
2545 1135 2268
1135 2268 2545
2268 1135 2545
249 2012 2187
2012 249 2187
2187 249 2012
1844 515 1517
515 1517 1844
1517 515 1844
2804 1607 2519
2519 1607 2804
1607 2519 2804
583 1951 2509
1951 583 2509
2509 583 1951
1902 126 639
639 126 1902
126 639 1902
1717 429 1734
429 1717 1734
1734 429 1717
2270 1550 2480
2480 1550 2270
1550 2270 2480
334 1180 1490
1180 334 1490
1490 334 1180
352 848 2581
2581 352 848
848 352 2581
2145 406 1823
1823 406 2145
406 1823 2145
2295 1367 2472
1367 2295 2472
2472 1367 2295
2076 420 628
628 420 2076
420 628 2076
390 29 1382
1382 29 390
29 390 1382
1388 222 1305
222 1305 1388
1305 222 1388
43 467 2081
467 43 2081
2081 43 467
2370 2256 2262
2256 2262 2370
2262 2256 2370
1461 2064 2629
2064 1461 2629
2629 1461 2064
2869 1655 2491
2491 1655 2869
1655 2491 2869
1146 612 827
827 612 1146
612 827 1146
1624 116 743
743 116 1624
116 743 1624
1072 1595 2201
1595 1072 2201
2201 1072 1595
994 1611 2046
1611 994 2046
2046 994 1611
2311 39 2623
39 2311 2623
2623 39 2311
717 426 1711
426 717 1711
1711 426 717
533 867 975
975 533 867
867 533 975
747 2501 2882
2501 747 2882
2882 747 2501
2277 2473 2805
2473 2277 2805
2805 2277 2473
913 1241 1290
1241 913 1290
1290 913 1241
1931 1762 2595
1762 1931 2595
2595 1762 1931
883 1068 2627
1068 883 2627
2627 883 1068
269 329 2478
329 269 2478
2478 269 329
339 252 1055
1055 252 339
252 339 1055
176 1063 1416
1063 176 1416
1416 176 1063
1829 1617 2022
1617 1829 2022
2022 1617 1829
332 1635 1716
1716 332 1635
1635 332 1716
953 1821 2135
1821 953 2135
2135 953 1821
276 462 1179
462 276 1179
1179 276 462
2360 1352 2032
2032 1352 2360
1352 2032 2360
846 1085 1626
1085 846 1626
1626 846 1085
831 456 1011
456 831 1011
1011 456 831
1714 229 1021
1021 229 1714
229 1021 1714
1965 2069 2102
2069 1965 2102
2102 1965 2069
121 1813 2395
2395 121 1813
1813 121 2395
614 611 1568
611 614 1568
1568 611 614
865 595 1483
595 865 1483
1483 595 865
2276 1410 2712
2712 1410 2276
1410 2276 2712
2498 1012 2933
2933 1012 2498
1012 2498 2933
2606 1182 2589
1182 2589 2606
2589 1182 2606
889 397 410
397 410 889
410 397 889
1004 457 2731
2731 457 1004
457 1004 2731
1247 1590 2382
2382 1247 1590
1590 1247 2382
275 461 2504
2504 275 461
461 275 2504
2639 2512 2955
2512 2639 2955
2955 2512 2639
2183 1292 2773
1292 2183 2773
2773 1292 2183
365 509 1115
509 365 1115
1115 365 509
2245 1017 2893
1017 2245 2893
2893 1017 2245
452 1671 1971
1971 452 1671
1671 452 1971
1561 499 2847
2847 499 1561
499 1561 2847
1381 963 2906
2906 963 1381
963 1381 2906
346 2357 2632
2357 346 2632
2632 346 2357
1609 478 1753
1753 478 1609
478 1609 1753
2506 64 2202
2202 64 2506
64 2202 2506
2568 2186 2455
2186 2455 2568
2455 2186 2568
1207 146 2416
2416 146 1207
146 1207 2416
1078 1563 1630
1563 1078 1630
1630 1078 1563
411 1866 1993
1866 411 1993
1993 411 1866
111 119 1444
119 111 1444
1444 111 119
2864 877 1683
877 1683 2864
1683 877 2864
1417 1008 2220
2220 1008 1417
1008 1417 2220
2571 1061 1973
1973 1061 2571
1061 1973 2571
2422 451 2686
2686 451 2422
451 2422 2686
2459 2043 2653
2043 2459 2653
2653 2043 2459
2236 140 1820
1820 140 2236
140 1820 2236
341 54 705
54 341 705
705 54 341
1833 984 1126
984 1126 1833
1126 984 1833
1205 251 2384
2384 251 1205
251 1205 2384
537 566 2011
566 537 2011
2011 537 566
281 40 56
56 40 281
40 56 281
1618 2342 2699
2699 1618 2342
2342 1618 2699
2121 2072 2327
2072 2121 2327
2327 2072 2121
2935 96 197
197 96 2935
96 197 2935
2668 466 1048
466 1048 2668
1048 466 2668
2655 298 1370
298 1370 2655
1370 298 2655
2707 2419 2865
2419 2707 2865
2865 2419 2707
1333 488 2429
2429 488 1333
488 1333 2429
230 516 1574
516 230 1574
1574 230 516
2925 1198 2374
2374 1198 2925
1198 2374 2925
752 2318 2413
2413 752 2318
2318 752 2413
244 41 1713
1713 41 244
41 244 1713
2426 776 2002
2002 776 2426
776 2002 2426
2082 142 1620
142 1620 2082
1620 142 2082
2279 11 1022
11 1022 2279
1022 11 2279
469 1386 2237
2237 469 1386
1386 469 2237
709 208 2033
208 709 2033
2033 208 709
813 2143 2854
2143 813 2854
2854 813 2143
1143 201 2863
201 1143 2863
2863 201 1143
2185 620 1769
1769 620 2185
620 1769 2185
433 307 2664
307 433 2664
2664 307 433
1054 431 1326
1326 431 1054
431 1054 1326
1339 740 1681
740 1339 1681
1681 740 1339
2435 247 2662
247 2435 2662
2662 247 2435
361 2027 2988
2988 361 2027
2027 361 2988
557 105 1831
105 557 1831
1831 105 557
723 545 2569
2569 545 723
545 723 2569
1412 245 294
245 294 1412
294 245 1412
2109 1220 1468
1220 1468 2109
1468 1220 2109
1874 362 908
362 908 1874
908 362 1874
400 1660 2477
2477 400 1660
1660 400 2477
973 2232 2567
2567 973 2232
2232 973 2567
2116 1235 1419
1419 1235 2116
1235 1419 2116
578 1038 2518
1038 578 2518
2518 578 1038
2604 2636 2683
2636 2604 2683
2683 2604 2636
2724 1510 2445
1510 2445 2724
2445 1510 2724
2367 2077 2125
2125 2077 2367
2077 2125 2367
2087 1374 2971
1374 2087 2971
2971 1374 2087
2345 93 2764
93 2345 2764
2764 93 2345
1739 1267 2749
1267 1739 2749
2749 1267 1739
2372 1067 1149
1149 1067 2372
1067 1149 2372
2084 1557 2913
1557 2084 2913
2913 1557 2084
1974 164 2147
164 1974 2147
2147 164 1974
1242 459 874
874 459 1242
459 874 1242
1422 1856 2894
1856 1422 2894
2894 1422 1856
1472 1408 2068
1408 1472 2068
2068 1408 1472
1431 637 2525
637 1431 2525
2525 637 1431
1219 2192 2462
2462 1219 2192
2192 1219 2462
852 1317 1341
1317 852 1341
1341 852 1317
2464 189 2902
189 2464 2902
2902 189 2464
1285 1930 2465
1930 1285 2465
2465 1285 1930
2452 847 2656
847 2452 2656
2656 847 2452
1125 1129 2421
1129 1125 2421
2421 1125 1129
1760 641 2685
641 1760 2685
2685 641 1760
320 1511 1644
1644 320 1511
1511 320 1644
464 1667 2541
1667 464 2541
2541 464 1667
1918 331 1842
331 1842 1918
1842 331 1918
1653 2716 2969
2716 1653 2969
2969 1653 2716
296 810 1232
1232 296 810
810 296 1232
607 2086 2199
2086 607 2199
2199 607 2086
1313 409 1430
409 1313 1430
1430 409 1313
714 727 1133
727 714 1133
1133 714 727
754 1244 2197
2197 754 1244
1244 754 2197
2800 972 2671
972 2671 2800
2671 972 2800
832 421 1645
1645 421 832
421 832 1645
2522 1047 1984
1984 1047 2522
1047 1984 2522
1801 1077 1566
1566 1077 1801
1077 1566 1801
2745 514 700
514 700 2745
700 514 2745
1147 470 2240
470 1147 2240
2240 470 1147
2336 684 1805
684 1805 2336
1805 684 2336
2476 850 1075
1075 850 2476
850 1075 2476
7 1529 2079
2079 7 1529
1529 7 2079
2219 662 912
662 912 2219
912 662 2219
285 1238 1294
1294 285 1238
1238 285 1294
2044 12 2059
12 2044 2059
2059 12 2044
2588 215 1217
215 1217 2588
1217 215 2588
1210 1132 2721
2721 1132 1210
1132 1210 2721
1196 1944 2244
1944 1196 2244
2244 1196 1944
2756 2224 2619
2224 2619 2756
2619 2224 2756
1343 673 2454
673 1343 2454
2454 673 1343
463 1051 2325
2325 463 1051
1051 463 2325
1694 109 1194
109 1194 1694
1194 109 1694
1693 2635 2794
2794 1693 2635
2635 1693 2794
2846 1223 2972
1223 2846 2972
2972 1223 2846
1148 2299 2447
2299 1148 2447
2447 1148 2299
2868 1354 2499
2499 1354 2868
1354 2499 2868
2298 2772 2824
2772 2298 2824
2824 2298 2772
1332 1553 1869
1553 1332 1869
1869 1332 1553
368 3 24
24 3 368
3 24 368
1571 909 2784
2784 909 1571
909 1571 2784
1105 873 876
876 873 1105
873 876 1105
376 186 1058
1058 186 376
186 376 1058
1814 1658 2402
1658 1814 2402
2402 1658 1814
1372 971 982
982 971 1372
971 982 1372
225 268 1677
1677 225 268
268 225 1677
267 688 2669
688 267 2669
2669 267 688
2837 828 2566
2566 828 2837
828 2566 2837
184 777 998
998 184 777
777 184 998
2790 2482 2638
2638 2482 2790
2482 2638 2790
2543 1190 1436
1190 1436 2543
1436 1190 2543
2280 357 1181
357 1181 2280
1181 357 2280
2779 884 2564
884 2564 2779
2564 884 2779
547 538 737
737 538 547
538 547 737
1582 586 1629
1629 586 1582
586 1582 1629
278 2056 2351
2351 278 2056
2056 278 2351
258 2431 2575
2575 258 2431
2431 258 2575
1572 1863 2886
2886 1572 1863
1863 1572 2886
1578 872 2173
872 1578 2173
2173 872 1578
2966 147 540
147 540 2966
540 147 2966
2542 843 2266
843 2266 2542
2266 843 2542
2211 903 1846
1846 903 2211
903 1846 2211
600 171 1919
171 600 1919
1919 171 600
157 1684 2911
1684 157 2911
2911 157 1684
977 193 805
805 193 977
193 805 977
2720 20 870
20 870 2720
870 20 2720
2354 1142 1562
1142 1562 2354
1562 1142 2354
2096 652 1913
1913 652 2096
652 1913 2096
2785 1819 1957
1819 1957 2785
1957 1819 2785
2787 2127 2862
2127 2787 2862
2862 2127 2787
1567 2307 2910
2910 1567 2307
2307 1567 2910
2641 419 564
419 564 2641
564 419 2641
279 906 1916
1916 279 906
906 279 1916
1296 1259 2718
1259 1296 2718
2718 1259 1296
650 1110 1583
1110 650 1583
1583 650 1110
1929 1141 1774
1141 1774 1929
1774 1141 1929
1700 6 1316
1316 6 1700
6 1316 1700
328 2017 2556
2017 328 2556
2556 328 2017
370 719 1962
719 370 1962
1962 370 719
2799 861 1788
861 1788 2799
1788 861 2799
910 1756 2825
2825 910 1756
1756 910 2825
1891 401 815
401 815 1891
815 401 1891
1501 1516 2159
2159 1501 1516
1516 1501 2159
1064 938 2329
2329 938 1064
938 1064 2329
2951 33 2305
2305 33 2951
33 2305 2951
1323 1776 2776
2776 1323 1776
1776 1323 2776
1701 347 812
347 812 1701
812 347 1701
602 46 2271
46 602 2271
2271 46 602
2828 1849 1899
1849 1899 2828
1899 1849 2828
367 1218 1534
1218 367 1534
1534 367 1218
246 1880 2300
1880 246 2300
2300 246 1880
800 1900 1959
1959 800 1900
1900 800 1959
2340 2684 2867
2684 2340 2867
2867 2340 2684
2650 2306 2990
2306 2650 2990
2990 2306 2650
987 1640 2704
1640 987 2704
2704 987 1640
2200 1423 2375
1423 2200 2375
2375 1423 2200
1982 644 2536
644 1982 2536
2536 644 1982
686 1456 1559
1456 686 1559
1559 686 1456
2381 1708 2250
1708 2250 2381
2250 1708 2381
1743 718 2614
718 1743 2614
2614 718 1743
2008 999 2644
999 2008 2644
2644 999 2008
2010 665 1843
1843 665 2010
665 1843 2010
2389 173 886
173 886 2389
886 173 2389
2597 2029 2737
2737 2029 2597
2029 2597 2737
63 1108 1747
1747 63 1108
1108 63 1747
1772 2414 2428
2414 1772 2428
2428 1772 2414
1249 2408 2409
2408 1249 2409
2409 1249 2408
2191 1256 1646
1256 1646 2191
1646 1256 2191
990 707 1621
1621 707 990
707 990 1621
1794 541 1781
1781 541 1794
541 1781 1794
716 524 1652
1652 524 716
524 716 1652
2075 1032 1153
1032 1153 2075
1153 1032 2075
1639 55 1817
1817 55 1639
55 1639 1817
1167 890 1157
1157 890 1167
890 1157 1167
351 479 1675
479 351 1675
1675 351 479
1598 1440 2451
2451 1440 1598
1440 1598 2451
118 80 181
80 118 181
181 80 118
1950 1365 2719
1365 1950 2719
2719 1365 1950
1402 32 2155
32 1402 2155
2155 32 1402
1836 117 2610
2610 117 1836
117 1836 2610
2907 1069 1216
1216 1069 2907
1069 1216 2907
1910 1873 2171
1873 1910 2171
2171 1873 1910
2991 493 2404
493 2404 2991
2404 493 2991
2652 422 762
422 762 2652
762 422 2652
174 1904 2453
2453 174 1904
1904 174 2453
2434 395 2508
395 2434 2508
2508 395 2434
1321 536 1071
536 1071 1321
1071 536 1321
741 833 1446
833 741 1446
1446 741 833
340 135 414
414 135 340
135 340 414
1156 2401 2789
2789 1156 2401
2401 1156 2789
1330 1092 1992
1092 1330 1992
1992 1092 1330
636 2393 2460
2393 636 2460
2460 636 2393
1227 621 2777
621 1227 2777
2777 621 1227
2876 1614 2348
2348 1614 2876
1614 2348 2876
1152 1373 1397
1373 1152 1397
1397 1152 1373
506 1462 2259
2259 506 1462
1462 506 2259
1271 2687 2941
2941 1271 2687
2687 1271 2941
2905 845 2139
845 2139 2905
2139 845 2905
1450 1346 2272
2272 1346 1450
1346 1450 2272
2405 1537 1696
1696 1537 2405
1537 1696 2405
2390 1041 1905
1041 1905 2390
1905 1041 2390
929 405 1391
1391 405 929
405 929 1391
273 622 2313
622 273 2313
2313 273 622
1315 308 2830
308 1315 2830
2830 308 1315
528 1036 1991
1036 528 1991
1991 528 1036
2532 1518 2741
1518 2532 2741
2741 1518 2532
2356 1357 1751
1357 1751 2356
1751 1357 2356
1958 531 898
531 898 1958
898 531 1958
726 1151 2093
2093 726 1151
1151 726 2093
228 657 2163
657 228 2163
2163 228 657
2369 391 392
391 392 2369
392 391 2369
1344 161 1579
1579 161 1344
161 1344 1579
1331 594 1650
594 1331 1650
1650 594 1331
1124 690 1757
690 1124 1757
1757 690 1124
2225 575 2188
2188 575 2225
575 2188 2225
2526 2283 2353
2353 2283 2526
2283 2353 2526
2813 1097 1140
1097 1140 2813
1140 1097 2813
1453 661 1019
1019 661 1453
661 1019 1453
1414 1106 1335
1106 1335 1414
1335 1106 1414
1952 696 970
970 696 1952
696 970 1952
106 624 2679
624 106 2679
2679 106 624
2247 1927 2258
2258 1927 2247
1927 2247 2258
1926 58 2748
2748 58 1926
58 1926 2748
206 844 2871
844 206 2871
2871 206 844
1094 2319 2540
2319 1094 2540
2540 1094 2319
1310 1029 2775
1029 1310 2775
2775 1029 1310
82 753 1302
753 82 1302
1302 82 753
1554 2570 2612
2570 1554 2612
2612 1554 2570
896 1275 2273
2273 896 1275
1275 896 2273
1498 148 438
148 438 1498
438 148 1498
1277 888 1469
888 1277 1469
1469 888 1277
1170 477 2856
477 1170 2856
2856 477 1170
1755 460 1870
1870 460 1755
460 1755 1870
1224 2555 2927
2555 1224 2927
2927 1224 2555
1001 899 1230
899 1001 1230
1230 899 1001
1908 487 1329
487 1329 1908
1329 487 1908
651 501 955
501 651 955
955 501 651
1920 1538 1976
1538 1920 1976
1976 1538 1920
381 1673 2739
2739 381 1673
1673 381 2739
2176 2213 2618
2213 2176 2618
2618 2176 2213
2642 962 2006
2006 962 2642
962 2006 2642
1438 495 1044
1044 495 1438
495 1044 1438
550 577 599
599 550 577
577 550 599
2677 355 407
355 407 2677
407 355 2677
2682 1260 2061
1260 2061 2682
2061 1260 2682
59 219 809
809 59 219
219 59 809
2335 412 1040
1040 412 2335
412 1040 2335
1515 1796 2983
1796 1515 2983
2983 1515 1796
214 1240 1851
1851 214 1240
1240 214 1851
2089 1186 2153
1186 2089 2153
2153 1186 2089
1914 613 2493
613 1914 2493
2493 613 1914
1596 1013 1459
1013 1459 1596
1459 1013 1596
1733 2437 2600
2600 1733 2437
2437 1733 2600
455 1619 1669
1619 455 1669
1669 455 1619
2986 1732 1963
1963 1732 2986
1732 1963 2986
180 423 1765
423 180 1765
1765 180 423
1203 678 1120
678 1120 1203
1120 678 1203
2484 948 1679
1679 948 2484
948 1679 2484
1981 1479 1600
1600 1479 1981
1479 1600 1981
744 1369 1569
1569 744 1369
1369 744 1569
2190 1852 2260
2260 1852 2190
1852 2190 2260
318 695 1189
695 318 1189
1189 318 695
950 45 1336
1336 45 950
45 950 1336
48 79 1324
1324 48 79
79 48 1324
49 306 851
306 49 851
851 49 306
84 448 585
448 84 585
585 84 448
1161 2036 2835
2835 1161 2036
2036 1161 2835
2934 581 2528
2528 581 2934
581 2528 2934
1564 1399 2922
2922 1399 1564
1399 1564 2922
730 895 2702
895 730 2702
2702 730 895
199 2133 2420
2133 199 2420
2420 199 2133
2844 923 1616
1616 923 2844
923 1616 2844
284 794 2874
2874 284 794
794 284 2874
626 1481 1654
1481 626 1654
1654 626 1481
292 31 266
266 31 292
31 266 292
2433 969 2836
969 2433 2836
2836 969 2433
2622 2535 2750
2535 2622 2750
2750 2535 2622
1824 255 2398
255 1824 2398
2398 255 1824
1457 10 507
507 10 1457
10 507 1457
2565 2467 2617
2617 2467 2565
2467 2565 2617
2035 344 546
344 546 2035
546 344 2035
2975 1206 1545
1206 1545 2975
1545 1206 2975
1123 693 751
693 751 1123
751 693 1123
2757 1195 1350
1350 1195 2757
1195 1350 2757
825 356 1117
1117 356 825
356 825 1117
113 721 1687
721 113 1687
1687 113 721
2290 424 2596
424 2290 2596
2596 424 2290
61 195 917
917 61 195
195 61 917
731 2659 2839
2659 731 2839
2839 731 2659
2807 1307 2385
1307 2385 2807
2385 1307 2807
263 904 2923
2923 263 904
904 263 2923
610 1860 2887
1860 610 2887
2887 610 1860
1573 921 1924
921 1573 1924
1924 921 1573
2189 323 2858
2858 323 2189
323 2189 2858
382 1268 1560
1268 382 1560
1560 382 1268
178 492 1301
492 178 1301
1301 178 492
1325 1504 2637
2637 1325 1504
1504 1325 2637
627 125 1948
125 627 1948
1948 125 627
1584 920 1030
1030 920 1584
920 1030 1584
1704 2138 2738
2138 1704 2738
2738 1704 2138
1276 1020 1770
1770 1020 1276
1020 1276 1770
2734 771 1497
1497 771 2734
771 1497 2734
104 1287 2861
2861 104 1287
1287 104 2861
1864 416 978
416 978 1864
978 416 1864
2436 74 668
668 74 2436
74 668 2436
1252 38 1378
1378 38 1252
38 1252 1378
169 220 2000
2000 169 220
220 169 2000
2170 94 2198
94 2170 2198
2198 94 2170
2391 603 2573
2573 603 2391
603 2391 2573
393 2156 2695
2695 393 2156
2156 393 2695
1193 1663 2904
2904 1193 1663
1663 1193 2904
1127 859 2443
2443 859 1127
859 1127 2443
1031 435 2450
435 1031 2450
2450 435 1031
1698 2487 2915
2487 1698 2915
2915 1698 2487
1682 1832 2411
1832 1682 2411
2411 1682 1832
2053 2217 2221
2221 2053 2217
2217 2053 2221
1521 915 2111
2111 915 1521
915 1521 2111
2817 1745 2901
2901 1745 2817
1745 2817 2901
729 1045 2603
2603 729 1045
1045 729 2603
2091 821 1464
1464 821 2091
821 1464 2091
858 1234 1570
1234 858 1570
1570 858 1234
1002 749 1319
749 1002 1319
1319 749 1002
316 1184 1782
1184 316 1782
1782 316 1184
1983 663 2802
2802 663 1983
663 1983 2802
983 1119 1513
1119 983 1513
1513 983 1119
425 967 1719
1719 425 967
967 425 1719
5 1887 2505
1887 5 2505
2505 5 1887
642 1311 2179
2179 642 1311
1311 642 2179
70 1053 2550
1053 70 2550
2550 70 1053
2897 1767 2274
2274 1767 2897
1767 2274 2897
2392 1080 1555
1555 1080 2392
1080 1555 2392
2378 150 166
166 150 2378
150 166 2378
2675 237 1735
1735 237 2675
237 1735 2675
1509 756 1738
756 1509 1738
1738 756 1509
2533 1351 2811
2811 1351 2533
1351 2533 2811
2616 1116 1903
1116 1903 2616
1903 1116 2616
513 1264 1415
1415 513 1264
1264 513 1415
725 1243 2646
2646 725 1243
1243 725 2646
1405 1766 2979
2979 1405 1766
1766 1405 2979
618 1837 2842
1837 618 2842
2842 618 1837
2371 52 2042
52 2042 2371
2042 52 2371
2723 1380 2872
1380 2723 2872
2872 1380 2723
2278 1300 2946
2946 1300 2278
1300 2278 2946
558 1761 2980
1761 558 2980
2980 558 1761
2507 1585 1631
1585 1631 2507
1631 1585 2507
1731 1942 2626
1942 1731 2626
2626 1731 1942
735 1558 2845
1558 735 2845
2845 735 1558
623 2560 2981
2560 623 2981
2981 623 2560
590 2364 2780
2780 590 2364
2364 590 2780
134 345 1815
345 134 1815
1815 134 345
1946 2141 2167
2167 1946 2141
2141 1946 2167
203 2332 2366
2366 203 2332
2332 203 2366
336 799 2108
799 336 2108
2108 336 799
2759 745 1286
745 1286 2759
1286 745 2759
1202 304 648
648 304 1202
304 648 1202
1375 2117 2150
2117 1375 2150
2150 1375 2117
1447 746 2576
2576 746 1447
746 1447 2576
259 101 1680
1680 101 259
101 259 1680
2607 1894 2670
1894 2607 2670
2670 1894 2607
1485 1507 2752
1507 1485 2752
2752 1485 1507
1868 927 2339
2339 927 1868
927 1868 2339
1847 312 2050
2050 312 1847
312 1847 2050
3000 327 1111
1111 327 3000
327 1111 3000
681 1597 2397
2397 681 1597
1597 681 2397
2439 1935 2149
2149 1935 2439
1935 2149 2439
542 103 711
103 542 711
711 103 542
1763 1487 2672
1487 1763 2672
2672 1487 1763
2288 2838 2970
2838 2288 2970
2970 2288 2838
817 1773 2660
2660 817 1773
1773 817 2660
1409 1389 1792
1389 1409 1792
1792 1389 1409
2511 325 2658
2658 325 2511
325 2511 2658
2151 1221 1978
1221 1978 2151
1978 1221 2151
2960 2548 2613
2548 2613 2960
2613 2548 2960
2762 505 2169
505 2169 2762
2169 505 2762
1191 952 2047
2047 952 1191
952 1191 2047
1697 539 1943
1943 539 1697
539 1697 1943
226 236 2608
2608 226 236
236 226 2608
364 823 2703
823 364 2703
2703 364 823
2510 2130 2292
2292 2130 2510
2130 2292 2510
212 2407 2717
2717 212 2407
2407 212 2717
1754 1362 2302
1362 1754 2302
2302 1362 1754
272 1145 1789
1789 272 1145
1145 272 1789
1795 784 2940
784 1795 2940
2940 784 1795
2798 2249 2539
2539 2249 2798
2249 2539 2798
21 1798 1889
1798 21 1889
1889 21 1798
1898 941 1023
1023 941 1898
941 1023 1898
1392 465 1060
1060 465 1392
465 1060 1392
2110 2732 2831
2732 2110 2831
2831 2110 2732
2207 378 500
378 500 2207
500 378 2207
1208 925 1775
1775 925 1208
925 1208 1775
2 240 1859
1859 2 240
240 2 1859
1593 609 685
609 685 1593
685 609 1593
1602 567 779
567 779 1602
779 567 1602
1306 807 1288
807 1288 1306
1288 807 1306
802 689 2215
2215 689 802
689 802 2215
1466 78 1074
78 1074 1466
1074 78 1466
2939 2016 2620
2016 2620 2939
2620 2016 2939
2816 579 1492
579 1492 2816
1492 579 2816
447 625 2457
2457 447 625
625 447 2457
444 504 820
820 444 504
504 444 820
1251 1872 2330
1872 1251 2330
2330 1251 1872
2978 1359 1532
1359 1532 2978
1532 1359 2978
270 123 1266
123 270 1266
1266 123 270
213 704 1828
1828 213 704
704 213 1828
2743 2591 2615
2591 2615 2743
2615 2591 2743
165 1933 2843
1933 165 2843
2843 165 1933
1581 2315 2344
2344 1581 2315
2315 1581 2344
167 1131 2101
2101 167 1131
1131 167 2101
1095 936 1508
1508 936 1095
936 1095 1508
143 399 2917
2917 143 399
399 143 2917
811 1810 1995
1810 811 1995
1995 811 1810
1690 427 2514
2514 427 1690
427 1690 2514
1491 1239 2099
2099 1239 1491
1239 1491 2099
2074 1966 2301
2301 1966 2074
1966 2074 2301
2281 592 2594
592 2281 2594
2594 592 2281
468 210 1237
210 468 1237
1237 210 468
2427 699 2544
2544 699 2427
699 2427 2544
2355 122 1947
1947 122 2355
122 1947 2355
1297 698 818
818 698 1297
698 818 1297
806 1138 2178
2178 806 1138
1138 806 2178
702 436 2689
2689 436 702
436 702 2689
179 502 2286
2286 179 502
502 179 2286
491 2015 2235
2235 491 2015
2015 491 2235
2559 2494 2599
2599 2494 2559
2494 2559 2599
881 1812 2878
1812 881 2878
2878 881 1812
1448 857 1424
1424 857 1448
857 1424 1448
991 76 2424
76 991 2424
2424 76 991
782 1280 1728
1728 782 1280
1280 782 1728
992 760 2877
2877 760 992
760 992 2877
1896 377 1014
1014 377 1896
377 1014 1896
518 1177 2028
2028 518 1177
1177 518 2028
2463 961 2924
2924 961 2463
961 2463 2924
1213 1035 2441
1035 1213 2441
2441 1035 1213
798 233 1848
233 798 1848
1848 233 798
1366 672 1327
672 1327 1366
1327 672 1366
1254 1258 1997
1997 1254 1258
1258 1254 1997
677 793 2549
793 677 2549
2549 677 793
232 1744 2645
2645 232 1744
1744 232 2645
2175 2333 2770
2333 2175 2770
2770 2175 2333
1535 25 256
256 25 1535
25 256 1535
2651 66 1726
66 1726 2651
1726 66 2651
1473 654 2310
654 1473 2310
2310 654 1473
2958 519 1676
1676 519 2958
519 1676 2958
789 1443 2585
1443 789 2585
2585 789 1443
2879 1881 2647
1881 2647 2879
2647 1881 2879
1229 1758 2168
1758 1229 2168
2168 1229 1758
1865 205 2994
205 1865 2994
2994 205 1865
1270 1009 1834
1009 1270 1834
1834 1009 1270
2137 1027 1664
1664 1027 2137
1027 1664 2137
902 2624 2688
2688 902 2624
2624 902 2688
796 282 816
282 796 816
816 282 796
2468 216 1998
1998 216 2468
216 1998 2468
1500 791 2709
2709 791 1500
791 1500 2709
1175 790 2254
2254 790 1175
790 1175 2254
2282 190 1811
1811 190 2282
190 1811 2282
1922 153 788
153 788 1922
788 153 1922
473 97 217
217 97 473
97 217 473
863 554 2394
2394 554 863
554 863 2394
1439 1601 1968
1601 1439 1968
1968 1439 1601
1159 1925 2362
1925 1159 2362
2362 1159 1925
2866 838 1454
1454 838 2866
838 1454 2866
1421 319 520
319 520 1421
520 319 1421
1404 855 2853
2853 855 1404
855 1404 2853
1033 1411 2582
2582 1033 1411
1411 1033 2582
766 891 2590
891 766 2590
2590 766 891
2097 2400 2605
2605 2097 2400
2400 2097 2605
569 1098 2768
2768 569 1098
1098 569 2768
472 1445 2654
1445 472 2654
2654 472 1445
2593 2227 2229
2227 2229 2593
2229 2227 2593
2257 91 2444
2444 91 2257
91 2257 2444
1526 584 1449
584 1449 1526
1449 584 1526
1967 701 2154
2154 701 1967
701 1967 2154
922 1437 2898
1437 922 2898
2898 922 1437
2754 1401 1592
1592 1401 2754
1401 1592 2754
17 510 939
510 17 939
939 17 510
202 2803 2849
2803 202 2849
2849 202 2803
1839 2363 2788
2788 1839 2363
2363 1839 2788
1199 2062 2098
2062 1199 2098
2098 1199 2062
1723 1627 2314
1627 1723 2314
2314 1627 1723
1348 1720 1970
1970 1348 1720
1720 1348 1970
885 1109 1176
1109 885 1176
1176 885 1109
1945 965 1647
965 1647 1945
1647 965 1945
570 2184 2885
2885 570 2184
2184 570 2885
1057 1875 2054
1875 1057 2054
2054 1057 1875
1353 218 1118
1118 218 1353
218 1118 1353
2674 1314 2243
2243 1314 2674
1314 2243 2674
2841 1488 2586
2586 1488 2841
1488 2586 2841
2303 369 1771
1771 369 2303
369 1771 2303
715 1087 2026
2026 715 1087
1087 715 2026
