1247 1565 2075
1565 1247 2075
2075 1247 1565
1524 1207 2155
1207 1524 2155
2155 1207 1524
2219 2122 2605
2605 2122 2219
2122 2219 2605
1970 651 2342
651 1970 2342
2342 651 1970
2356 2033 2040
2040 2033 2356
2033 2040 2356
583 614 2491
2491 583 614
614 583 2491
2411 1555 1776
1555 1776 2411
1776 1555 2411
253 147 1908
147 253 1908
1908 147 253
1671 228 1922
228 1671 1922
1922 228 1671
2547 575 1558
575 1558 2547
1558 575 2547
2959 1472 2742
1472 2742 2959
2742 1472 2959
983 1077 1737
1737 983 1077
1077 983 1737
642 235 1590
1590 235 642
235 642 1590
549 267 559
559 267 549
267 549 559
95 726 1194
726 95 1194
1194 95 726
410 2493 2781
2493 410 2781
2781 410 2493
429 790 1338
1338 429 790
790 429 1338
1603 683 2271
683 1603 2271
2271 683 1603
2430 242 2302
2302 242 2430
242 2302 2430
1761 498 2374
2374 498 1761
498 1761 2374
2515 542 2606
542 2515 2606
2606 542 2515
2044 191 1130
1130 191 2044
191 1130 2044
761 1161 2371
1161 761 2371
2371 761 1161
1145 743 2922
2922 743 1145
743 1145 2922
2903 1242 1662
1662 1242 2903
1242 1662 2903
965 1426 2035
2035 965 1426
1426 965 2035
2023 669 2005
669 2005 2023
2005 669 2023
1413 872 2093
872 1413 2093
2093 872 1413
578 869 2894
2894 578 869
869 578 2894
2481 100 1853
1853 100 2481
100 1853 2481
1346 528 1377
1377 528 1346
528 1346 1377
703 840 1135
1135 703 840
840 703 1135
2456 831 2334
2334 831 2456
831 2334 2456
2018 829 2827
2827 829 2018
829 2018 2827
2083 2106 2177
2106 2083 2177
2177 2083 2106
2134 1979 2043
1979 2043 2134
2043 1979 2134
1745 848 1486
1486 848 1745
848 1486 1745
838 318 1607
318 838 1607
1607 318 838
685 1335 2801
1335 685 2801
2801 685 1335
2587 663 2113
2113 663 2587
663 2113 2587
1336 931 1620
1620 931 1336
931 1336 1620
1529 1707 1712
1712 1529 1707
1707 1529 1712
68 892 1665
1665 68 892
892 68 1665
1899 1332 1520
1332 1520 1899
1520 1332 1899
732 464 2435
2435 464 732
464 732 2435
2782 808 1082
808 1082 2782
1082 808 2782
2076 301 1080
1080 301 2076
301 1080 2076
900 45 2727
45 900 2727
2727 45 900
1055 527 2124
527 1055 2124
2124 527 1055
1764 116 1865
1865 116 1764
116 1764 1865
453 676 1031
676 453 1031
1031 453 676
2095 1173 1631
1173 1631 2095
1631 1173 2095
998 587 2364
587 998 2364
2364 587 998
910 2143 2758
2143 910 2758
2758 910 2143
2037 1528 2407
2407 1528 2037
1528 2037 2407
991 1453 2017
1453 991 2017
2017 991 1453
146 747 2182
747 146 2182
2182 146 747
1833 1021 1266
1266 1021 1833
1021 1266 1833
2394 1131 2084
1131 2084 2394
2084 1131 2394
993 205 2067
2067 205 993
205 993 2067
584 568 2713
2713 568 584
568 584 2713
2994 884 1357
1357 884 2994
884 1357 2994
2733 462 1155
1155 462 2733
462 1155 2733
689 85 833
85 689 833
833 85 689
2995 103 695
695 103 2995
103 695 2995
1831 572 948
572 948 1831
948 572 1831
2960 1226 1993
1226 1993 2960
1993 1226 2960
911 827 1298
1298 827 911
827 911 1298
555 1601 1918
1601 555 1918
1918 555 1601
105 1429 1770
1770 105 1429
1429 105 1770
74 936 2004
2004 74 936
936 74 2004
646 371 1128
1128 371 646
371 646 1128
1691 1588 2330
2330 1588 1691
1588 1691 2330
1874 1303 1802
1802 1303 1874
1303 1802 1874
2191 2340 2361
2361 2191 2340
2340 2191 2361
891 355 2687
355 891 2687
2687 355 891
2460 383 1286
383 1286 2460
1286 383 2460
937 1443 2474
2474 937 1443
1443 937 2474
2993 294 2898
2898 294 2993
294 2898 2993
1549 221 1375
1375 221 1549
221 1375 1549
2784 857 2423
2423 857 2784
857 2423 2784
2217 245 1053
1053 245 2217
245 1053 2217
2871 1932 2178
2178 1932 2871
1932 2178 2871
2310 1115 2451
1115 2310 2451
2451 1115 2310
2629 741 2600
741 2600 2629
2600 741 2629
1239 601 2363
601 1239 2363
2363 601 1239
1625 76 346
76 346 1625
346 76 1625
373 1305 1371
1305 373 1371
1371 373 1305
2833 1538 1604
1604 1538 2833
1538 1604 2833
819 566 1297
566 819 1297
1297 566 819
397 1397 2168
1397 397 2168
2168 397 1397
88 1072 2298
1072 88 2298
2298 88 1072
213 113 767
113 213 767
767 113 213
2469 712 1003
1003 712 2469
712 1003 2469
2373 2045 2640
2640 2045 2373
2045 2373 2640
227 71 1140
1140 71 227
71 227 1140
853 1424 2832
1424 853 2832
2832 853 1424
2457 828 2532
828 2457 2532
2532 828 2457
1104 2352 2712
2712 1104 2352
2352 1104 2712
1713 1197 2971
2971 1197 1713
1197 1713 2971
303 139 1284
1284 139 303
139 303 1284
2858 1949 2412
2412 1949 2858
1949 2412 2858
288 1714 2351
2351 288 1714
1714 288 2351
2098 2220 2415
2220 2098 2415
2415 2098 2220
240 904 2441
2441 240 904
904 240 2441
2522 969 1012
969 1012 2522
1012 969 2522
368 441 1127
441 368 1127
1127 368 441
1492 590 801
590 801 1492
801 590 1492
96 515 890
890 96 515
515 96 890
455 274 2669
274 455 2669
2669 274 455
1449 44 1995
1995 44 1449
44 1449 1995
1778 1593 1796
1593 1778 1796
1796 1593 1778
995 137 1700
137 995 1700
1700 137 995
425 185 1198
185 425 1198
1198 185 425
1382 299 413
299 413 1382
413 299 1382
2499 877 1301
877 1301 2499
1301 877 2499
2598 70 1244
70 1244 2598
1244 70 2598
2418 466 964
964 466 2418
466 964 2418
1089 1583 2089
1583 1089 2089
2089 1089 1583
1425 1302 2288
2288 1302 1425
1302 1425 2288
1187 1546 2245
2245 1187 1546
1546 1187 2245
2215 1515 1581
1515 1581 2215
1581 1515 2215
908 778 887
887 778 908
778 887 908
2707 1552 1677
1552 1677 2707
1677 1552 2707
2775 699 1392
1392 699 2775
699 1392 2775
896 862 2979
2979 862 896
862 896 2979
2300 2038 2739
2038 2300 2739
2739 2038 2300
1880 1087 2686
2686 1087 1880
1087 1880 2686
2638 1254 2589
2589 1254 2638
1254 2589 2638
855 1971 2505
1971 855 2505
2505 855 1971
415 90 1300
90 415 1300
1300 90 415
138 523 1092
523 138 1092
1092 138 523
66 649 1399
649 66 1399
1399 66 649
1769 746 794
794 746 1769
746 794 1769
1490 125 1661
125 1490 1661
1661 125 1490
1347 774 2760
774 1347 2760
2760 774 1347
1274 200 331
331 200 1274
200 331 1274
947 2326 2527
2326 947 2527
2527 947 2326
1926 1931 2795
2795 1926 1931
1931 1926 2795
2863 913 1829
913 1829 2863
1829 913 2863
448 374 1381
374 448 1381
1381 374 448
2209 733 1883
733 1883 2209
1883 733 2209
2173 1867 2564
2564 1867 2173
1867 2173 2564
154 1320 2198
2198 154 1320
1320 154 2198
2212 2398 2551
2551 2212 2398
2398 2212 2551
1265 698 1984
698 1265 1984
1984 698 1265
2078 1479 2432
2432 1479 2078
1479 2078 2432
927 1900 2749
2749 927 1900
1900 927 2749
300 1071 2236
1071 300 2236
2236 300 1071
2705 632 1434
1434 632 2705
632 1434 2705
2453 586 2759
2759 586 2453
586 2453 2759
376 338 423
423 338 376
338 376 423
363 449 1499
1499 363 449
449 363 1499
1011 757 1960
1960 757 1011
757 1011 1960
295 1693 2353
2353 295 1693
1693 295 2353
1373 996 1366
1366 996 1373
996 1366 1373
444 715 2112
2112 444 715
715 444 2112
975 912 2571
912 975 2571
2571 912 975
2817 442 1067
1067 442 2817
442 1067 2817
2805 589 2829
589 2805 2829
2829 589 2805
445 668 1527
1527 445 668
668 445 1527
1136 446 2041
2041 446 1136
446 1136 2041
372 43 2213
43 372 2213
2213 43 372
2502 652 1840
1840 652 2502
652 1840 2502
2945 946 2028
946 2028 2945
2028 946 2945
19 427 1356
427 19 1356
1356 19 427
2105 1933 2562
2562 1933 2105
1933 2105 2562
717 2151 2586
2151 717 2586
2586 717 2151
2011 63 454
454 63 2011
63 454 2011
1441 944 2388
944 1441 2388
2388 944 1441
938 2507 2772
2772 938 2507
2507 938 2772
1030 2132 2688
2688 1030 2132
2132 1030 2688
994 754 1078
1078 754 994
754 994 1078
1703 135 934
934 135 1703
135 934 1703
2273 1903 2877
1903 2273 2877
2877 1903 2273
306 520 1278
1278 306 520
520 306 1278
2738 1238 1289
1289 1238 2738
1238 1289 2738
2324 396 2322
2322 396 2324
396 2322 2324
1138 1878 1965
1965 1138 1878
1878 1138 1965
2195 487 814
814 487 2195
487 814 2195
1374 1751 2359
1751 1374 2359
2359 1374 1751
2377 2048 2382
2048 2377 2382
2382 2048 2377
1535 1400 1824
1400 1535 1824
1824 1400 1535
2367 508 2529
508 2367 2529
2529 508 2367
1744 1396 2942
2942 1396 1744
1396 1744 2942
1732 858 2149
858 1732 2149
2149 858 1732
261 1423 2658
2658 261 1423
1423 261 2658
2304 329 1268
1268 329 2304
329 1268 2304
387 1753 2196
1753 387 2196
2196 387 1753
1483 706 1768
1768 706 1483
706 1483 1768
2918 416 815
416 815 2918
815 416 2918
1784 478 1394
1394 478 1784
478 1394 1784
1315 702 1015
1015 702 1315
702 1015 1315
2372 459 1843
1843 459 2372
459 1843 2372
1958 721 1997
721 1958 1997
1997 721 1958
1255 391 1484
1484 391 1255
391 1255 1484
832 1774 2516
1774 832 2516
2516 832 1774
579 280 1455
1455 280 579
280 579 1455
2763 40 1638
40 1638 2763
1638 40 2763
1096 582 2472
582 1096 2472
2472 582 1096
734 562 824
824 562 734
562 734 824
2408 856 1014
1014 856 2408
856 1014 2408
1294 474 1466
474 1294 1466
1466 474 1294
1672 2403 2630
2403 1672 2630
2630 1672 2403
1504 1987 2836
2836 1504 1987
1987 1504 2836
638 2336 2761
2336 638 2761
2761 638 2336
1210 548 957
548 957 1210
957 548 1210
406 8 915
8 406 915
915 8 406
2046 328 1540
1540 328 2046
328 1540 2046
1959 1562 2116
2116 1562 1959
1562 1959 2116
2052 1150 2696
2696 1150 2052
1150 2052 2696
850 823 1758
1758 823 850
823 850 1758
1110 1231 2975
2975 1110 1231
1231 1110 2975
919 871 1523
871 919 1523
1523 871 919
1871 315 1944
315 1871 1944
1944 315 1871
2139 619 2878
2878 619 2139
619 2139 2878
1154 2068 2492
2068 1154 2492
2492 1154 2068
2247 1062 2534
1062 2247 2534
2534 1062 2247
2756 1250 1920
1250 1920 2756
1920 1250 2756
1658 56 2462
56 1658 2462
2462 56 1658
49 821 2459
2459 49 821
821 49 2459
2262 2094 2520
2520 2094 2262
2094 2262 2520
1967 203 247
247 203 1967
203 247 1967
2436 789 1093
789 1093 2436
1093 789 2436
2790 2092 2830
2830 2092 2790
2092 2790 2830
1355 1340 1402
1340 1355 1402
1402 1340 1355
1214 898 1572
1572 898 1214
898 1214 1572
1654 1644 2765
2765 1644 1654
1644 1654 2765
2400 538 2150
2150 538 2400
538 2150 2400
354 1245 1279
1279 354 1245
1245 354 1279
2431 353 1390
1390 353 2431
353 1390 2431
2753 452 606
606 452 2753
452 606 2753
2992 1719 2691
1719 2691 2992
2691 1719 2992
433 2414 2915
2915 433 2414
2414 433 2915
1125 1223 2685
2685 1125 1223
1223 1125 2685
728 552 2242
2242 552 728
552 728 2242
2862 654 1149
654 1149 2862
1149 654 2862
2990 271 537
271 537 2990
537 271 2990
2672 598 1762
1762 598 2672
598 1762 2672
2621 1184 2549
2549 1184 2621
1184 2549 2621
436 2239 2345
2239 436 2345
2345 436 2239
1186 187 1505
1505 187 1186
187 1186 1505
1532 2099 2404
2404 1532 2099
2099 1532 2404
2660 2405 2497
2405 2497 2660
2497 2405 2660
800 91 2333
2333 91 800
91 800 2333
309 1369 2380
2380 309 1369
1369 309 2380
2107 463 1648
1648 463 2107
463 1648 2107
2846 536 963
963 536 2846
536 963 2846
1925 469 1869
469 1869 1925
1869 469 1925
1317 690 2693
690 1317 2693
2693 690 1317
1578 1646 2440
1646 1578 2440
2440 1578 1646
2181 852 929
929 852 2181
852 929 2181
678 165 173
165 173 678
173 165 678
2582 813 2787
813 2582 2787
2787 813 2582
602 80 2902
2902 80 602
80 602 2902
2226 1675 2684
1675 2226 2684
2684 1675 2226
169 2252 2593
2252 169 2593
2593 169 2252
219 1343 2925
1343 219 2925
2925 219 1343
144 2386 2574
2386 144 2574
2574 144 2386
140 204 512
204 140 512
512 140 204
1084 1790 2179
1790 1084 2179
2179 1084 1790
2443 62 2049
2049 62 2443
62 2049 2443
2272 504 907
504 907 2272
907 504 2272
1337 2088 2368
2088 1337 2368
2368 1337 2088
811 310 1963
1963 310 811
310 811 1963
2710 1752 2251
1752 2251 2710
2251 1752 2710
180 950 2881
2881 180 950
950 180 2881
1022 1058 2188
1058 1022 2188
2188 1022 1058
1668 1262 1431
1431 1262 1668
1262 1431 1668
830 277 2354
277 830 2354
2354 277 830
2074 202 1217
202 1217 2074
1217 202 2074
2186 545 2293
545 2186 2293
2293 545 2186
1832 804 2511
2511 804 1832
804 1832 2511
26 1897 1999
1897 26 1999
1999 26 1897
2509 1782 2130
2130 1782 2509
1782 2130 2509
32 999 1409
1409 32 999
999 32 1409
1792 755 1613
1613 755 1792
755 1613 1792
145 1248 2087
2087 145 1248
1248 145 2087
1756 1054 2806
1054 1756 2806
2806 1054 1756
989 1412 2624
1412 989 2624
2624 989 1412
2926 966 2556
2556 966 2926
966 2556 2926
2063 115 1854
1854 115 2063
115 1854 2063
1543 342 1636
1636 342 1543
342 1543 1636
2201 1237 2343
1237 2201 2343
2343 1237 2201
424 2128 2450
2128 424 2450
2450 424 2128
320 666 1047
1047 320 666
666 320 1047
1057 783 1158
783 1057 1158
1158 783 1057
2006 604 1856
604 1856 2006
1856 604 2006
1919 895 2101
895 1919 2101
2101 895 1919
924 447 1444
1444 447 924
447 924 1444
230 162 577
162 230 577
577 162 230
1561 1757 2339
1757 1561 2339
2339 1561 1757
2202 118 2619
118 2202 2619
2619 118 2202
2542 952 2490
2490 952 2542
952 2490 2542
1964 75 1292
75 1292 1964
1292 75 1964
2537 141 1718
141 1718 2537
1718 141 2537
1905 408 2316
408 1905 2316
2316 408 1905
671 345 2208
2208 345 671
345 671 2208
2034 729 1835
729 1835 2034
1835 729 2034
2419 1282 2622
1282 2419 2622
2622 1282 2419
380 882 2389
2389 380 882
882 380 2389
2434 521 1585
1585 521 2434
521 1585 2434
1148 2140 2277
2140 1148 2277
2277 1148 2140
1545 554 2861
554 1545 2861
2861 554 1545
1056 361 2346
361 1056 2346
2346 361 1056
2172 2701 2778
2778 2172 2701
2701 2172 2778
1514 639 1477
1477 639 1514
639 1477 1514
1256 2813 2890
2890 1256 2813
2813 1256 2890
641 1069 1415
1069 641 1415
1415 641 1069
1160 725 868
868 725 1160
725 868 1160
142 1005 2012
1005 142 2012
2012 142 1005
2736 207 211
211 207 2736
207 211 2736
925 171 2487
171 925 2487
2487 171 925
352 560 2952
560 352 2952
2952 352 560
2072 854 2649
2649 854 2072
854 2072 2649
164 1029 1610
1610 164 1029
1029 164 1610
1362 1803 2623
2623 1362 1803
1803 1362 2623
519 1036 2445
1036 519 2445
2445 519 1036
745 483 1746
483 745 1746
1746 483 745
592 358 1470
1470 358 592
358 592 1470
210 435 1106
435 210 1106
1106 210 435
2438 2384 2766
2766 2384 2438
2384 2438 2766
398 596 624
624 398 596
596 398 624
1939 985 2914
985 1939 2914
2914 985 1939
955 264 316
316 264 955
264 316 955
1574 1287 2677
1287 1574 2677
2677 1287 1574
2568 2096 2941
2096 2568 2941
2941 2096 2568
1554 1019 2065
1019 1554 2065
2065 1019 1554
958 101 1666
1666 101 958
101 958 1666
2667 1791 1896
1791 1896 2667
1896 1791 2667
637 2337 2528
2528 637 2337
2337 637 2528
1823 1193 2996
1193 1823 2996
2996 1193 1823
1943 875 923
875 923 1943
923 875 1943
1599 193 2266
193 1599 2266
2266 193 1599
16 313 611
611 16 313
313 16 611
1910 784 802
802 784 1910
784 802 1910
283 758 2050
2050 283 758
758 283 2050
1954 1640 1884
1884 1640 1954
1640 1884 1954
1962 1759 2919
1759 1962 2919
2919 1759 1962
762 233 885
885 233 762
233 762 885
2152 1049 2144
2144 1049 2152
1049 2144 2152
2206 580 2715
580 2206 2715
2715 580 2206
1771 1388 1980
1388 1771 1980
1980 1388 1771
438 1859 1895
1859 438 1895
1895 438 1859
1206 456 2982
2982 456 1206
456 1206 2982
2056 906 2981
906 2056 2981
2981 906 2056
1720 1618 2137
1618 1720 2137
2137 1618 1720
1153 1310 2951
2951 1153 1310
1310 1153 2951
340 1221 1473
1221 340 1473
1473 340 1221
1779 1229 1258
1258 1229 1779
1229 1258 1779
160 237 2379
2379 160 237
237 160 2379
739 2009 2437
2437 739 2009
2009 739 2437
2807 1039 1602
1039 1602 2807
1602 1039 2807
2912 620 2234
620 2234 2912
2234 620 2912
293 379 1689
379 293 1689
1689 293 379
2755 585 1975
585 1975 2755
1975 585 2755
612 311 1957
1957 311 612
311 612 1957
2907 1103 1109
1109 1103 2907
1103 1109 2907
1868 192 325
192 325 1868
325 192 1868
1059 636 2604
2604 636 1059
636 1059 2604
2042 356 2125
356 2042 2125
2125 356 2042
2699 1280 1858
1280 1858 2699
1858 1280 2699
1043 48 1966
48 1043 1966
1966 48 1043
714 156 2079
2079 156 714
156 714 2079
1857 484 2246
2246 484 1857
484 1857 2246
265 244 1220
244 265 1220
1220 244 265
1111 2228 2357
2228 1111 2357
2357 1111 2228
2548 1633 2506
1633 2506 2548
2506 1633 2548
42 190 2689
190 42 2689
2689 42 190
928 2735 2927
2735 928 2927
2927 928 2735
768 482 2530
2530 482 768
482 768 2530
2886 1121 2496
2496 1121 2886
1121 2496 2886
1203 2021 2259
2021 1203 2259
2259 1203 2021
2661 1330 1353
1353 1330 2661
1330 1353 2661
417 674 970
970 417 674
674 417 970
86 501 1635
1635 86 501
501 86 1635
46 494 2131
494 46 2131
2131 46 494
1765 945 2725
945 1765 2725
2725 945 1765
1010 1000 2588
1000 1010 2588
2588 1000 1010
1094 1033 1249
1249 1033 1094
1033 1094 1249
2425 1914 2501
1914 2425 2501
2501 1914 2425
962 1956 2643
1956 962 2643
2643 962 1956
510 37 2569
37 510 2569
2569 37 510
127 150 222
222 127 150
150 127 222
2397 418 2480
418 2397 2480
2480 418 2397
1628 238 2867
238 1628 2867
2867 238 1628
284 1118 1475
1475 284 1118
1118 284 1475
2874 1898 2338
2338 1898 2874
1898 2338 2874
1696 2174 2800
2800 1696 2174
2174 1696 2800
987 719 1270
1270 719 987
719 987 1270
692 1227 2860
1227 692 2860
2860 692 1227
2216 489 1032
1032 489 2216
489 1032 2216
787 378 977
977 378 787
378 787 977
308 979 1516
979 308 1516
1516 308 979
2309 610 2161
610 2161 2309
2161 610 2309
129 2323 2494
2323 129 2494
2494 129 2323
2665 1349 2565
2565 1349 2665
1349 2565 2665
420 457 1789
457 420 1789
1789 420 457
327 350 825
825 327 350
350 327 825
2965 243 1073
243 1073 2965
1073 243 2965
2818 605 2210
2210 605 2818
605 2210 2818
753 178 226
226 178 753
178 226 753
337 1215 2315
2315 337 1215
1215 337 2315
2060 1002 1070
1002 1070 2060
1070 1002 2060
1124 278 1445
278 1124 1445
1445 278 1124
1619 2189 2620
2620 1619 2189
2189 1619 2620
816 79 2916
2916 79 816
79 816 2916
1591 2250 2900
2900 1591 2250
2250 1591 2900
1189 781 2885
2885 781 1189
781 1189 2885
2512 1570 1982
1570 1982 2512
1982 1570 2512
951 2771 2910
2771 951 2910
2910 951 2771
407 172 1783
172 407 1783
1783 172 407
1568 460 847
847 460 1568
460 847 1568
1704 486 2157
2157 486 1704
486 1704 2157
333 1820 2597
1820 333 2597
2597 333 1820
53 818 880
818 53 880
880 53 818
266 2455 2637
2455 266 2637
2637 266 2455
546 1862 2015
1862 546 2015
2015 546 1862
1663 503 3000
503 1663 3000
3000 503 1663
1600 1129 2893
2893 1129 1600
1129 1600 2893
2986 1861 2387
2387 1861 2986
1861 2387 2986
77 1312 2924
2924 77 1312
1312 77 2924
807 551 2785
2785 551 807
551 807 2785
2466 2109 2447
2447 2109 2466
2109 2447 2466
1846 255 2477
2477 255 1846
255 1846 2477
158 1296 2166
1296 158 2166
2166 158 1296
1314 1259 2362
2362 1259 1314
1259 1314 2362
1493 1384 2608
2608 1384 1493
1384 1493 2608
1569 849 2616
2616 849 1569
849 1569 2616
473 1560 1608
1560 473 1608
1608 473 1560
38 1391 1430
1391 38 1430
1430 38 1391
2057 1690 2154
1690 2057 2154
2154 1690 2057
196 1742 2306
2306 196 1742
1742 196 2306
1816 122 932
932 122 1816
122 932 1816
281 553 1836
1836 281 553
553 281 1836
679 326 1020
326 679 1020
1020 326 679
1622 1738 1849
1849 1622 1738
1738 1622 1849
120 2218 2227
2227 120 2218
2218 120 2227
2880 1383 1938
1383 1938 2880
1938 1383 2880
2870 89 2395
2395 89 2870
89 2395 2870
2465 2358 2716
2358 2465 2716
2716 2358 2465
1735 2557 2612
2557 1735 2612
2612 1735 2557
2224 1313 2421
2421 1313 2224
1313 2224 2421
1354 1233 2989
2989 1233 1354
1233 1354 2989
179 1624 2281
1624 179 2281
2281 179 1624
1327 661 883
661 883 1327
883 661 1327
788 1393 2681
2681 788 1393
1393 788 2681
2724 14 2651
14 2651 2724
2651 14 2724
475 364 1805
364 475 1805
1805 364 475
332 1200 2779
2779 332 1200
1200 332 2779
2513 1909 2504
1909 2504 2513
2504 1909 2513
2883 166 1086
1086 166 2883
166 1086 2883
1683 1605 1721
1605 1683 1721
1721 1605 1683
2531 655 976
655 976 2531
976 655 2531
2270 1421 1667
1667 1421 2270
1421 1667 2270
2280 1202 2897
2897 1202 2280
1202 2280 2897
1331 971 1269
971 1269 1331
1269 971 1331
2957 1830 2390
1830 2390 2957
2390 1830 2957
2301 128 713
713 128 2301
128 713 2301
2714 1657 2789
1657 2714 2789
2789 1657 2714
305 167 909
909 167 305
167 305 909
920 1722 2296
1722 920 2296
2296 920 1722
493 2584 2642
2584 493 2642
2642 493 2584
1992 657 2454
2454 657 1992
657 1992 2454
707 1232 2370
1232 707 2370
2370 707 1232
1615 516 922
516 922 1615
922 516 1615
1185 136 302
136 302 1185
302 136 1185
693 7 961
961 7 693
7 693 961
561 485 817
485 561 817
817 485 561
1044 1065 2307
1065 1044 2307
2307 1044 1065
1361 432 1091
432 1091 1361
1091 432 1361
2560 269 1236
269 1236 2560
1236 269 2560
381 2611 2909
2909 381 2611
2611 381 2909
681 576 2850
576 681 2850
2850 576 681
2737 212 2961
212 2737 2961
2961 212 2737
2602 1257 2683
2683 1257 2602
1257 2602 2683
694 365 736
736 365 694
365 694 736
1531 1451 1575
1451 1531 1575
1575 1451 1531
2399 194 2673
2673 194 2399
194 2399 2673
607 625 866
625 607 866
866 607 625
2985 859 1267
1267 859 2985
859 1267 2985
2655 1376 2888
2888 1376 2655
1376 2655 2888
2680 511 2702
2702 511 2680
511 2680 2702
2729 1542 2495
1542 2495 2729
2495 1542 2729
1152 2007 2341
2341 1152 2007
2007 1152 2341
1419 2073 2976
2976 1419 2073
2073 1419 2976
1506 1177 1728
1177 1506 1728
1728 1177 1506
1539 809 1169
809 1169 1539
1169 809 1539
182 1968 2823
1968 182 2823
2823 182 1968
17 97 2463
2463 17 97
97 17 2463
27 159 2517
2517 27 159
159 27 2517
499 1230 2467
1230 499 2467
2467 499 1230
505 1 1457
1 505 1457
1457 1 505
680 982 1195
982 680 1195
1195 680 982
1725 1512 2843
2843 1512 1725
1512 1725 2843
635 2635 2747
2635 635 2747
2747 635 2635
1807 645 1891
1891 645 1807
645 1807 1891
1088 1095 1629
1095 1088 1629
1629 1088 1095
2269 1996 2193
2193 1996 2269
1996 2193 2269
231 648 1794
648 231 1794
1794 231 648
658 1834 2581
2581 658 1834
1834 658 2581
1653 1040 1652
1652 1040 1653
1040 1652 1653
60 256 1199
1199 60 256
256 60 1199
2997 1117 2278
1117 2278 2997
2278 1117 2997
1240 195 517
517 195 1240
195 517 1240
134 2822 2928
2822 134 2928
2928 134 2822
1410 805 1105
805 1105 1410
1105 805 1410
2552 613 1715
613 1715 2552
1715 613 2552
1027 600 2061
600 1027 2061
2061 600 1027
2162 914 1609
1609 914 2162
914 1609 2162
2433 1953 2599
2599 1953 2433
1953 2433 2599
1724 1907 2694
2694 1724 1907
1907 1724 2694
878 102 2299
102 878 2299
2299 102 878
2349 1990 2968
1990 2349 2968
2968 1990 2349
1344 458 1950
458 1344 1950
1950 458 1344
1741 1447 1788
1788 1447 1741
1447 1741 1788
532 897 1099
897 532 1099
1099 532 897
1211 1541 2284
2284 1211 1541
1541 1211 2284
843 1508 1864
1864 843 1508
1508 843 1864
2706 1079 1172
1172 1079 2706
1079 1172 2706
2429 2618 2973
2618 2429 2973
2973 2429 2618
2538 1260 2097
1260 2097 2538
2097 1260 2538
986 1411 2325
2325 986 1411
1411 986 2325
954 2461 2849
2849 954 2461
2461 954 2849
322 1748 2484
2484 322 1748
1748 322 2484
1281 272 2810
272 1281 2810
2810 272 1281
905 1311 2657
2657 905 1311
1311 905 2657
1432 343 2704
343 1432 2704
2704 343 1432
1556 1446 2650
1446 1556 2650
2650 1446 1556
530 675 2458
675 530 2458
2458 530 675
153 1496 2962
2962 153 1496
1496 153 2962
1766 1706 2409
1706 1766 2409
2409 1706 1766
2184 1175 2876
2876 1175 2184
1175 2184 2876
2297 109 168
109 168 2297
168 109 2297
1494 603 1107
1107 603 1494
603 1107 1494
2290 1818 2875
2875 1818 2290
1818 2290 2875
864 1126 2578
2578 864 1126
1126 864 2578
108 881 2027
881 108 2027
2027 108 881
1333 2632 2744
2744 1333 2632
2632 1333 2744
2036 978 1134
978 1134 2036
1134 978 2036
2939 1097 1306
1306 1097 2939
1097 1306 2939
1219 2100 2891
2100 1219 2891
2891 1219 2100
1656 2090 2305
2090 1656 2305
2305 1656 2090
2718 69 390
69 390 2718
390 69 2718
2207 1386 1838
1386 1838 2207
1838 1386 2207
1739 1924 2524
1924 1739 2524
2524 1739 1924
1904 2203 2887
2203 1904 2887
2887 1904 2203
2314 797 1147
797 1147 2314
1147 797 2314
181 1166 2355
1166 181 2355
2355 181 1166
1325 107 870
870 107 1325
107 870 1325
1319 1151 2211
1151 1319 2211
2211 1151 1319
1951 290 2561
2561 290 1951
290 1951 2561
1573 1385 1876
1385 1573 1876
1876 1385 1573
1458 701 720
720 701 1458
701 720 1458
132 1795 2969
1795 132 2969
2969 132 1795
1912 723 1989
1989 723 1912
723 1912 1989
121 270 2287
2287 121 270
270 121 2287
2365 209 509
209 509 2365
509 209 2365
570 1576 2567
2567 570 1576
1576 570 2567
1917 740 959
959 740 1917
740 959 1917
894 2222 2639
2639 894 2222
2222 894 2639
567 186 250
250 186 567
186 250 567
593 2146 2197
2146 593 2197
2197 593 2146
2617 730 2190
2190 730 2617
730 2190 2617
2279 810 2452
810 2279 2452
2452 810 2279
2641 673 2147
2147 673 2641
673 2147 2641
1442 197 759
197 759 1442
759 197 1442
644 296 1870
296 644 1870
1870 296 644
404 51 330
330 51 404
51 330 404
2115 220 2483
2483 220 2115
220 2115 2483
1637 490 1468
490 1468 1637
1468 490 1637
1489 2676 2856
2676 1489 2856
2856 1489 2676
1041 1503 2728
2728 1041 1503
1503 1041 2728
1064 497 1716
1716 497 1064
497 1064 1716
2102 276 1427
1427 276 2102
276 1427 2102
1879 218 765
765 218 1879
218 765 1879
2847 1584 2793
2793 1584 2847
1584 2793 2847
1323 412 2127
412 1323 2127
2127 412 1323
2426 2235 2721
2721 2235 2426
2235 2426 2721
467 696 2730
696 467 2730
2730 467 696
292 1825 2032
2032 292 1825
1825 292 2032
1977 886 1122
886 1122 1977
1122 886 1977
1038 2225 2267
2225 1038 2267
2267 1038 2225
2080 1252 2776
1252 2080 2776
2776 1252 2080
2943 1692 2851
1692 2851 2943
2851 1692 2943
1526 2257 2662
2257 1526 2662
2662 1526 2257
2946 1682 2845
1682 2845 2946
2845 1682 2946
647 1511 1755
1511 647 1755
1755 647 1511
152 1465 2249
1465 152 2249
2249 152 1465
718 1322 2936
2936 718 1322
1322 718 2936
2577 1113 1352
1113 1352 2577
1352 1113 2577
544 1234 2328
2328 544 1234
1234 544 2328
2697 11 2260
11 2260 2697
2260 11 2697
1813 431 1701
1701 431 1813
431 1701 1813
414 798 2937
2937 414 798
798 414 2937
1927 1621 2117
2117 1621 1927
1621 1927 2117
1729 1969 2853
1969 1729 2853
2853 1729 1969
2413 1888 2991
1888 2413 2991
2991 1888 2413
2788 1459 2261
2261 1459 2788
1459 2261 2788
1482 5 2424
2424 5 1482
5 1482 2424
1275 760 2980
2980 760 1275
760 1275 2980
617 1680 2233
2233 617 1680
1680 617 2233
939 697 1025
697 939 1025
1025 697 939
972 216 1235
1235 216 972
216 972 1235
20 1174 1579
1579 20 1174
1174 20 1579
2503 1276 2126
1276 2126 2503
2126 1276 2503
2625 940 1469
1469 940 2625
940 1469 2625
176 55 1772
1772 55 176
55 176 1772
4 321 622
321 4 622
622 4 321
2751 1246 1822
1246 1822 2751
1822 1246 2751
2003 1452 1566
1452 1566 2003
1566 1452 2003
1708 2282 2526
2282 1708 2526
2526 1708 2282
2205 672 1630
672 1630 2205
1630 672 2205
748 472 837
472 748 837
837 472 748
98 1243 2156
2156 98 1243
1243 98 2156
370 1102 1685
1102 370 1685
1685 370 1102
1647 1422 2840
2840 1422 1647
1422 1647 2840
1986 3 2142
2142 3 1986
3 1986 2142
2610 47 384
47 384 2610
384 47 2610
257 31 2554
31 257 2554
2554 31 257
157 1481 2248
2248 157 1481
1481 157 2248
1634 688 2135
2135 688 1634
688 1634 2135
2475 155 2607
155 2475 2607
2607 155 2475
239 984 1563
984 239 1563
1563 239 984
1930 1216 2748
2748 1216 1930
1216 1930 2748
2601 1143 1734
1143 1734 2601
1734 1143 2601
2591 99 2428
99 2428 2591
2428 99 2591
1934 34 1295
1295 34 1934
34 1295 1934
2803 395 1288
1288 395 2803
395 1288 2803
2066 2332 2485
2332 2066 2485
2485 2066 2332
1611 2013 2950
2013 1611 2950
2950 1611 2013
1733 766 2908
2908 766 1733
766 1733 2908
1387 1828 2243
1828 1387 2243
2243 1387 1828
1176 522 1491
522 1176 1491
1491 522 1176
2240 317 377
377 317 2240
317 377 2240
1328 2656 2711
2656 1328 2711
2711 1328 2656
2077 525 980
525 980 2077
980 525 2077
2614 650 2579
650 2579 2614
2579 650 2614
2864 1547 2321
2321 1547 2864
1547 2321 2864
382 792 1877
1877 382 792
792 382 1877
2145 1500 2949
1500 2145 2949
2949 1500 2145
1209 659 2175
659 1209 2175
2175 659 1209
665 1804 2393
2393 665 1804
1804 665 2393
1213 1848 2471
1848 1213 2471
2471 1213 1848
771 543 2647
543 771 2647
2647 543 771
916 1165 2489
1165 916 2489
2489 916 1165
1341 616 1497
616 1341 1497
1497 616 1341
2294 41 2948
2948 41 2294
41 2294 2948
1567 594 2984
2984 594 1567
594 1567 2984
1642 2580 2664
2580 1642 2664
2664 1642 2580
953 1892 2446
2446 953 1892
1892 953 2446
1334 1205 2626
1205 1334 2626
2626 1205 1334
1913 263 1360
1360 263 1913
263 1360 1913
2675 1144 2331
2331 1144 2675
1144 2331 2675
2954 1676 1851
1676 1851 2954
1851 1676 2954
131 744 1133
1133 131 744
744 131 1133
2726 1042 2498
1042 2498 2726
2498 1042 2726
2659 401 1595
1595 401 2659
401 1595 2659
1612 775 1550
775 1550 1612
1550 775 1612
2192 1016 1901
1016 1901 2192
1901 1016 2192
1577 1365 2008
1365 1577 2008
2008 1365 1577
933 2289 2709
2289 933 2709
2709 933 2289
393 161 591
161 393 591
591 161 393
112 163 2185
163 112 2185
2185 112 163
750 1066 1507
1507 750 1066
1066 750 1507
1439 439 581
439 581 1439
581 439 1439
1467 621 1045
621 1045 1467
1045 621 1467
2000 844 2039
844 2000 2039
2039 844 2000
1935 1164 1264
1264 1164 1935
1164 1264 1935
1972 403 2229
2229 403 1972
403 1972 2229
1132 861 1225
861 1132 1225
1225 861 1132
2644 569 1534
1534 569 2644
569 1534 2644
731 409 1525
409 731 1525
1525 409 731
2263 496 2160
2160 496 2263
496 2160 2263
1863 1598 2798
2798 1598 1863
1598 1863 2798
2019 1417 2603
1417 2019 2603
2603 1417 2019
2406 777 2791
2791 777 2406
777 2406 2791
1285 1142 2383
1142 1285 2383
2383 1142 1285
1812 84 1050
1050 84 1812
84 1050 1812
2180 1251 2025
1251 2025 2180
2025 1251 2180
1188 1204 1945
1204 1188 1945
1945 1188 1204
1684 1688 2312
2312 1684 1688
1688 1684 2312
1141 1179 1454
1179 1141 1454
1454 1141 1179
2631 206 246
206 246 2631
246 206 2631
903 1408 2754
1408 903 2754
2754 903 1408
2653 535 2244
2244 535 2653
535 2244 2653
21 1403 1767
1767 21 1403
1403 21 1767
1886 54 2970
2970 54 1886
54 1886 2970
2464 386 1775
386 1775 2464
1775 386 2464
2732 687 2308
687 2308 2732
2308 687 2732
476 252 2062
252 476 2062
2062 252 476
779 524 2895
2895 524 779
524 779 2895
2555 874 1887
1887 874 2555
874 1887 2555
899 1760 1808
1760 899 1808
1808 899 1760
2920 25 1777
1777 25 2920
25 1777 2920
2392 1170 2275
2275 1170 2392
1170 2275 2392
1464 1726 2884
2884 1464 1726
1726 1464 2884
282 126 609
609 126 282
126 282 609
2104 711 2633
2633 711 2104
711 2104 2633
2816 111 259
259 111 2816
111 259 2816
2645 1687 2129
2129 1687 2645
1687 2129 2645
286 1983 2510
1983 286 2510
2510 286 1983
2303 806 1112
806 1112 2303
1112 806 2303
1380 588 2559
2559 588 1380
588 1380 2559
2882 369 2378
2378 369 2882
369 2378 2882
1976 634 1586
1586 634 1976
634 1586 1976
2020 1480 1518
1480 1518 2020
1518 1480 2020
2901 1037 1414
1037 1414 2901
1414 1037 2901
1253 1817 2164
1817 1253 2164
2164 1253 1817
1509 13 2024
2024 13 1509
13 1509 2024
973 1915 2047
1915 973 2047
2047 973 1915
1309 627 770
770 627 1309
627 770 1309
2930 1359 2815
1359 2815 2930
2815 1359 2930
2167 1123 1978
1123 1978 2167
1978 1123 2167
1502 1163 2444
1163 1502 2444
2444 1163 1502
1533 1026 1793
1793 1026 1533
1026 1533 1793
6 78 2899
2899 6 78
78 6 2899
967 1358 1952
1952 967 1358
1358 967 1952
2381 2 2525
2525 2 2381
2 2381 2525
1318 273 2636
273 1318 2636
2636 273 1318
1308 1850 2071
2071 1308 1850
1850 1308 2071
851 1664 2350
2350 851 1664
1664 851 2350
1208 845 2964
2964 845 1208
845 1208 2964
344 981 2546
981 344 2546
2546 344 981
2872 2348 2523
2523 2348 2872
2348 2523 2872
258 630 1841
1841 258 630
630 258 1841
502 495 653
653 495 502
495 502 653
314 1669 2479
2479 314 1669
1669 314 2479
2313 67 2085
67 2085 2313
2085 67 2313
2804 1780 2163
2163 1780 2804
1780 2163 2804
2563 1673 2917
1673 2563 2917
2917 1673 2563
1191 82 1643
82 1191 1643
1643 82 1191
1994 2016 2265
2016 1994 2265
2265 1994 2016
1181 1537 2932
1537 1181 2932
2932 1181 1537
217 1085 2731
2731 217 1085
1085 217 2731
1923 2148 2654
2148 1923 2654
2654 1923 2148
2944 867 1659
1659 867 2944
867 1659 2944
2762 1063 2286
2286 1063 2762
1063 2286 2762
2566 1218 1580
1580 1218 2566
1218 1580 2566
2896 1435 1488
1488 1435 2896
1435 1488 2896
2838 362 727
362 727 2838
727 362 2838
1367 2873 2953
2873 1367 2953
2953 1367 2873
2646 1119 1988
1119 1988 2646
1988 1119 2646
842 175 513
175 513 842
513 175 842
57 918 1420
918 57 1420
1420 57 918
199 323 684
323 199 684
684 199 323
1889 1157 2541
1157 1889 2541
2541 1157 1889
2634 1785 1839
1839 1785 2634
1785 1839 2634
1873 1001 2972
2972 1001 1873
1001 1873 2972
1754 1201 1948
1201 1754 1948
1948 1201 1754
2674 656 1806
656 1806 2674
1806 656 2674
2585 1116 2844
1116 2585 2844
2844 1116 2585
2780 1348 2070
1348 2070 2780
2070 1348 2780
2055 1098 1731
1731 1098 2055
1098 1731 2055
2857 565 1940
1940 565 2857
565 1940 2857
1686 822 1004
1004 822 1686
822 1004 1686
2935 1787 2110
1787 2110 2935
2110 1787 2935
960 2221 2977
2221 960 2977
2977 960 2221
2595 18 1587
1587 18 2595
18 1587 2595
285 682 1872
682 285 1872
1872 285 682
2892 10 921
10 921 2892
921 10 2892
1192 428 1936
428 1192 1936
1936 428 1192
737 1559 2722
2722 737 1559
1559 737 2722
1351 1730 2663
1730 1351 2663
2663 1351 1730
724 526 2828
2828 526 724
526 724 2828
563 700 1616
700 563 1616
1616 563 700
558 935 2014
935 558 2014
2014 558 935
2187 2596 2848
2848 2187 2596
2596 2187 2848
2478 1326 1815
1326 1815 2478
1815 1326 2478
1416 170 888
170 888 1416
888 170 1416
1747 1159 2449
2449 1159 1747
1159 1747 2449
1750 481 1178
1178 481 1750
481 1178 1750
1740 782 990
990 782 1740
782 990 1740
419 2230 2470
2470 419 2230
2230 419 2470
2029 198 451
451 198 2029
198 451 2029
1368 1941 2416
2416 1368 1941
1941 1368 2416
2268 29 1814
29 1814 2268
1814 29 2268
1582 2841 2967
2967 1582 2841
2841 1582 2967
2535 2550 2743
2550 2535 2743
2743 2535 2550
2292 388 2543
388 2292 2543
2543 388 2292
633 992 1290
992 633 1290
1290 633 992
1781 1875 2091
2091 1781 1875
1875 1781 2091
1519 860 2572
860 1519 2572
2572 860 1519
1882 2103 2797
2797 1882 2103
2103 1882 2797
488 917 2809
917 488 2809
2809 488 917
1474 506 1008
1008 506 1474
506 1008 1474
2956 1345 2703
1345 2703 2956
2703 1345 2956
15 615 1168
615 15 1168
1168 15 615
1379 1866 2223
1866 1379 2223
2223 1379 1866
1946 2183 2783
2183 1946 2783
2783 1946 2183
1678 1845 2170
2170 1678 1845
1845 1678 2170
722 2347 2592
2592 722 2347
2347 722 2592
2396 232 2054
232 2054 2396
2054 232 2396
708 1156 2439
2439 708 1156
1156 708 2439
2318 123 1564
123 1564 2318
1564 123 2318
1498 1034 2121
2121 1034 1498
1034 1498 2121
2794 735 1973
1973 735 2794
735 1973 2794
640 214 241
214 241 640
241 214 640
1860 500 1991
500 1860 1991
1991 500 1860
336 1222 1623
1222 336 1623
1623 336 1222
2811 468 2082
468 2082 2811
2082 468 2811
1786 2327 2963
2327 1786 2963
2963 1786 2327
1171 133 1139
133 1139 1171
1139 133 1171
2081 631 2770
2770 631 2081
631 2081 2770
1342 1273 2769
1273 1342 2769
2769 1273 1342
477 341 2911
2911 341 477
341 477 2911
2825 260 879
260 879 2825
879 260 2825
2486 2232 2719
2232 2486 2719
2719 2232 2486
1510 2258 2540
2258 1510 2540
2540 1510 2258
348 491 2153
2153 348 491
491 348 2153
2671 143 772
143 772 2671
772 143 2671
1597 889 2030
889 1597 2030
2030 889 1597
539 2376 2904
2376 539 2904
2904 539 2376
2420 130 2553
2553 130 2420
130 2420 2553
30 1263 1405
1263 30 1405
1405 30 1263
1461 2482 2983
2482 1461 2983
2983 1461 2482
2256 28 279
279 28 2256
28 279 2256
2500 1046 2741
2741 1046 2500
1046 2500 2741
2958 756 2745
756 2745 2958
2745 756 2958
471 291 1548
1548 291 471
291 471 1548
2988 1018 1180
1018 1180 2988
1180 1018 2988
1890 1438 1632
1632 1438 1890
1438 1632 1890
534 1293 2276
2276 534 1293
1293 534 2276
2442 104 1074
1074 104 2442
104 1074 2442
2448 1339 1679
1339 1679 2448
1679 1339 2448
2171 2058 2678
2678 2058 2171
2058 2171 2678
2842 1694 2854
2854 1694 2842
1694 2842 2854
208 710 785
710 208 785
785 208 710
2820 2002 2468
2468 2002 2820
2002 2468 2820
1974 236 2613
236 1974 2613
2613 236 1974
201 618 2410
618 201 2410
2410 201 618
1271 1471 2923
2923 1271 1471
1471 1271 2923
2978 117 2519
2519 117 2978
117 2519 2978
65 50 2852
50 65 2852
2852 50 65
1797 660 1462
1462 660 1797
660 1462 1797
564 248 2879
2879 248 564
248 564 2879
92 1448 2311
2311 92 1448
1448 92 2311
1606 1571 1916
1571 1606 1916
1916 1571 1606
110 324 2812
324 110 2812
2812 110 324
422 1395 1592
1395 422 1592
1592 422 1395
1799 437 1146
437 1146 1799
1146 437 1799
1023 763 2539
2539 763 1023
763 1023 2539
262 1196 2698
2698 262 1196
1196 262 2698
1809 1513 1947
1947 1513 1809
1513 1809 1947
1329 151 289
289 151 1329
151 289 1329
2402 2022 2570
2570 2022 2402
2022 2402 2570
188 1137 1428
1137 188 1428
1428 188 1137
764 1709 2169
1709 764 2169
2169 764 1709
2938 411 1321
411 1321 2938
1321 411 2938
1826 1406 2158
1406 1826 2158
2158 1406 1826
2940 1723 2750
1723 2750 2940
2750 1723 2940
1433 367 1921
1921 367 1433
367 1433 1921
1291 35 2773
2773 35 1291
35 1291 2773
1942 268 2786
268 1942 2786
2786 268 1942
2291 926 2679
2679 926 2291
926 2291 2679
58 2417 2668
2417 58 2668
2668 58 2417
2385 677 2369
677 2369 2385
2369 677 2385
443 234 2254
234 443 2254
2254 234 443
974 87 2518
2518 87 974
87 974 2518
1589 1487 1645
1645 1487 1589
1487 1589 1645
2802 461 1017
1017 461 2802
461 1017 2802
1522 2427 2999
2999 1522 2427
2427 1522 2999
1052 629 2544
2544 629 1052
629 1052 2544
2764 392 1763
1763 392 2764
392 1763 2764
1651 1224 2241
2241 1224 1651
1224 1651 2241
1485 375 2839
375 1485 2839
2839 375 1485
1773 1083 1460
1460 1083 1773
1083 1460 1773
1241 1228 2086
1228 1241 2086
2086 1228 1241
1811 1517 1985
1985 1517 1811
1517 1811 1985
2955 405 1705
1705 405 2955
405 1705 2955
2159 1456 2609
1456 2159 2609
2609 1456 2159
769 254 1364
1364 254 769
254 769 1364
1655 389 2237
389 1655 2237
2237 389 1655
1660 149 1711
1711 149 1660
149 1660 1711
574 83 223
83 223 574
223 83 574
2133 812 1501
1501 812 2133
812 1501 2133
465 1801 2473
1801 465 2473
2473 465 1801
2545 803 1068
1068 803 2545
803 1068 2545
2774 1650 2391
2391 1650 2774
1650 2391 2774
662 312 1372
312 662 1372
1372 312 662
1698 1100 1902
1100 1698 1902
1902 1100 1698
52 1894 2204
1894 52 2204
2204 52 1894
595 440 836
836 440 595
440 595 836
2627 839 2934
2934 839 2627
839 2627 2934
430 643 2317
643 430 2317
2317 430 643
385 1670 1885
1885 385 1670
1670 385 1885
1521 2120 2906
2906 1521 2120
2120 1521 2906
752 1398 1626
1398 752 1626
1626 752 1398
1101 229 1389
1389 229 1101
229 1101 1389
670 865 2200
865 670 2200
2200 670 865
540 1478 2931
2931 540 1478
1478 540 2931
319 275 1557
275 319 1557
1557 275 319
347 820 2695
820 347 2695
2695 347 820
796 2514 2799
2514 796 2799
2799 796 2514
1961 334 2194
2194 334 1961
334 1961 2194
1842 64 2826
2826 64 1842
64 1842 2826
1649 189 2575
2575 189 1649
189 1649 2575
2682 1076 1844
1844 1076 2682
1076 1844 2682
2913 177 1736
1736 177 2913
177 1736 2913
2264 2720 2821
2720 2264 2821
2821 2264 2720
1710 124 2051
2051 124 1710
124 1710 2051
1821 531 691
531 691 1821
691 531 1821
1674 93 1837
93 1674 1837
1837 93 1674
2118 1013 1081
1013 1081 2118
1081 1013 2118
1906 297 2064
297 1906 2064
2064 297 1906
1727 36 2422
2422 36 1727
36 1727 2422
686 1075 2814
1075 686 2814
2814 686 1075
1299 571 780
780 571 1299
571 780 1299
2255 1304 2692
2692 1304 2255
1304 2255 2692
1743 2700 2824
2824 1743 2700
2700 1743 2824
1819 1401 2868
2868 1401 1819
1401 1819 2868
2987 399 2708
2708 399 2987
399 2708 2987
2777 1378 1627
1378 1627 2777
1627 1378 2777
1929 1307 1530
1530 1307 1929
1307 1530 1929
2590 533 749
533 749 2590
749 533 2590
2114 1476 2231
2231 1476 2114
1476 2114 2231
547 1404 1536
1536 547 1404
1404 547 1536
1695 716 2141
716 1695 2141
2141 716 1695
968 1911 2767
1911 968 2767
2767 968 1911
2319 224 1283
1283 224 2319
224 1283 2319
841 366 2119
366 841 2119
2119 366 841
2628 24 2905
2905 24 2628
24 2628 2905
1955 943 2238
2238 943 1955
943 1955 2238
738 893 1350
893 738 1350
1350 738 893
2652 550 942
942 550 2652
550 942 2652
2476 2344 2947
2947 2344 2476
2344 2476 2947
1437 997 1847
997 1437 1847
1847 997 1437
215 174 2615
174 215 2615
2615 174 215
2375 863 2199
863 2199 2375
2199 863 2375
2576 1928 2283
2283 1928 2576
1928 2283 2576
359 664 1061
1061 359 664
664 359 1061
599 799 1167
1167 599 799
799 599 1167
351 249 2594
249 351 2594
2594 249 351
94 304 1463
1463 94 304
304 94 1463
114 421 1324
421 114 1324
1324 114 421
2138 795 1981
795 1981 2138
1981 795 2138
1800 623 2274
623 1800 2274
2274 623 1800
2214 339 492
339 492 2214
492 339 2214
2508 2285 2866
2866 2285 2508
2285 2508 2866
2768 394 2929
2929 394 2768
394 2768 2929
1090 1183 2026
1183 1090 2026
2026 1090 1183
2335 751 1699
1699 751 2335
751 1699 2335
628 1024 2558
1024 628 2558
2558 628 1024
2176 61 608
608 61 2176
61 608 2176
1035 573 2320
573 1035 2320
2320 573 1035
2573 81 1212
81 1212 2573
1212 81 2573
1617 1162 1855
1162 1617 1855
1855 1162 1617
2734 597 1697
1697 597 2734
597 1697 2734
2855 59 2123
2123 59 2855
59 2123 2855
2488 23 2136
23 2136 2488
2136 23 2488
557 667 941
941 557 667
667 557 941
73 479 1937
1937 73 479
479 73 1937
2648 1594 2366
1594 2366 2648
2366 1594 2648
1316 626 901
901 626 1316
626 901 1316
357 2533 2536
2536 357 2533
2533 357 2536
902 2010 2360
2360 902 2010
2010 902 2360
988 119 402
402 119 988
119 402 988
2974 529 1881
529 1881 2974
1881 529 2974
2752 1440 2717
2717 1440 2752
1440 2717 2752
