1887 410 2495
2495 410 1887
410 1887 2495
2710 932 2645
932 2645 2710
2645 932 2710
305 30 124
124 30 305
30 124 305
1725 15 1100
1100 15 1725
15 1100 1725
2374 66 2232
66 2232 2374
2232 66 2374
1627 1829 2861
2861 1627 1829
1829 1627 2861
2051 390 1442
390 1442 2051
1442 390 2051
2828 284 1284
284 1284 2828
1284 284 2828
1281 2501 2859
2501 1281 2859
2859 1281 2501
2702 1392 2894
1392 2702 2894
2894 1392 2702
1103 297 2179
2179 297 1103
297 1103 2179
1239 162 524
162 524 1239
524 162 1239
496 2380 2951
2380 496 2951
2951 496 2380
33 1598 2316
2316 33 1598
1598 33 2316
2834 414 1486
414 1486 2834
1486 414 2834
2667 1409 2900
2900 1409 2667
1409 2667 2900
1397 134 1695
134 1397 1695
1695 134 1397
1632 625 1890
625 1632 1890
1890 625 1632
473 1209 2225
1209 473 2225
2225 473 1209
1564 209 2803
209 1564 2803
2803 209 1564
1782 1216 2681
1216 1782 2681
2681 1216 1782
453 1793 2881
2881 453 1793
1793 453 2881
439 797 1852
1852 439 797
797 439 1852
1585 1521 2659
2659 1521 1585
1521 1585 2659
665 569 1395
1395 569 665
569 665 1395
1377 484 1278
1278 484 1377
484 1278 1377
2433 2364 2430
2364 2430 2433
2430 2364 2433
268 322 2695
2695 268 322
322 268 2695
724 94 1303
1303 94 724
94 724 1303
174 309 2766
309 174 2766
2766 174 309
2574 1660 2973
1660 2574 2973
2973 1660 2574
592 276 2309
276 592 2309
2309 276 592
508 263 1011
263 508 1011
1011 263 508
2178 1038 2284
2284 1038 2178
1038 2178 2284
738 653 838
653 738 838
838 653 738
130 41 619
619 41 130
41 130 619
1539 788 1213
1213 788 1539
788 1213 1539
2571 575 1980
1980 575 2571
575 1980 2571
1568 1189 2411
2411 1189 1568
1189 1568 2411
1646 834 2687
834 1646 2687
2687 834 1646
2657 2340 2797
2797 2340 2657
2340 2657 2797
2068 314 507
314 507 2068
507 314 2068
1501 784 1024
1024 784 1501
784 1024 1501
2231 14 927
14 927 2231
927 14 2231
45 1913 2295
1913 45 2295
2295 45 1913
1658 317 2173
2173 317 1658
317 1658 2173
638 1933 2327
1933 638 2327
2327 638 1933
185 221 1680
1680 185 221
221 185 1680
1522 1019 1413
1019 1413 1522
1413 1019 1522
768 146 1709
146 768 1709
1709 146 768
636 248 451
248 451 636
451 248 636
1517 641 1063
641 1063 1517
1063 641 1517
2614 1340 1992
1340 1992 2614
1992 1340 2614
1935 374 2102
374 1935 2102
2102 374 1935
2798 603 1795
603 1795 2798
1795 603 2798
2269 54 2442
2442 54 2269
54 2269 2442
137 2016 2541
2541 137 2016
2016 137 2541
1280 707 1140
707 1140 1280
1140 707 1280
711 1458 2286
2286 711 1458
1458 711 2286
2618 212 1577
1577 212 2618
212 1577 2618
1001 2133 2812
2133 1001 2812
2812 1001 2133
277 2482 2528
2528 277 2482
2482 277 2528
1548 461 2790
461 1548 2790
2790 461 1548
1516 803 2763
2763 803 1516
803 1516 2763
311 1488 1960
1488 311 1960
1960 311 1488
2975 466 714
466 714 2975
714 466 2975
2768 449 1492
449 1492 2768
1492 449 2768
1054 335 744
335 744 1054
744 335 1054
1848 1638 1844
1638 1844 1848
1844 1638 1848
2369 1901 2832
2832 1901 2369
1901 2369 2832
197 2363 2837
2837 197 2363
2363 197 2837
1702 111 1226
111 1226 1702
1226 111 1702
245 516 584
584 245 516
516 245 584
446 577 2568
2568 446 577
577 446 2568
2207 500 1482
500 1482 2207
1482 500 2207
811 1739 2569
1739 811 2569
2569 811 1739
844 40 2716
2716 40 844
40 844 2716
1475 460 712
712 460 1475
460 712 1475
2307 160 815
160 815 2307
815 160 2307
1764 474 894
474 894 1764
894 474 1764
406 1924 2196
2196 406 1924
1924 406 2196
369 1747 2368
1747 369 2368
2368 369 1747
2630 104 527
527 104 2630
104 527 2630
433 1762 2197
1762 433 2197
2197 433 1762
939 2579 2770
2579 939 2770
2770 939 2579
249 177 2229
2229 177 249
177 249 2229
2352 2490 2801
2490 2352 2801
2801 2352 2490
457 1190 1967
1967 457 1190
1190 457 1967
977 2773 2795
2773 977 2795
2795 977 2773
1299 2189 2946
2946 1299 2189
2189 1299 2946
2404 1969 2215
2215 1969 2404
1969 2215 2404
1099 1074 1127
1127 1074 1099
1074 1099 1127
378 897 1842
1842 378 897
897 378 1842
2372 210 1745
1745 210 2372
210 1745 2372
364 1047 2100
1047 364 2100
2100 364 1047
1007 2647 2885
2885 1007 2647
2647 1007 2885
2407 650 2542
2542 650 2407
650 2407 2542
1185 99 1789
1789 99 1185
99 1185 1789
1351 1308 2769
1308 1351 2769
2769 1308 1351
2036 645 1784
1784 645 2036
645 1784 2036
290 425 1141
425 290 1141
1141 290 425
2540 548 1265
1265 548 2540
548 1265 2540
2686 2261 2321
2321 2261 2686
2261 2321 2686
2486 793 794
793 794 2486
794 793 2486
1153 693 1171
693 1153 1171
1171 693 1153
115 701 2159
2159 115 701
701 115 2159
2149 1384 1628
1384 1628 2149
1628 1384 2149
2008 1128 2670
1128 2008 2670
2670 1128 2008
324 2233 2741
2233 324 2741
2741 324 2233
1862 1873 2666
1873 1862 2666
2666 1862 1873
190 1963 2545
1963 190 2545
2545 190 1963
2637 1196 2390
1196 2390 2637
2390 1196 2637
2896 579 2639
579 2639 2896
2639 579 2896
1005 2303 2635
2635 1005 2303
2303 1005 2635
287 1097 2035
2035 287 1097
1097 287 2035
2625 1252 2115
1252 2115 2625
2115 1252 2625
1635 1836 2552
1836 1635 2552
2552 1635 1836
1602 1096 2052
2052 1096 1602
1096 1602 2052
2632 35 136
35 136 2632
136 35 2632
832 874 2273
2273 832 874
874 832 2273
149 178 2224
178 149 2224
2224 149 178
2001 1261 2919
2919 1261 2001
1261 2001 2919
572 148 476
148 476 572
476 148 572
1778 909 1777
1777 909 1778
909 1777 1778
2706 1667 2715
1667 2706 2715
2715 1667 2706
2980 1518 2418
2418 1518 2980
1518 2418 2980
979 1474 1823
1474 979 1823
1823 979 1474
2817 916 921
921 916 2817
916 921 2817
467 1662 2907
2907 467 1662
1662 467 2907
1360 1779 2118
2118 1360 1779
1779 1360 2118
2095 1332 2244
1332 2095 2244
2244 1332 2095
2239 1272 2941
1272 2239 2941
2941 1272 2239
1590 246 1663
246 1590 1663
1663 246 1590
2622 70 1255
1255 70 2622
70 1255 2622
1400 128 2416
2416 128 1400
128 1400 2416
2869 32 1056
1056 32 2869
32 1056 2869
21 1390 2398
2398 21 1390
1390 21 2398
2281 404 2760
2760 404 2281
404 2281 2760
526 943 2004
943 526 2004
2004 526 943
2044 1505 2621
1505 2044 2621
2621 1505 2044
1449 747 2662
2662 747 1449
747 1449 2662
2206 775 2443
2443 775 2206
775 2206 2443
187 1273 2391
2391 187 1273
1273 187 2391
914 233 2917
2917 233 914
233 914 2917
1120 1919 2877
2877 1120 1919
1919 1120 2877
2059 1920 2328
1920 2059 2328
2328 1920 2059
2122 331 2135
331 2122 2135
2135 331 2122
633 1217 1787
1787 633 1217
1217 633 1787
2445 2358 2901
2358 2445 2901
2901 2358 2445
1389 200 2577
200 1389 2577
2577 200 1389
1507 589 1277
1277 589 1507
589 1277 1507
2781 742 1256
742 1256 2781
1256 742 2781
270 1619 2796
2796 270 1619
1619 270 2796
560 1988 2245
2245 560 1988
1988 560 2245
2821 2139 2711
2139 2711 2821
2711 2139 2821
2563 1210 2612
2612 1210 2563
1210 2563 2612
2326 708 1610
708 1610 2326
1610 708 2326
642 660 2731
660 642 2731
2731 642 660
280 452 885
452 280 885
885 280 452
865 1773 1831
1773 865 1831
1831 865 1773
955 924 2652
924 955 2652
2652 924 955
1769 175 2774
175 1769 2774
2774 175 1769
1249 493 2441
2441 493 1249
493 1249 2441
2366 536 1981
536 1981 2366
1981 536 2366
1457 1927 2249
2249 1457 1927
1927 1457 2249
902 462 2558
462 902 2558
2558 462 902
1818 643 974
643 974 1818
974 643 1818
2581 630 1225
630 1225 2581
1225 630 2581
2519 1825 2494
1825 2494 2519
2494 1825 2519
767 295 1903
295 767 1903
1903 295 767
2507 561 2539
561 2507 2539
2539 561 2507
1897 354 1285
1285 354 1897
354 1285 1897
2705 68 110
68 110 2705
110 68 2705
2198 1540 2978
1540 2198 2978
2978 1540 2198
1412 1717 2015
2015 1412 1717
1717 1412 2015
384 1182 1863
1182 384 1863
1863 384 1182
2473 1251 2931
2931 1251 2473
1251 2473 2931
1484 2268 2376
2268 1484 2376
2376 1484 2268
2264 1905 2806
1905 2264 2806
2806 1905 2264
1117 1552 2060
2060 1117 1552
1552 1117 2060
176 559 1771
559 176 1771
1771 176 559
1187 468 1629
1629 468 1187
468 1187 1629
564 514 1289
1289 514 564
514 564 1289
574 1391 1961
1391 574 1961
1961 574 1391
86 1088 2497
1088 86 2497
2497 86 1088
854 17 2357
17 854 2357
2357 17 854
494 1872 2590
1872 494 2590
2590 494 1872
2628 72 2056
72 2056 2628
2056 72 2628
1174 1042 2940
2940 1042 1174
1042 1174 2940
88 787 1608
1608 88 787
787 88 1608
2827 1124 1683
1124 1683 2827
1683 1124 2827
2663 1459 1974
1974 1459 2663
1459 1974 2663
2451 956 2092
956 2092 2451
2092 956 2451
1367 1879 2566
1879 1367 2566
2566 1367 1879
699 2599 2968
2599 699 2968
2968 699 2599
2455 2583 2921
2583 2455 2921
2921 2455 2583
1343 1151 1612
1151 1343 1612
1612 1151 1343
978 429 2567
2567 429 978
429 978 2567
2412 2468 2912
2468 2412 2912
2912 2412 2468
434 1685 2610
1685 434 2610
2610 434 1685
1689 1119 2287
2287 1119 1689
1119 1689 2287
2799 727 2330
2330 727 2799
727 2330 2799
251 694 785
694 251 785
785 251 694
2175 201 2489
201 2175 2489
2489 201 2175
716 875 2544
875 716 2544
2544 716 875
2382 982 1765
982 1765 2382
1765 982 2382
2535 1972 2986
1972 2535 2986
2986 1972 2535
1405 702 2354
2354 702 1405
702 1405 2354
119 1623 2371
2371 119 1623
1623 119 2371
759 534 960
960 534 759
534 759 960
1292 250 512
250 512 1292
512 250 1292
2062 427 2603
427 2062 2603
2603 427 2062
2063 1079 2648
1079 2063 2648
2648 1079 2063
1543 818 1720
1720 818 1543
818 1543 1720
1012 195 1104
1104 195 1012
195 1012 1104
1318 587 1959
1959 587 1318
587 1318 1959
933 973 1111
1111 933 973
973 933 1111
142 351 1105
351 142 1105
1105 142 351
549 2345 2605
2605 549 2345
2345 549 2605
150 1137 1175
1137 150 1175
1175 150 1137
1276 165 613
165 613 1276
613 165 1276
73 1433 1615
1615 73 1433
1433 73 1615
2260 1583 1607
1583 1607 2260
1607 1583 2260
445 2724 2910
2724 445 2910
2910 445 2724
667 459 1991
1991 459 667
459 667 1991
1929 773 1993
773 1929 1993
1993 773 1929
2449 11 2913
11 2449 2913
2913 11 2449
1584 805 2533
805 1584 2533
2533 805 1584
899 629 1440
1440 629 899
629 899 1440
1410 542 631
542 631 1410
631 542 1410
2616 809 2640
2640 809 2616
809 2616 2640
2007 887 1311
1311 887 2007
887 1311 2007
1581 223 2192
223 1581 2192
2192 223 1581
1087 170 2255
170 1087 2255
2255 170 1087
1712 654 2922
654 1712 2922
2922 654 1712
198 1723 2514
2514 198 1723
1723 198 2514
2222 934 2471
934 2222 2471
2471 934 2222
120 743 2113
743 120 2113
2113 120 743
2825 1473 1986
1473 1986 2825
1986 1473 2825
2783 842 1323
842 1323 2783
1323 842 2783
1435 367 571
571 367 1435
367 571 1435
326 262 2874
2874 262 326
262 326 2874
1206 112 2381
2381 112 1206
112 1206 2381
1230 1027 1382
1382 1027 1230
1027 1230 1382
2026 1645 1962
1962 1645 2026
1645 1962 2026
1215 360 2530
2530 360 1215
360 1215 2530
1466 1081 1356
1081 1356 1466
1356 1081 1466
428 1892 2512
1892 428 2512
2512 428 1892
156 1233 2156
2156 156 1233
1233 156 2156
869 6 531
531 6 869
6 531 869
2226 349 2793
2793 349 2226
349 2226 2793
2791 1242 1820
1242 1820 2791
1820 1242 2791
2580 495 1364
495 1364 2580
1364 495 2580
1697 1337 2274
1337 1697 2274
2274 1337 1697
1467 363 2895
2895 363 1467
363 1467 2895
293 596 2230
2230 293 596
596 293 2230
781 1714 2367
1714 781 2367
2367 781 1714
1741 686 2219
686 1741 2219
2219 686 1741
1059 1250 1378
1378 1059 1250
1250 1059 1378
2090 1639 2823
1639 2090 2823
2823 1639 2090
1968 291 1245
1245 291 1968
291 1245 1968
1275 56 721
56 721 1275
721 56 1275
230 1181 2800
1181 230 2800
2800 230 1181
661 85 929
85 661 929
929 85 661
192 71 938
938 71 192
71 192 938
930 1718 2911
1718 930 2911
2911 930 1718
1368 2020 2887
2887 1368 2020
2020 1368 2887
1588 386 2073
386 1588 2073
2073 386 1588
153 81 1910
81 153 1910
1910 81 153
2290 1306 2012
2012 1306 2290
1306 2012 2290
2631 315 2152
2152 315 2631
315 2152 2631
1759 765 1671
1671 765 1759
765 1671 1759
748 492 1247
492 748 1247
1247 492 748
357 430 1977
1977 357 430
430 357 1977
2829 965 1469
965 1469 2829
1469 965 2829
2942 880 2578
880 2578 2942
2578 880 2942
2457 2048 2786
2786 2048 2457
2048 2457 2786
2395 1084 1687
1084 1687 2395
1687 1084 2395
1194 1661 2205
2205 1194 1661
1661 1194 2205
302 10 1172
10 302 1172
1172 10 302
253 2271 2855
2271 253 2855
2855 253 2271
2155 532 2623
2623 532 2155
532 2155 2623
752 44 820
44 752 820
820 44 752
2626 1896 2937
1896 2626 2937
2937 1896 2626
2813 296 1450
296 1450 2813
1450 296 2813
1806 1317 1571
1571 1317 1806
1317 1571 1806
50 93 2513
93 50 2513
2513 50 93
1173 1165 2721
2721 1165 1173
1165 1173 2721
1150 1832 2379
1832 1150 2379
2379 1150 1832
2720 490 1418
1418 490 2720
490 1418 2720
1513 2220 2282
2282 1513 2220
2220 1513 2282
1882 1426 2582
1426 1882 2582
2582 1426 1882
303 1184 1990
1184 303 1990
1990 303 1184
2317 42 2794
2794 42 2317
42 2317 2794
1534 1650 1809
1809 1534 1650
1650 1534 1809
418 49 436
436 49 418
49 418 436
2704 320 1888
1888 320 2704
320 1888 2704
824 1801 1817
1817 824 1801
1801 824 1817
1508 546 1291
546 1291 1508
1291 546 1508
2041 1354 2291
1354 2041 2291
2291 1354 2041
2915 1183 2957
2957 1183 2915
1183 2915 2957
937 891 1031
1031 891 937
891 937 1031
1274 870 2289
870 1274 2289
2289 870 1274
2993 1595 2520
1595 2520 2993
2520 1595 2993
2661 1090 2397
2397 1090 2661
1090 2397 2661
778 1067 1707
1067 778 1707
1707 778 1067
1565 67 2237
2237 67 1565
67 1565 2237
59 36 62
62 36 59
36 59 62
381 1324 2071
2071 381 1324
1324 381 2071
2752 920 2285
2285 920 2752
920 2285 2752
2954 1944 2023
1944 2023 2954
2023 1944 2954
952 1102 2771
2771 952 1102
1102 952 2771
1535 886 2629
2629 886 1535
886 1535 2629
678 193 2556
2556 193 678
193 678 2556
1569 372 970
372 970 1569
970 372 1569
299 821 2218
821 299 2218
2218 299 821
2883 1086 2053
1086 2053 2883
2053 1086 2883
860 949 1770
949 860 1770
1770 860 949
2962 562 1471
562 1471 2962
1471 562 2962
2924 882 1633
882 1633 2924
1633 882 2924
84 123 2748
2748 84 123
123 84 2748
913 421 1597
1597 421 913
421 913 1597
2698 1287 2125
1287 2125 2698
2125 1287 2698
855 1763 1802
1802 855 1763
1763 855 1802
2343 395 2703
395 2343 2703
2703 395 2343
1611 138 310
138 310 1611
310 138 1611
2138 168 2929
168 2138 2929
2929 168 2138
528 1674 2620
1674 528 2620
2620 528 1674
100 954 2499
954 100 2499
2499 100 954
910 1605 2300
1605 910 2300
2300 910 1605
2589 28 2010
28 2010 2589
2010 28 2589
2236 313 779
779 313 2236
313 779 2236
2959 550 2143
550 2143 2959
2143 550 2959
24 745 1464
745 24 1464
1464 24 745
1109 646 2886
2886 646 1109
646 1109 2886
1828 529 1443
1443 529 1828
529 1443 1828
1415 898 2759
898 1415 2759
2759 898 1415
1497 662 2677
2677 662 1497
662 1497 2677
2409 735 2740
2740 735 2409
735 2409 2740
83 1179 2272
1179 83 2272
2272 83 1179
155 2728 2848
2848 155 2728
2728 155 2848
1622 518 1429
1429 518 1622
518 1429 1622
1101 1376 2758
1376 1101 2758
2758 1101 1376
2429 294 657
657 294 2429
294 657 2429
396 1288 1812
1812 396 1288
1288 396 1812
964 78 576
576 78 964
78 576 964
1080 401 677
401 677 1080
677 401 1080
1749 756 1776
1776 756 1749
756 1749 1776
760 1586 2557
1586 760 2557
2557 760 1586
2678 685 1792
685 1792 2678
1792 685 2678
1503 1355 1600
1355 1503 1600
1600 1355 1503
1955 2021 2982
2021 1955 2982
2982 1955 2021
1673 962 2037
2037 962 1673
962 1673 2037
380 2498 2738
2498 380 2738
2738 380 2498
626 1647 2346
1647 626 2346
2346 626 1647
213 1125 2588
2588 213 1125
1125 213 2588
568 411 896
411 568 896
896 411 568
1191 1487 1951
1487 1191 1951
1951 1191 1487
1840 618 852
852 618 1840
618 852 1840
544 2055 2454
2454 544 2055
2055 544 2454
1871 403 2469
403 1871 2469
2469 403 1871
488 791 1262
791 488 1262
1262 488 791
1010 151 1978
1978 151 1010
151 1010 1978
2789 1644 1775
1644 1775 2789
1775 1644 2789
691 1970 2933
2933 691 1970
1970 691 2933
615 2082 2780
2082 615 2780
2780 615 2082
394 533 2843
533 394 2843
2843 394 533
1659 208 247
247 208 1659
208 247 1659
1164 853 2573
853 1164 2573
2573 853 1164
2169 1267 2994
2994 1267 2169
1267 2169 2994
205 109 1483
1483 109 205
109 205 1483
368 2171 2210
2171 368 2210
2210 368 2171
2505 2700 2936
2936 2505 2700
2700 2505 2936
877 97 224
224 97 877
97 224 877
2972 91 1528
1528 91 2972
91 1528 2972
551 566 817
566 551 817
817 551 566
1847 563 1860
563 1847 1860
1860 563 1847
2319 723 2888
2888 723 2319
723 2319 2888
2607 2294 2388
2294 2388 2607
2388 2294 2607
419 2984 2987
2987 419 2984
2984 419 2987
1941 612 1154
1154 612 1941
612 1154 1941
346 355 1510
355 346 1510
1510 346 355
1900 808 903
903 808 1900
808 903 1900
1889 402 2075
2075 402 1889
402 1889 2075
2355 717 2751
2751 717 2355
717 2355 2751
651 2572 2997
2572 651 2997
2997 651 2572
2506 215 1237
1237 215 2506
215 1237 2506
2423 1736 2767
1736 2423 2767
2767 1736 2423
2890 95 1822
95 1822 2890
1822 95 2890
1076 3 941
941 3 1076
3 941 1076
2121 2005 2383
2383 2005 2121
2005 2121 2383
1524 447 2393
447 1524 2393
2393 447 1524
1532 133 2756
2756 133 1532
133 1532 2756
1815 2644 2785
2785 1815 2644
2644 1815 2785
2144 915 2838
915 2144 2838
2838 915 2144
1026 1495 2185
1495 1026 2185
2185 1026 1495
2176 2119 2194
2119 2176 2194
2194 2119 2176
1218 2310 2835
2310 1218 2835
2835 1218 2310
1428 261 958
261 958 1428
958 261 1428
2128 370 1768
370 1768 2128
1768 370 2128
2103 578 1636
578 1636 2103
1636 578 2103
1906 928 1788
1788 928 1906
928 1788 1906
2536 1921 2105
2105 1921 2536
1921 2105 2536
2892 951 2109
2109 951 2892
951 2109 2892
465 1404 2974
2974 465 1404
1404 465 2974
2124 1200 1985
1200 1985 2124
1985 1200 2124
2297 1286 1732
1732 1286 2297
1286 1732 2297
203 515 969
515 203 969
969 203 515
2262 1472 2485
1472 2262 2485
2485 1472 2262
2650 408 2252
408 2252 2650
2252 408 2650
2805 1490 2525
2525 1490 2805
1490 2525 2805
2190 235 911
911 235 2190
235 911 2190
2110 1706 1740
1706 1740 2110
1740 1706 2110
1132 907 1331
907 1132 1331
1331 907 1132
1758 1573 2867
2867 1573 1758
1573 1758 2867
634 2045 2279
2045 634 2279
2279 634 2045
2815 254 2918
254 2815 2918
2918 254 2815
509 525 2134
525 509 2134
2134 509 525
1321 31 1550
1550 31 1321
31 1321 1550
2602 539 1478
539 1478 2602
1478 539 2602
1160 400 2905
400 1160 2905
2905 400 1160
1684 1704 2830
1704 1684 2830
2830 1684 1704
2331 1143 1737
1143 1737 2331
1737 1143 2331
1112 2606 2727
2727 1112 2606
2606 1112 2727
163 1733 2508
2508 163 1733
1733 163 2508
264 1240 2598
2598 264 1240
1240 264 2598
801 1932 2596
2596 801 1932
1932 801 2596
2166 1885 1930
1930 1885 2166
1885 1930 2166
1314 2436 2743
2436 1314 2743
2743 1314 2436
1734 450 1197
450 1197 1734
1197 450 1734
2180 63 836
836 63 2180
63 836 2180
2696 1146 2988
2988 1146 2696
1146 2696 2988
1454 922 1520
1520 922 1454
922 1454 1520
2836 1538 2481
2481 1538 2836
1538 2481 2836
816 623 2875
623 816 2875
2875 623 816
2466 1329 1670
1670 1329 2466
1329 1670 2466
1591 118 1366
1366 118 1591
118 1366 1591
2949 523 991
991 523 2949
523 991 2949
7 776 2909
776 7 2909
2909 7 776
635 173 1298
173 635 1298
1298 173 635
644 1547 2624
1547 644 2624
2624 644 1547
2853 2421 2638
2638 2421 2853
2421 2638 2853
1987 26 1066
26 1066 1987
1066 26 1987
1268 1719 2111
1719 1268 2111
2111 1268 1719
1989 108 580
108 580 1989
580 108 1989
652 422 1427
422 652 1427
1427 422 652
2370 1326 2950
1326 2370 2950
2950 1326 2370
1893 649 1578
1578 649 1893
649 1578 1893
1952 1446 2965
2965 1446 1952
1446 1952 2965
2228 105 594
594 105 2228
105 594 2228
2824 122 1742
1742 122 2824
122 1742 2824
895 2150 2265
2150 895 2265
2265 895 2150
497 183 828
183 497 828
828 183 497
1668 659 1563
659 1563 1668
1563 659 1668
1819 2098 2964
2964 1819 2098
2098 1819 2964
1071 107 304
304 107 1071
107 304 1071
843 2072 2384
2384 843 2072
2072 843 2384
2952 234 2531
2531 234 2952
234 2531 2952
983 925 1979
925 983 1979
1979 925 983
703 710 1858
1858 703 710
710 703 1858
1231 1352 1461
1461 1231 1352
1352 1231 1461
582 859 2561
859 582 2561
2561 582 859
2029 1743 2140
1743 2029 2140
2140 1743 2029
16 186 2947
186 16 2947
2947 16 186
2844 1193 2990
2990 1193 2844
1193 2844 2990
2387 486 2882
486 2387 2882
2882 486 2387
1316 728 1353
1353 728 1316
728 1316 1353
950 405 1383
405 950 1383
1383 405 950
2353 1641 2549
1641 2353 2549
2549 1641 2353
1188 1439 1519
1439 1188 1519
1519 1188 1439
1095 1044 2611
2611 1044 1095
1044 1095 2611
2484 963 1908
1908 963 2484
963 1908 2484
614 704 1477
1477 614 704
704 614 1477
350 931 1139
1139 350 931
931 350 1139
1069 719 772
719 772 1069
772 719 1069
746 1797 2208
2208 746 1797
1797 746 2208
292 2723 2747
2747 292 2723
2723 292 2747
1295 597 2884
597 1295 2884
2884 597 1295
39 241 668
241 39 668
668 39 241
1315 285 1926
285 1315 1926
1926 285 1315
1053 231 2462
2462 231 1053
231 1053 2462
2313 1050 1574
1050 1574 2313
1574 1050 2313
339 147 1875
147 339 1875
1875 147 339
1861 275 1727
1727 275 1861
275 1727 1861
479 1089 2920
1089 479 2920
2920 479 1089
2247 102 720
720 102 2247
102 720 2247
236 946 2325
946 236 2325
2325 236 946
327 288 1244
288 327 1244
1244 288 327
2928 1192 2146
2146 1192 2928
1192 2146 2928
389 1616 1724
1724 389 1616
1616 389 1724
216 98 463
98 216 463
463 98 216
2682 487 1004
487 1004 2682
1004 487 2682
1110 126 361
361 126 1110
126 361 1110
1675 624 2634
2634 624 1675
624 1675 2634
1243 1437 2293
2293 1243 1437
1437 1243 2293
207 307 2141
2141 207 307
307 207 2141
1070 912 2288
912 1070 2288
2288 912 1070
227 387 988
387 227 988
988 227 387
1511 166 879
879 166 1511
166 879 1511
2878 554 1805
1805 554 2878
554 1805 2878
345 448 1656
1656 345 448
448 345 1656
2402 676 1766
1766 676 2402
676 1766 2402
658 863 918
863 658 918
918 658 863
2674 1041 1500
1500 1041 2674
1041 1500 2674
2810 1666 2515
1666 2515 2810
2515 1666 2810
2779 20 2948
20 2779 2948
2948 20 2779
2500 669 2595
669 2500 2595
2595 669 2500
1199 673 1557
1557 673 1199
673 1199 1557
2058 1781 2684
1781 2058 2684
2684 1781 2058
520 1936 2969
2969 520 1936
1936 520 2969
739 1149 1620
1620 739 1149
1149 739 1620
2870 117 829
117 829 2870
829 117 2870
2679 308 2283
2283 308 2679
308 2283 2679
1254 959 2476
2476 959 1254
959 1254 2476
2601 1167 1592
1167 1592 2601
1592 1167 2601
2161 1529 2002
2002 1529 2161
1529 2002 2161
2064 113 593
113 593 2064
593 113 2064
2408 758 2585
758 2408 2585
2585 758 2408
1161 181 604
181 604 1161
604 181 1161
1436 18 1246
1246 18 1436
18 1246 1436
850 2349 2983
2983 850 2349
2349 850 2983
749 1606 2550
1606 749 2550
2550 749 1606
598 1264 2654
2654 598 1264
1264 598 2654
2565 802 2998
802 2565 2998
2998 802 2565
2955 1312 1995
1995 1312 2955
1312 1995 2955
2802 2131 2324
2131 2324 2802
2324 2131 2802
1305 47 906
906 47 1305
47 906 1305
1966 1082 2235
1082 1966 2235
2235 1082 1966
1048 994 2529
994 1048 2529
2529 994 1048
2031 1502 2725
1502 2031 2725
2725 1502 2031
1399 269 814
269 814 1399
814 269 1399
2306 2511 2712
2712 2306 2511
2511 2306 2712
2938 726 953
726 953 2938
953 726 2938
2456 656 1033
656 1033 2456
1033 656 2456
2034 298 616
298 616 2034
616 298 2034
325 1710 2318
1710 325 2318
2318 325 1710
1810 358 1580
358 1580 1810
1580 358 1810
2736 121 2195
121 2195 2736
2195 121 2736
1738 1423 2718
2718 1423 1738
1423 1738 2718
2017 1228 2792
2792 1228 2017
1228 2017 2792
1870 1642 2903
2903 1642 1870
1642 1870 2903
1603 1204 2227
1204 1603 2227
2227 1204 1603
2463 2440 2458
2458 2440 2463
2440 2458 2463
1998 225 252
225 252 1998
252 225 1998
2653 1425 2242
1425 2242 2653
2242 1425 2653
2487 1371 2341
1371 2341 2487
2341 1371 2487
1159 1248 2475
2475 1159 1248
1248 1159 2475
2927 417 1180
417 1180 2927
1180 417 2927
196 332 1849
1849 196 332
332 196 1849
1881 2339 2564
2564 1881 2339
2339 1881 2564
1514 2168 2302
2168 1514 2302
2302 1514 2168
1338 301 480
301 480 1338
480 301 1338
157 945 1530
1530 157 945
945 157 1530
2406 180 2904
2904 180 2406
180 2406 2904
2401 2732 2754
2732 2401 2754
2754 2401 2732
1853 383 2480
2480 383 1853
383 1853 2480
455 1043 1453
1043 455 1453
1453 455 1043
2594 77 2432
77 2432 2594
2432 77 2594
2396 599 904
599 904 2396
904 599 2396
2689 385 471
385 471 2689
471 385 2689
2351 2043 2431
2043 2351 2431
2431 2043 2351
2112 1302 2298
2298 1302 2112
1302 2112 2298
2414 530 2108
2108 530 2414
530 2108 2414
588 2107 2707
2107 588 2707
2707 588 2107
316 1345 2876
2876 316 1345
1345 316 2876
377 336 2188
2188 336 377
336 377 2188
1664 763 1999
1999 763 1664
763 1664 1999
1883 1039 1451
1039 1451 1883
1451 1039 1883
555 2028 2729
2729 555 2028
2028 555 2729
242 627 2609
2609 242 627
627 242 2609
1799 734 1537
734 1537 1799
1537 734 1799
141 1808 2069
1808 141 2069
2069 141 1808
1655 267 306
306 267 1655
267 306 1655
2434 695 2744
695 2434 2744
2744 695 2434
605 2078 2995
2995 605 2078
2078 605 2995
1241 1715 1731
1715 1241 1731
1731 1241 1715
1148 1170 1559
1170 1148 1559
1559 1148 1170
2054 286 698
286 698 2054
698 286 2054
2708 1065 2240
1065 2240 2708
2240 1065 2708
2091 265 935
935 265 2091
265 935 2091
1950 688 971
688 971 1950
971 688 1950
2854 319 729
729 319 2854
319 729 2854
2216 1138 1283
1138 1283 2216
1283 1138 2216
2787 129 2153
129 2153 2787
2153 129 2787
191 1229 2011
2011 191 1229
1229 191 2011
48 2027 2277
2277 48 2027
2027 48 2277
1772 1509 2680
2680 1509 1772
1509 1772 2680
2337 1686 1803
1686 1803 2337
1803 1686 2337
274 1313 1599
1599 274 1313
1313 274 1599
1531 1947 2775
2775 1531 1947
1947 1531 2775
961 1916 2897
2897 961 1916
1916 961 2897
1463 259 279
259 279 1463
279 259 1463
948 825 1049
1049 825 948
825 948 1049
1841 1541 2299
1541 1841 2299
2299 1541 1841
424 835 1755
1755 424 835
835 424 1755
1091 46 2851
46 1091 2851
2851 46 1091
1330 114 1202
114 1202 1330
1202 114 1330
1748 511 2204
2204 511 1748
511 1748 2204
1653 862 968
862 968 1653
968 862 1653
2359 485 2257
485 2257 2359
2257 485 2359
1891 2833 2943
2833 1891 2943
2943 1891 2833
365 1294 2117
1294 365 2117
2117 365 1294
689 2424 2908
2908 689 2424
2424 689 2908
1856 1545 2818
2818 1545 1856
1545 1856 2818
1393 1617 2120
2120 1393 1617
1617 1393 2120
2151 1918 2479
2479 1918 2151
1918 2151 2479
1052 472 2562
2562 472 1052
472 1052 2562
999 981 2753
2753 981 999
981 999 2753
1155 106 1227
1227 106 1155
106 1155 1227
1349 1221 2461
1221 1349 2461
2461 1221 1349
2157 1554 2522
2522 1554 2157
1554 2157 2522
2065 847 2200
847 2065 2200
2200 847 2065
271 412 2136
412 271 2136
2136 271 412
1051 761 2126
2126 761 1051
761 1051 2126
2502 683 2999
683 2502 2999
2999 683 2502
1982 861 1575
1575 861 1982
861 1575 1982
347 1018 1077
1018 347 1077
1077 347 1018
2555 876 2040
2040 876 2555
876 2040 2555
648 1821 2963
2963 648 1821
1821 648 2963
866 2292 2308
2292 866 2308
2308 866 2292
997 848 1692
1692 848 997
848 997 1692
2373 696 751
696 751 2373
751 696 2373
1430 359 663
663 359 1430
359 663 1430
628 1973 2080
1973 628 2080
2080 628 1973
1984 238 2509
2509 238 1984
238 1984 2509
321 214 2906
2906 214 321
214 321 2906
1826 1006 2764
2764 1006 1826
1006 1826 2764
2172 478 2804
2804 478 2172
478 2172 2804
1232 789 1626
789 1232 1626
1626 789 1232
266 1403 2453
2453 266 1403
1403 266 2453
856 282 1562
1562 282 856
282 856 1562
2871 766 2822
2822 766 2871
766 2822 2871
1379 1839 2953
1839 1379 2953
2953 1379 1839
2527 672 1898
1898 672 2527
672 1898 2527
2939 1186 2066
1186 2066 2939
2066 1186 2939
883 1846 2538
1846 883 2538
2538 883 1846
1205 1729 2403
1729 1205 2403
2403 1205 1729
2243 1756 1827
1756 1827 2243
1827 1756 2243
2709 1093 1116
1116 1093 2709
1093 1116 2709
1938 477 2097
2097 477 1938
477 1938 2097
2410 1135 1794
1135 1794 2410
1794 1135 2410
1700 2018 2742
2018 1700 2742
2742 1700 2018
503 846 1601
1601 503 846
846 503 1601
2024 2438 2814
2814 2024 2438
2438 2024 2814
790 43 2221
2221 43 790
43 790 2221
1553 1780 2202
2202 1553 1780
1780 1553 2202
753 1589 2413
1589 753 2413
2413 753 1589
1708 857 975
975 857 1708
857 975 1708
1034 1515 2788
2788 1034 1515
1515 1034 2788
2448 273 553
273 553 2448
553 273 2448
1567 2193 2991
2193 1567 2991
2991 1567 2193
2076 444 812
444 812 2076
812 444 2076
92 1290 2067
2067 92 1290
1290 92 2067
737 872 1560
872 737 1560
1560 737 872
1796 75 491
491 75 1796
75 491 1796
2183 237 2347
2347 237 2183
237 2183 2347
510 61 2086
2086 61 510
61 510 2086
348 443 1693
443 348 1693
1693 348 443
343 1838 2510
1838 343 2510
2510 343 1838
1874 1833 2417
1833 1874 2417
2417 1833 1874
226 1339 2551
1339 226 2551
2551 226 1339
352 1333 2517
1333 352 2517
2517 352 1333
1637 1028 2840
1028 1637 2840
2840 1028 1637
827 620 940
620 827 940
940 620 827
382 632 2483
632 382 2483
2483 382 632
420 2009 2050
2009 420 2050
2050 420 2009
873 504 1078
504 873 1078
1078 504 873
1359 1133 2038
2038 1133 1359
1133 1359 2038
2958 1402 2839
2839 1402 2958
1402 2839 2958
519 2174 2526
2526 519 2174
2174 519 2526
2057 12 222
222 12 2057
12 222 2057
1009 338 1373
338 1009 1373
1373 338 1009
2348 481 1785
1785 481 2348
481 1785 2348
1447 458 2944
458 1447 2944
2944 458 1447
243 232 2047
2047 232 243
232 243 2047
2587 2394 2889
2889 2394 2587
2394 2587 2889
1347 1816 1837
1816 1347 1837
1837 1347 1816
415 1220 1452
1220 415 1452
1452 415 1220
51 611 878
878 51 611
611 51 878
2976 278 2733
278 2733 2976
2733 278 2976
655 127 1114
127 655 1114
1114 127 655
502 936 1624
1624 502 936
936 502 1624
888 1092 1561
1561 888 1092
1092 888 1561
2177 586 780
780 586 2177
586 780 2177
1263 413 833
833 413 1263
413 833 1263
64 2042 2472
2042 64 2472
2472 64 2042
2377 919 2850
2850 919 2377
919 2377 2850
79 2426 2516
2516 79 2426
2426 79 2516
330 2032 2961
2032 330 2961
2961 330 2032
754 1222 1556
1222 754 1556
1556 754 1222
2656 1214 2160
2160 1214 2656
1214 2160 2656
1414 1020 2633
1020 1414 2633
2633 1020 1414
337 674 2841
674 337 2841
2841 337 674
1432 769 1203
1203 769 1432
769 1203 1432
1798 942 1813
1813 942 1798
942 1798 1813
1937 219 1040
1040 219 1937
219 1040 1937
1953 990 1385
1385 990 1953
990 1385 1953
2116 1258 1370
1370 1258 2116
1258 1370 2116
841 947 1465
947 841 1465
1465 841 947
2523 1549 1754
1549 1754 2523
1754 1549 2523
2211 601 666
601 666 2211
666 601 2211
1014 2280 2730
2280 1014 2730
2730 1014 2280
283 2142 2772
2142 283 2772
2772 283 2142
2314 543 1408
1408 543 2314
543 1408 2314
1293 1098 2315
1098 1293 2315
2315 1098 1293
1757 1380 2258
1380 1757 2258
2258 1380 1757
1083 647 1169
647 1083 1169
1169 647 1083
2419 342 1971
1971 342 2419
342 1971 2419
2694 1147 1894
1147 1894 2694
1894 1147 2694
1811 1867 2344
2344 1811 1867
1867 1811 2344
391 2263 2750
2750 391 2263
2263 391 2750
2422 1499 2025
1499 2025 2422
2025 1499 2422
1416 470 1730
1730 470 1416
470 1416 1730
2365 2392 2690
2690 2365 2392
2392 2365 2690
2079 2615 2675
2675 2079 2615
2615 2079 2675
1876 1877 2673
2673 1876 1877
1877 1876 2673
2030 617 2496
2496 617 2030
617 2030 2496
2717 556 664
664 556 2717
556 664 2717
715 610 1694
610 715 1694
1694 610 715
639 60 2213
2213 60 639
60 639 2213
2593 1224 1976
1224 1976 2593
1976 1224 2593
757 1698 1948
1948 757 1698
1698 757 1948
2187 2435 2584
2584 2187 2435
2435 2187 2584
2722 1336 1369
1369 1336 2722
1336 1369 2722
2439 1498 1884
1884 1498 2439
1498 1884 2439
732 1002 1279
1002 732 1279
1279 732 1002
2989 2332 2914
2914 2332 2989
2332 2914 2989
2693 1375 2217
1375 2217 2693
2217 1375 2693
2807 1327 2491
1327 2491 2807
2491 1327 2807
101 839 1711
839 101 1711
1711 101 839
53 984 2335
2335 53 984
984 53 2335
798 1064 1219
1219 798 1064
1064 798 1219
608 139 764
764 139 608
139 608 764
431 989 2697
2697 431 989
989 431 2697
1669 1895 2093
1895 1669 2093
2093 1669 1895
1570 1682 2270
1682 1570 2270
2270 1570 1682
228 917 2385
2385 228 917
917 228 2385
1760 777 830
830 777 1760
777 830 1760
1177 2553 2664
2553 1177 2664
2664 1177 2553
2329 2209 2809
2209 2329 2809
2809 2209 2329
140 2816 2966
2966 140 2816
2816 140 2966
800 2334 2683
2334 800 2683
2683 800 2334
182 1156 1576
1156 182 1576
1576 182 1156
1479 581 868
581 868 1479
868 581 1479
2477 2251 2275
2275 2251 2477
2251 2275 2477
1270 132 609
609 132 1270
132 609 1270
2305 464 2701
2701 464 2305
464 2305 2701
2665 762 2778
762 2665 2778
2778 762 2665
1144 1123 1396
1123 1144 1396
1396 1123 1144
2181 992 2967
992 2181 2967
2967 992 2181
1358 272 822
822 272 1358
272 822 1358
1994 483 795
795 483 1994
483 795 1994
871 881 2425
2425 871 881
881 871 2425
706 682 1572
1572 682 706
682 706 1572
2845 409 2860
2860 409 2845
409 2845 2860
1025 1934 2070
1934 1025 2070
2070 1025 1934
1880 1058 1493
1058 1493 1880
1493 1058 1880
328 1301 1925
1925 328 1301
1301 328 1925
1401 1750 2428
2428 1401 1750
1750 1401 2428
25 1551 2099
2099 25 1551
1551 25 2099
1943 565 1208
565 1208 1943
1208 565 1943
1212 1201 1914
1914 1201 1212
1201 1212 1914
864 1259 1480
1480 864 1259
1259 864 1480
482 9 1297
1297 9 482
9 482 1297
1422 1320 2842
1320 1422 2842
2842 1320 1422
55 923 1325
1325 55 923
923 55 1325
2311 1372 2902
1372 2311 2902
2902 1372 2311
2604 158 2085
2085 158 2604
158 2085 2604
2831 538 2203
538 2203 2831
2203 538 2831
2104 189 2979
189 2104 2979
2979 189 2104
1045 1362 1954
1954 1045 1362
1362 1045 1954
2350 131 2478
131 2350 2478
2478 131 2350
1945 1296 1744
1296 1744 1945
1744 1296 1945
2777 1037 1456
1037 1456 2777
1456 1037 2777
1322 1 1761
1 1322 1761
1761 1 1322
2554 1455 2617
1455 2554 2617
2617 1455 2554
344 2863 2865
2863 344 2865
2865 344 2863
840 1854 2761
2761 840 1854
1854 840 2761
1657 792 1946
792 1657 1946
1946 792 1657
1178 57 2898
57 1178 2898
2898 57 1178
34 1118 2537
1118 34 2537
2537 34 1118
5 1643 2464
1643 5 2464
2464 5 1643
2699 440 1555
440 1555 2699
1555 440 2699
1614 407 1956
407 1614 1956
1956 407 1614
1344 2022 2672
2022 1344 2672
2672 1344 2022
1134 1023 1269
1023 1134 1269
1269 1023 1134
2808 116 2201
116 2201 2808
2201 116 2808
1300 2543 2660
2660 1300 2543
2543 1300 2660
1735 2524 2960
2524 1735 2960
2960 1735 2524
2880 1845 2253
2253 1845 2880
1845 2253 2880
1176 289 1394
289 1176 1394
1394 289 1176
1060 755 2992
2992 755 1060
755 1060 2992
416 908 2106
2106 416 908
908 416 2106
1107 890 2575
890 1107 2575
2575 890 1107
2570 13 1129
13 1129 2570
1129 13 2570
2765 1767 1899
1767 1899 2765
1899 1767 2765
901 1319 2182
1319 901 2182
2182 901 1319
889 167 770
167 770 889
770 167 889
2199 1085 2591
1085 2199 2591
2591 1085 2199
926 27 1859
1859 27 926
27 926 1859
1470 1975 2734
2734 1470 1975
1975 1470 2734
541 2129 2627
2129 541 2627
2627 541 2129
1915 318 2167
318 1915 2167
2167 318 1915
475 19 1691
1691 19 475
19 475 1691
1158 1672 2811
1672 1158 2811
2811 1158 1672
2267 517 1868
1868 517 2267
517 1868 2267
2646 244 1253
244 1253 2646
1253 244 2646
2713 217 771
771 217 2713
217 771 2713
819 786 1068
786 819 1068
1068 786 819
1753 807 944
944 807 1753
807 944 1753
229 1207 1468
1207 229 1468
1468 229 1207
993 2400 2641
2641 993 2400
2400 993 2641
1106 600 2642
600 1106 2642
2642 600 1106
2399 687 813
687 813 2399
813 687 2399
2361 1593 1609
1609 1593 2361
1593 1609 2361
1621 545 1546
1546 545 1621
545 1546 1621
2899 506 1677
506 1677 2899
1677 506 2899
2932 740 2148
740 2148 2932
2148 740 2932
692 1136 1462
1462 692 1136
1136 692 1462
1654 1022 1722
1722 1022 1654
1022 1654 1722
456 1361 2737
1361 456 2737
2737 456 1361
849 255 2061
255 849 2061
2061 255 849
2386 1579 1931
1579 1931 2386
1931 1579 2386
1398 260 2077
260 1398 2077
2077 260 1398
2819 376 2320
376 2320 2819
2320 376 2819
2849 806 2488
806 2488 2849
2488 806 2849
1640 845 2250
2250 845 1640
845 1640 2250
1365 1304 2170
1304 1365 2170
2170 1304 1365
2782 1690 1726
1726 1690 2782
1690 1726 2782
1625 388 1649
1649 388 1625
388 1625 1649
1728 423 671
423 671 1728
671 423 1728
1751 23 2586
23 1751 2586
2586 23 1751
2089 680 2446
680 2089 2446
2446 680 2089
1939 552 851
552 851 1939
851 552 1939
557 1869 2087
2087 557 1869
1869 557 2087
1388 1786 2375
1786 1388 2375
2375 1388 1786
1328 333 1386
333 1328 1386
1386 333 1328
826 199 1865
1865 199 826
199 826 1865
1746 437 454
454 437 1746
437 454 1746
2934 1008 2864
2864 1008 2934
1008 2864 2934
1438 1030 1814
1814 1030 1438
1030 1438 1814
700 670 705
705 670 700
670 700 705
2784 340 1015
340 1015 2784
1015 340 2784
2923 206 2465
2465 206 2923
206 2465 2923
2985 1902 1957
1902 1957 2985
1957 1902 2985
2212 161 2256
2256 161 2212
161 2212 2256
2735 2336 2503
2503 2336 2735
2336 2503 2735
621 1830 1917
1917 621 1830
1830 621 1917
204 145 1857
1857 145 204
145 204 1857
441 718 1909
1909 441 718
718 441 1909
1774 1681 1790
1790 1681 1774
1681 1774 1790
837 1130 2447
2447 837 1130
1130 837 2447
2074 2405 2676
2676 2074 2405
2405 2074 2676
2154 2655 2930
2655 2154 2930
2930 2154 2655
2749 1055 2049
2049 1055 2749
1055 2049 2749
1441 2493 2739
2493 1441 2739
2739 1441 2493
2547 240 675
675 240 2547
240 675 2547
2039 1003 2132
2132 1003 2039
1003 2039 2132
804 1407 1491
1491 804 1407
1407 804 1491
2846 1211 2006
1211 2006 2846
2006 1211 2846
1665 220 1800
1800 220 1665
220 1665 1800
371 135 2926
2926 135 371
135 371 2926
905 810 2088
2088 810 905
810 905 2088
1260 89 573
573 89 1260
89 573 1260
1835 622 1145
1145 622 1835
622 1145 1835
1387 432 1421
1421 432 1387
432 1387 1421
731 1536 2459
1536 731 2459
2459 731 1536
2389 590 681
681 590 2389
590 681 2389
489 1309 2234
1309 489 2234
2234 489 1309
2726 537 2094
2094 537 2726
537 2094 2726
1057 375 1335
1335 375 1057
375 1057 1335
2762 398 2868
398 2762 2868
2868 398 2762
1807 585 2033
2033 585 1807
585 1807 2033
2719 1113 1448
1448 1113 2719
1113 1448 2719
637 2186 2532
2532 637 2186
2186 637 2532
1713 892 2415
2415 892 1713
892 1713 2415
796 1485 2866
1485 796 2866
2866 796 1485
2576 69 1652
1652 69 2576
69 1652 2576
998 323 1942
1942 323 998
323 998 1942
1525 1922 2691
1922 1525 2691
2691 1525 1922
690 972 2259
972 690 2259
2259 690 972
2114 353 1238
1238 353 2114
353 1238 2114
858 1618 1949
1618 858 1949
1949 858 1618
2304 58 1444
1444 58 2304
58 1444 2304
2826 1431 2981
1431 2826 2981
2981 1431 2826
679 1198 1307
1307 679 1198
1198 679 1307
996 1678 2671
2671 996 1678
1678 996 2671
1907 640 1460
640 1460 1907
1460 640 1907
1489 1381 1594
1594 1381 1489
1381 1489 1594
1544 1122 2096
2096 1122 1544
1122 1544 2096
2534 397 2467
2467 397 2534
397 2467 2534
2101 1121 1587
1121 1587 2101
1587 1121 2101
2378 188 2757
188 2378 2757
2757 188 2378
2013 1721 2714
2714 1721 2013
1721 2013 2714
730 2046 2296
2046 730 2296
2296 730 2046
2600 392 774
392 774 2600
774 392 2600
2147 1035 2427
2427 1035 2147
1035 2147 2427
1417 2123 2688
2123 1417 2688
2688 1417 2123
1923 987 1940
1940 987 1923
987 1923 1940
2658 1094 1527
1527 1094 2658
1094 1527 2658
750 2014 2776
2014 750 2776
2776 750 2014
469 567 2322
2322 469 567
567 469 2322
1195 144 2619
2619 144 1195
144 1195 2619
2857 1334 2597
1334 2597 2857
2597 1334 2857
2504 540 1348
540 1348 2504
1348 540 2504
2820 103 1651
1651 103 2820
103 1651 2820
1997 399 709
709 399 1997
399 709 1997
356 172 2893
172 356 2893
2893 172 356
239 1419 2856
1419 239 2856
2856 239 1419
379 1234 2971
1234 379 2971
2971 379 1234
501 80 2925
80 501 2925
2925 80 501
2000 2184 2444
2444 2000 2184
2184 2000 2444
74 143 831
143 74 831
831 74 143
2460 37 722
37 722 2460
722 37 2460
1350 366 3000
366 1350 3000
3000 366 1350
1851 867 1679
867 1679 1851
1679 867 1851
697 438 2592
438 697 2592
2592 438 697
2649 82 2266
2266 82 2649
82 2266 2649
1843 499 2916
499 1843 2916
2916 499 1843
1029 164 2452
164 1029 2452
2452 164 1029
1504 713 2130
2130 713 1504
713 1504 2130
521 218 995
218 521 995
995 218 521
583 29 1494
29 583 1494
1494 29 583
1983 736 1406
736 1406 1983
1406 736 1983
76 606 1157
606 76 1157
1157 76 606
570 1061 1163
1163 570 1061
1061 570 1163
22 1152 1791
1791 22 1152
1152 22 1791
1699 1434 2356
2356 1434 1699
1434 1699 2356
1676 1804 2312
1804 1676 2312
2312 1676 1804
2470 741 2977
741 2470 2977
2977 741 2470
893 498 1282
498 893 1282
1282 498 893
1162 1073 2450
1073 1162 2450
2450 1073 1162
1142 1032 1558
1032 1142 1558
1558 1032 1142
2162 591 1964
591 1964 2162
1964 591 2162
2559 522 1271
522 1271 2559
1271 522 2559
1046 2083 2164
2164 1046 2083
2083 1046 2164
442 900 1235
900 442 1235
1235 442 900
1481 1701 1752
1752 1481 1701
1701 1481 1752
733 1958 2342
2342 733 1958
1958 733 2342
782 1566 1928
1928 782 1566
1566 782 1928
1864 211 1108
211 1108 1864
1108 211 1864
980 169 2636
169 980 2636
2636 169 980
159 1411 1855
1411 159 1855
1855 159 1411
2019 602 1021
602 1021 2019
1021 602 2019
2254 986 1533
1533 986 2254
986 1533 2254
125 96 2613
2613 96 125
96 125 2613
1166 194 2003
194 1166 2003
2003 194 1166
1257 362 1866
1866 362 1257
362 1257 1866
300 154 2852
2852 154 300
154 300 2852
823 547 2214
547 823 2214
2214 547 823
2956 90 1716
90 1716 2956
1716 90 2956
1965 884 1696
884 1696 1965
1696 884 1965
2127 1341 2996
2996 1341 2127
1341 2127 2996
2548 1126 1223
1223 1126 2548
1126 1223 2548
2081 256 1168
1168 256 2081
256 1168 2081
1115 957 2692
957 1115 2692
2692 957 1115
257 329 2668
329 257 2668
2668 257 329
2191 799 1703
799 1703 2191
1703 799 2191
2651 1062 2746
1062 2651 2746
2746 1062 2651
1604 607 1526
1526 607 1604
