21717 4819 11566
4819 11566 21717
11566 4819 21717
19736 26518 28391
26518 19736 28391
28391 19736 26518
7098 17207 24679
17207 7098 24679
24679 7098 17207
22862 5947 25305
5947 22862 25305
25305 5947 22862
2908 21640 29834
29834 2908 21640
21640 2908 29834
19363 5894 21453
21453 5894 19363
5894 19363 21453
4589 13251 23654
13251 4589 23654
23654 4589 13251
21262 9727 27288
9727 21262 27288
27288 9727 21262
13130 28782 29604
29604 13130 28782
28782 13130 29604
12355 15061 21226
21226 12355 15061
15061 12355 21226
22217 6336 14977
6336 14977 22217
14977 6336 22217
5240 23281 27567
23281 5240 27567
27567 5240 23281
20464 3373 27815
3373 20464 27815
27815 3373 20464
19219 13381 17719
13381 17719 19219
17719 13381 19219
19435 5045 17139
17139 5045 19435
5045 17139 19435
22767 14071 25999
14071 22767 25999
25999 14071 22767
10038 5843 5847
5843 5847 10038
5847 5843 10038
25182 8022 15565
15565 8022 25182
8022 15565 25182
23916 11766 23063
23063 11766 23916
11766 23063 23916
1780 5032 11376
5032 1780 11376
11376 1780 5032
17584 4388 9378
4388 9378 17584
9378 4388 17584
18484 5772 6907
5772 6907 18484
6907 5772 18484
13477 10301 23247
23247 10301 13477
10301 13477 23247
28839 2103 20209
20209 2103 28839
2103 20209 28839
13884 9779 13921
9779 13884 13921
13921 9779 13884
14669 811 10054
811 10054 14669
10054 811 14669
18241 127 27994
127 18241 27994
27994 127 18241
1246 6271 23504
6271 1246 23504
23504 1246 6271
28742 9723 18210
18210 9723 28742
9723 18210 28742
6370 7081 21920
7081 6370 21920
21920 6370 7081
26531 816 2994
816 2994 26531
2994 816 26531
22648 13032 20563
20563 13032 22648
13032 20563 22648
14629 12201 26983
26983 12201 14629
12201 14629 26983
6339 13493 23482
13493 6339 23482
23482 6339 13493
24980 24774 28001
28001 24774 24980
24774 24980 28001
2217 6516 10241
6516 2217 10241
10241 2217 6516
22170 1074 25501
25501 1074 22170
1074 22170 25501
6691 18990 21591
21591 6691 18990
18990 6691 21591
26314 11869 24698
11869 24698 26314
24698 11869 26314
12156 12906 25367
12906 12156 25367
25367 12156 12906
8241 1645 9982
1645 8241 9982
9982 1645 8241
5842 4112 29787
29787 4112 5842
4112 5842 29787
26294 1412 6107
1412 6107 26294
6107 1412 26294
19693 9836 13148
13148 9836 19693
9836 13148 19693
4969 244 5389
5389 244 4969
244 4969 5389
28770 19416 24020
19416 24020 28770
24020 19416 28770
28697 9857 20468
20468 9857 28697
9857 20468 28697
24143 9132 16965
16965 9132 24143
9132 16965 24143
23164 76 27776
76 23164 27776
27776 76 23164
10712 28156 29331
29331 10712 28156
28156 10712 29331
931 3193 16973
3193 931 16973
16973 931 3193
9963 8695 21888
8695 9963 21888
21888 8695 9963
1161 1728 7343
1728 1161 7343
7343 1161 1728
19775 19686 28595
28595 19686 19775
19686 19775 28595
21892 28316 29414
28316 21892 29414
29414 21892 28316
17801 1950 5967
1950 5967 17801
5967 1950 17801
16126 21383 23134
23134 16126 21383
21383 16126 23134
20264 10378 11222
11222 10378 20264
10378 11222 20264
14338 1870 24137
1870 14338 24137
24137 1870 14338
28944 11206 29238
29238 11206 28944
11206 28944 29238
28780 16086 19278
19278 16086 28780
16086 19278 28780
12805 27958 28381
28381 12805 27958
27958 12805 28381
20289 8667 17315
8667 17315 20289
17315 8667 20289
7797 630 2794
2794 630 7797
630 2794 7797
18110 5033 19539
19539 5033 18110
5033 18110 19539
21953 13131 27370
27370 13131 21953
13131 21953 27370
12678 2885 3329
2885 3329 12678
3329 2885 12678
24171 17608 18704
18704 17608 24171
17608 18704 24171
18045 1465 14967
14967 1465 18045
1465 14967 18045
14009 9606 27899
27899 9606 14009
9606 14009 27899
8573 3887 4159
4159 3887 8573
3887 4159 8573
6843 7853 10224
10224 6843 7853
7853 6843 10224
1484 62 10489
10489 62 1484
62 1484 10489
23685 16772 24954
24954 16772 23685
16772 23685 24954
5227 10896 24694
24694 5227 10896
10896 5227 24694
29766 15153 23238
23238 15153 29766
15153 23238 29766
23907 12723 18288
18288 12723 23907
12723 18288 23907
22769 468 23249
23249 468 22769
468 22769 23249
8322 17467 28108
17467 8322 28108
28108 8322 17467
17061 24634 24711
24634 17061 24711
24711 17061 24634
20432 5908 25772
5908 20432 25772
25772 5908 20432
18774 17776 18401
17776 18401 18774
18401 17776 18774
17989 6717 29035
29035 6717 17989
6717 17989 29035
10903 1242 17600
17600 1242 10903
1242 10903 17600
799 22991 28400
22991 799 28400
28400 799 22991
5225 6869 19701
19701 5225 6869
6869 5225 19701
15681 6159 12230
6159 12230 15681
12230 6159 15681
7954 22483 26342
26342 7954 22483
22483 7954 26342
26205 19107 19190
19107 19190 26205
19190 19107 26205
9663 10585 24654
24654 9663 10585
10585 9663 24654
14912 86 28502
28502 86 14912
86 14912 28502
6196 1922 18752
1922 6196 18752
18752 1922 6196
27977 747 25612
747 25612 27977
25612 747 27977
24346 3528 29111
29111 3528 24346
3528 24346 29111
20955 8043 19392
8043 19392 20955
19392 8043 20955
24624 14859 27015
27015 14859 24624
14859 24624 27015
2153 7705 14359
7705 2153 14359
14359 2153 7705
4505 21887 24946
24946 4505 21887
21887 4505 24946
20572 9138 12860
9138 12860 20572
12860 9138 20572
3938 14635 20273
20273 3938 14635
14635 3938 20273
11081 13296 28772
28772 11081 13296
13296 11081 28772
26346 3166 13485
3166 13485 26346
13485 3166 26346
12075 1940 29126
1940 12075 29126
29126 1940 12075
6765 211 14846
211 6765 14846
14846 211 6765
11847 9507 19950
19950 9507 11847
9507 11847 19950
8714 6938 9238
9238 6938 8714
6938 8714 9238
22553 9613 13252
13252 9613 22553
9613 13252 22553
11000 27398 28349
27398 11000 28349
28349 11000 27398
24684 10895 12986
10895 12986 24684
12986 10895 24684
14548 10668 22725
22725 10668 14548
10668 14548 22725
17971 15243 18417
15243 17971 18417
18417 15243 17971
7070 13258 23017
13258 7070 23017
23017 7070 13258
4213 12673 20988
12673 4213 20988
20988 4213 12673
8725 15213 20476
15213 8725 20476
20476 8725 15213
12972 12589 28266
28266 12589 12972
12589 12972 28266
21839 4214 8089
8089 4214 21839
4214 8089 21839
8626 10505 13429
13429 8626 10505
10505 8626 13429
15944 17149 27154
27154 15944 17149
17149 15944 27154
3518 70 23709
23709 70 3518
70 3518 23709
645 20575 20595
20575 645 20595
20595 645 20575
17537 5296 8267
5296 8267 17537
8267 5296 17537
26277 7739 9895
7739 9895 26277
9895 7739 26277
1564 1050 1337
1050 1337 1564
1337 1050 1564
19379 13494 23079
23079 13494 19379
13494 19379 23079
27442 5991 27522
5991 27442 27522
27522 5991 27442
26956 2680 18745
2680 18745 26956
18745 2680 26956
10260 20423 20817
20423 10260 20817
20817 10260 20423
28846 1800 14028
14028 1800 28846
1800 14028 28846
16899 4973 5662
5662 4973 16899
4973 5662 16899
14605 8409 9575
9575 8409 14605
8409 9575 14605
11211 14803 29905
29905 11211 14803
14803 11211 29905
8210 14624 17043
17043 8210 14624
14624 8210 17043
24219 4333 5488
4333 5488 24219
5488 4333 24219
7130 20416 26071
26071 7130 20416
20416 7130 26071
15055 16682 18797
18797 15055 16682
16682 15055 18797
28231 8390 23677
23677 8390 28231
8390 23677 28231
21255 11698 26528
11698 21255 26528
26528 11698 21255
17444 14841 28752
28752 14841 17444
14841 17444 28752
9353 1455 25842
1455 9353 25842
25842 1455 9353
9457 3815 24520
24520 3815 9457
3815 9457 24520
20763 9233 26875
9233 20763 26875
26875 9233 20763
9195 24358 25266
24358 9195 25266
25266 9195 24358
29566 2857 17017
17017 2857 29566
2857 17017 29566
24673 1239 24670
1239 24670 24673
24670 1239 24673
12620 2393 3584
2393 3584 12620
3584 2393 12620
4975 8858 21762
21762 4975 8858
8858 4975 21762
19440 5086 6266
6266 5086 19440
5086 6266 19440
18293 9036 12909
9036 12909 18293
12909 9036 18293
17290 4316 7845
7845 4316 17290
4316 7845 17290
27671 3585 9760
3585 9760 27671
9760 3585 27671
7745 9154 29974
9154 7745 29974
29974 7745 9154
3322 10539 16979
10539 3322 16979
16979 3322 10539
24018 6504 19618
6504 19618 24018
19618 6504 24018
1064 8683 17542
8683 1064 17542
17542 1064 8683
18099 389 10256
389 10256 18099
10256 389 18099
7504 20803 21436
21436 7504 20803
20803 7504 21436
15502 10981 11386
10981 11386 15502
11386 10981 15502
23795 24306 25149
25149 23795 24306
24306 23795 25149
18700 4208 17919
4208 17919 18700
17919 4208 18700
28857 8360 8861
8360 8861 28857
8861 8360 28857
15596 19678 24907
19678 15596 24907
24907 15596 19678
6312 4537 23024
23024 4537 6312
4537 6312 23024
21336 637 20069
20069 637 21336
637 20069 21336
4171 15658 17841
17841 4171 15658
15658 4171 17841
6426 2064 15316
2064 6426 15316
15316 2064 6426
2747 15925 28513
28513 2747 15925
15925 2747 28513
607 160 22886
160 607 22886
22886 160 607
20104 19703 28832
28832 19703 20104
19703 20104 28832
12587 8826 25177
25177 8826 12587
8826 12587 25177
14829 774 2822
2822 774 14829
774 2822 14829
11336 17235 18262
17235 11336 18262
18262 11336 17235
4335 3070 21252
21252 3070 4335
3070 4335 21252
8755 4126 8747
4126 8747 8755
8747 4126 8755
21283 611 22813
22813 611 21283
611 21283 22813
16678 3908 15037
3908 15037 16678
15037 3908 16678
14202 600 2639
600 2639 14202
2639 600 14202
3432 10704 20824
10704 3432 20824
20824 3432 10704
1864 1906 16354
16354 1864 1906
1906 1864 16354
12425 4010 18111
4010 12425 18111
18111 4010 12425
25280 15442 17581
15442 17581 25280
17581 15442 25280
29500 19595 20970
20970 19595 29500
19595 20970 29500
23584 1039 18883
1039 18883 23584
18883 1039 23584
6953 12397 13351
12397 6953 13351
13351 6953 12397
24490 1237 12361
12361 1237 24490
1237 12361 24490
4271 13315 20940
13315 4271 20940
20940 4271 13315
27013 12205 16771
12205 16771 27013
16771 12205 27013
7148 10763 23349
10763 7148 23349
23349 7148 10763
8854 7377 26664
7377 8854 26664
26664 7377 8854
10087 4410 6908
4410 6908 10087
6908 4410 10087
29607 16123 16195
16123 16195 29607
16195 16123 29607
16424 613 14246
14246 613 16424
613 14246 16424
19832 6489 17745
17745 6489 19832
6489 17745 19832
401 13139 25265
13139 401 25265
25265 401 13139
19388 4087 21592
4087 19388 21592
21592 4087 19388
27420 15503 24886
15503 24886 27420
24886 15503 27420
17854 14494 19426
19426 14494 17854
14494 17854 19426
3240 8365 13000
13000 3240 8365
8365 3240 13000
17632 25239 29442
25239 17632 29442
29442 17632 25239
17934 14770 16898
16898 14770 17934
14770 16898 17934
14755 21032 23210
23210 14755 21032
21032 14755 23210
15522 7791 22459
7791 15522 22459
22459 7791 15522
23233 16574 19523
16574 19523 23233
19523 16574 23233
16027 3499 8408
8408 3499 16027
3499 8408 16027
16659 22359 26762
22359 16659 26762
26762 16659 22359
28053 3255 6417
6417 3255 28053
3255 6417 28053
27150 12973 20519
12973 20519 27150
20519 12973 27150
28268 5379 9362
9362 5379 28268
5379 9362 28268
1934 7509 15924
15924 1934 7509
7509 1934 15924
9694 26648 27887
26648 9694 27887
27887 9694 26648
25538 10843 21037
10843 21037 25538
21037 10843 25538
22394 12079 27073
12079 22394 27073
27073 12079 22394
9278 6097 17045
6097 9278 17045
17045 6097 9278
22443 3904 16692
3904 16692 22443
16692 3904 22443
10765 21949 23398
23398 10765 21949
21949 10765 23398
4889 17915 22855
17915 4889 22855
22855 4889 17915
12858 14499 19880
14499 12858 19880
19880 12858 14499
1860 5835 7241
7241 1860 5835
5835 1860 7241
5272 11071 23550
23550 5272 11071
11071 5272 23550
16077 16468 18667
16468 16077 18667
18667 16077 16468
7761 22982 25145
22982 7761 25145
25145 7761 22982
26744 14824 18107
18107 14824 26744
14824 18107 26744
23403 15361 29088
29088 15361 23403
15361 23403 29088
10857 6161 24741
6161 10857 24741
24741 6161 10857
8185 3871 10972
10972 3871 8185
3871 8185 10972
7429 1600 25849
25849 1600 7429
1600 7429 25849
24826 21830 23488
23488 21830 24826
21830 23488 24826
1339 20244 23458
23458 1339 20244
20244 1339 23458
626 9045 9501
9501 626 9045
9045 626 9501
23964 5341 25486
5341 23964 25486
25486 5341 23964
5019 4723 22446
4723 5019 22446
22446 4723 5019
28181 16382 25458
25458 16382 28181
16382 25458 28181
1606 13095 29197
29197 1606 13095
13095 1606 29197
24298 7155 17096
7155 17096 24298
17096 7155 24298
29208 14396 15218
15218 14396 29208
14396 15218 29208
2090 6088 16387
16387 2090 6088
6088 2090 16387
8839 8287 25566
25566 8287 8839
8287 8839 25566
16358 23288 23292
23292 16358 23288
23288 16358 23292
29886 19267 29983
19267 29886 29983
29983 19267 29886
14551 25325 27071
27071 14551 25325
25325 14551 27071
11308 19403 25172
19403 11308 25172
25172 11308 19403
26305 1327 12567
1327 12567 26305
12567 1327 26305
16940 24976 26323
24976 16940 26323
26323 16940 24976
27852 8478 11843
8478 11843 27852
11843 8478 27852
25657 11349 23121
23121 11349 25657
11349 23121 25657
19263 11282 25345
25345 11282 19263
11282 19263 25345
7263 2500 4864
2500 4864 7263
4864 2500 7263
6917 5066 7596
7596 5066 6917
5066 6917 7596
5846 22578 28922
28922 5846 22578
22578 5846 28922
15381 2531 6616
2531 6616 15381
6616 2531 15381
25127 1004 6552
1004 6552 25127
6552 1004 25127
24606 19865 24150
24150 19865 24606
19865 24150 24606
20592 7689 24282
7689 20592 24282
24282 7689 20592
961 14040 20495
14040 961 20495
20495 961 14040
18124 6594 14539
6594 14539 18124
14539 6594 18124
535 9436 28270
9436 535 28270
28270 535 9436
11551 17561 25256
17561 11551 25256
25256 11551 17561
4462 10214 23445
10214 4462 23445
23445 4462 10214
28305 2370 13542
13542 2370 28305
2370 13542 28305
15919 15984 19324
15984 15919 19324
19324 15919 15984
18009 4565 13996
13996 4565 18009
4565 13996 18009
5005 16196 21867
21867 5005 16196
16196 5005 21867
21425 14307 25862
14307 21425 25862
25862 14307 21425
20562 8997 20901
20901 8997 20562
8997 20562 20901
26826 998 19769
998 19769 26826
19769 998 26826
17831 9668 9904
9668 9904 17831
9904 9668 17831
18890 1716 15832
15832 1716 18890
1716 15832 18890
406 18726 23774
23774 406 18726
18726 406 23774
25708 10416 29033
10416 25708 29033
29033 10416 25708
17731 8835 29272
8835 17731 29272
29272 8835 17731
4905 17402 26173
17402 4905 26173
26173 4905 17402
8156 24104 27270
24104 8156 27270
27270 8156 24104
5375 3565 23255
23255 3565 5375
3565 5375 23255
10168 5779 16102
16102 5779 10168
5779 10168 16102
14939 25294 27585
27585 14939 25294
25294 14939 27585
14117 5027 17798
17798 5027 14117
5027 14117 17798
11490 12212 27263
12212 11490 27263
27263 11490 12212
14294 13551 24500
13551 14294 24500
24500 13551 14294
23335 552 22918
552 22918 23335
22918 552 23335
2471 3706 10133
10133 2471 3706
3706 2471 10133
11919 6877 18435
18435 6877 11919
6877 11919 18435
14022 11393 13955
11393 13955 14022
13955 11393 14022
16672 396 26758
396 16672 26758
26758 396 16672
12572 15412 15557
15557 12572 15412
15412 12572 15557
7372 8055 14437
8055 7372 14437
14437 7372 8055
10128 15173 26402
26402 10128 15173
15173 10128 26402
25387 4250 7695
7695 4250 25387
4250 7695 25387
28863 6799 15078
6799 15078 28863
15078 6799 28863
24357 394 1163
394 1163 24357
1163 394 24357
21070 20351 22231
22231 20351 21070
20351 21070 22231
2313 6379 20747
6379 2313 20747
20747 2313 6379
17496 913 15028
913 15028 17496
15028 913 17496
16523 8551 18651
18651 8551 16523
8551 16523 18651
14323 17783 20910
17783 14323 20910
20910 14323 17783
17396 24118 26193
26193 17396 24118
24118 17396 26193
7663 13154 29446
29446 7663 13154
13154 7663 29446
10007 5616 11759
5616 10007 11759
11759 5616 10007
21965 20755 21257
20755 21257 21965
21257 20755 21965
9307 566 11229
11229 566 9307
566 9307 11229
20313 102 14626
102 14626 20313
14626 102 20313
27166 2499 25144
25144 2499 27166
2499 25144 27166
27515 9270 21302
21302 9270 27515
9270 21302 27515
8426 7242 28929
28929 7242 8426
7242 8426 28929
6872 5649 19393
19393 5649 6872
5649 6872 19393
12279 14789 19511
19511 12279 14789
14789 12279 19511
1711 18308 18931
18308 1711 18931
18931 1711 18308
14749 13934 16632
16632 13934 14749
13934 14749 16632
2598 3949 6444
3949 2598 6444
6444 2598 3949
2907 17907 22735
22735 2907 17907
17907 2907 22735
8150 18065 18524
18065 8150 18524
18524 8150 18065
7071 2497 23623
2497 7071 23623
23623 2497 7071
10391 22223 28547
22223 10391 28547
28547 10391 22223
25300 22849 26926
22849 25300 26926
26926 22849 25300
1283 11976 21865
11976 1283 21865
21865 1283 11976
6137 21242 29029
21242 6137 29029
29029 6137 21242
20565 15330 21956
21956 15330 20565
15330 20565 21956
781 11069 28688
11069 781 28688
28688 781 11069
22910 6144 23548
6144 22910 23548
23548 6144 22910
19414 11362 22285
11362 19414 22285
22285 11362 19414
27858 21727 22208
21727 22208 27858
22208 21727 27858
13273 1851 5142
1851 5142 13273
5142 1851 13273
27253 5987 10655
10655 5987 27253
5987 10655 27253
23191 4015 17075
17075 4015 23191
4015 17075 23191
9012 3379 23170
23170 3379 9012
3379 9012 23170
6664 3617 7779
7779 3617 6664
3617 6664 7779
24496 12427 20517
12427 20517 24496
20517 12427 24496
7133 5698 10576
10576 5698 7133
5698 7133 10576
5583 1478 19091
19091 1478 5583
1478 5583 19091
4325 4883 20054
20054 4325 4883
4883 4325 20054
12960 942 2174
2174 942 12960
942 2174 12960
3590 3872 28193
3872 3590 28193
28193 3590 3872
4200 8599 13062
8599 4200 13062
13062 4200 8599
17975 6209 8638
6209 8638 17975
8638 6209 17975
10017 2934 5663
5663 2934 10017
2934 5663 10017
25268 6117 27245
27245 6117 25268
6117 25268 27245
20927 11622 24870
24870 11622 20927
11622 20927 24870
5343 4341 23694
4341 5343 23694
23694 4341 5343
15743 18555 24116
24116 15743 18555
18555 15743 24116
11895 23832 25762
25762 11895 23832
23832 11895 25762
11444 6833 21377
21377 6833 11444
6833 11444 21377
13521 10678 14150
10678 13521 14150
14150 10678 13521
4258 18687 23057
18687 4258 23057
23057 4258 18687
4309 4921 11903
11903 4309 4921
4921 4309 11903
26783 19938 20275
20275 19938 26783
19938 20275 26783
1529 804 27754
27754 804 1529
804 1529 27754
6237 3537 28786
3537 6237 28786
28786 3537 6237
29040 25581 29386
29386 25581 29040
25581 29040 29386
31 2086 7075
7075 31 2086
2086 31 7075
16488 9640 10413
9640 10413 16488
10413 9640 16488
5456 7616 23743
23743 5456 7616
7616 5456 23743
28408 7885 22301
22301 7885 28408
7885 22301 28408
10389 9745 12825
9745 10389 12825
12825 9745 10389
10520 14309 16508
16508 10520 14309
14309 10520 16508
21058 26320 27211
26320 21058 27211
27211 21058 26320
16440 5933 16580
16580 5933 16440
5933 16440 16580
7382 10302 23175
23175 7382 10302
10302 7382 23175
5799 14784 24865
14784 5799 24865
24865 5799 14784
10277 2481 29323
29323 2481 10277
2481 10277 29323
15222 6902 16093
6902 15222 16093
16093 6902 15222
2540 18599 28019
28019 2540 18599
18599 2540 28019
7495 11466 12129
12129 7495 11466
11466 7495 12129
1145 2940 8532
8532 1145 2940
2940 1145 8532
13613 16015 23014
16015 13613 23014
23014 13613 16015
21341 14592 17418
17418 14592 21341
14592 17418 21341
2852 10627 12292
12292 2852 10627
10627 2852 12292
25004 8476 10487
10487 8476 25004
8476 10487 25004
4117 2759 27012
27012 2759 4117
2759 4117 27012
10090 5789 20433
20433 5789 10090
5789 10090 20433
10129 353 27594
27594 353 10129
353 10129 27594
19792 6547 10832
6547 10832 19792
10832 6547 19792
29144 1173 8462
1173 8462 29144
8462 1173 29144
20729 8630 28145
28145 8630 20729
8630 20729 28145
7741 14788 29235
14788 7741 29235
29235 7741 14788
15918 10672 23221
10672 15918 23221
23221 10672 15918
2877 14995 23676
14995 2877 23676
23676 2877 14995
24550 16423 17085
17085 16423 24550
16423 17085 24550
17931 3691 23205
3691 17931 23205
23205 3691 17931
26345 903 3630
3630 903 26345
903 3630 26345
16593 24779 27996
24779 16593 27996
27996 16593 24779
5338 8884 19684
19684 5338 8884
8884 5338 19684
22161 7481 8834
7481 8834 22161
8834 7481 22161
5581 20922 27552
27552 5581 20922
20922 5581 27552
17092 13426 19145
19145 13426 17092
13426 17092 19145
7629 10574 10782
10782 7629 10574
10574 7629 10782
15558 8453 14992
14992 8453 15558
8453 14992 15558
28784 12404 23374
12404 23374 28784
23374 12404 28784
10265 17360 27427
17360 10265 27427
27427 10265 17360
26757 6851 7748
7748 6851 26757
6851 7748 26757
20045 3738 7124
3738 7124 20045
7124 3738 20045
18554 10682 16597
10682 16597 18554
16597 10682 18554
29846 16356 21724
21724 16356 29846
16356 21724 29846
19949 18235 19356
19356 18235 19949
18235 19356 19949
22192 412 10557
10557 412 22192
412 10557 22192
3345 10314 25032
25032 3345 10314
10314 3345 25032
13411 924 1724
1724 924 13411
924 1724 13411
11922 882 13705
882 11922 13705
13705 882 11922
3703 16736 20548
20548 3703 16736
16736 3703 20548
4375 15756 25169
25169 4375 15756
15756 4375 25169
14378 18953 23879
23879 14378 18953
18953 14378 23879
2503 4270 27121
27121 2503 4270
4270 2503 27121
23115 3866 7208
3866 7208 23115
7208 3866 23115
8977 895 17218
17218 895 8977
895 8977 17218
12827 9404 12721
12721 9404 12827
9404 12721 12827
9806 21440 21551
21440 9806 21551
21551 9806 21440
8442 13631 21111
21111 8442 13631
13631 8442 21111
29044 11107 16930
11107 16930 29044
16930 11107 29044
12888 17937 28984
28984 12888 17937
17937 12888 28984
2562 2055 16293
16293 2055 2562
2055 2562 16293
9333 11334 29571
11334 9333 29571
29571 9333 11334
7158 19427 20270
19427 7158 20270
20270 7158 19427
18299 3171 9580
3171 9580 18299
9580 3171 18299
2756 15323 25992
15323 2756 25992
25992 2756 15323
18823 6841 10285
6841 10285 18823
10285 6841 18823
9521 7019 23312
23312 7019 9521
7019 9521 23312
18731 9485 27412
9485 18731 27412
27412 9485 18731
27416 22931 28932
22931 27416 28932
28932 22931 27416
8335 3768 22745
3768 8335 22745
22745 3768 8335
24305 14213 16445
16445 14213 24305
14213 16445 24305
13358 4382 18615
18615 4382 13358
4382 13358 18615
15763 16579 26426
16579 15763 26426
26426 15763 16579
3429 5823 20127
20127 3429 5823
5823 3429 20127
29484 15287 16457
15287 16457 29484
16457 15287 29484
29583 10580 18871
18871 10580 29583
10580 18871 29583
17932 1037 21419
21419 1037 17932
1037 17932 21419
2138 2551 8991
2551 2138 8991
8991 2138 2551
6607 14659 29284
29284 6607 14659
14659 6607 29284
22685 12222 22059
12222 22059 22685
22059 12222 22685
9858 15629 28093
28093 9858 15629
15629 9858 28093
28881 20751 26862
26862 20751 28881
20751 26862 28881
21194 529 7149
7149 529 21194
529 7149 21194
9560 10102 12977
10102 9560 12977
12977 9560 10102
1233 1218 16156
1218 1233 16156
16156 1218 1233
4297 2603 21970
2603 4297 21970
21970 2603 4297
21199 2830 13612
2830 13612 21199
13612 2830 21199
850 19519 24539
19519 850 24539
24539 850 19519
28345 9924 11368
9924 11368 28345
11368 9924 28345
29959 4465 27144
4465 27144 29959
27144 4465 29959
13357 15477 15814
15814 13357 15477
15477 13357 15814
23479 13764 29541
13764 23479 29541
29541 13764 23479
5268 10470 21567
10470 5268 21567
21567 5268 10470
26632 315 1171
1171 315 26632
315 1171 26632
21872 9410 29862
29862 9410 21872
9410 21872 29862
12758 16975 22482
16975 12758 22482
22482 12758 16975
10385 16631 20652
20652 10385 16631
16631 10385 20652
12880 17129 29343
29343 12880 17129
17129 12880 29343
29770 13902 17611
17611 13902 29770
13902 17611 29770
10977 16475 22653
22653 10977 16475
16475 10977 22653
6972 19349 27937
27937 6972 19349
19349 6972 27937
24658 1700 5898
5898 1700 24658
1700 5898 24658
16327 8903 14010
8903 14010 16327
14010 8903 16327
27669 17120 21730
21730 17120 27669
17120 21730 27669
16085 11375 28906
11375 16085 28906
28906 11375 16085
24708 5968 11794
11794 5968 24708
5968 11794 24708
9454 14645 19873
19873 9454 14645
14645 9454 19873
14027 6548 28260
6548 14027 28260
28260 6548 14027
26726 1274 28905
28905 1274 26726
1274 26726 28905
21958 17640 21869
21869 17640 21958
17640 21869 21958
18050 10432 24433
10432 18050 24433
24433 10432 18050
25592 8070 17185
17185 8070 25592
8070 17185 25592
22672 23437 29038
29038 22672 23437
23437 22672 29038
12544 2701 8721
8721 2701 12544
2701 8721 12544
24223 6692 26597
6692 24223 26597
26597 6692 24223
27042 6817 12826
12826 6817 27042
6817 12826 27042
25447 12065 25459
12065 25447 25459
25459 12065 25447
19301 11096 11373
11096 11373 19301
11373 11096 19301
2010 75 25503
75 2010 25503
25503 75 2010
21133 3140 3668
3140 3668 21133
3668 3140 21133
22936 22014 29486
29486 22014 22936
22014 22936 29486
9010 423 8238
423 8238 9010
8238 423 9010
23843 6679 19022
19022 6679 23843
6679 19022 23843
19565 16925 23253
16925 19565 23253
23253 16925 19565
24174 23912 29957
23912 24174 29957
29957 23912 24174
19750 6155 12651
6155 12651 19750
12651 6155 19750
29368 11955 29707
29707 11955 29368
11955 29368 29707
2271 13152 24011
24011 2271 13152
13152 2271 24011
24551 11834 26161
11834 24551 26161
26161 11834 24551
14168 19115 28287
19115 14168 28287
28287 14168 19115
24125 15109 19325
19325 15109 24125
15109 19325 24125
13079 2100 29022
2100 13079 29022
29022 2100 13079
12657 1083 5644
1083 5644 12657
5644 1083 12657
8032 1180 23668
1180 8032 23668
23668 1180 8032
11735 10121 21979
21979 10121 11735
10121 11735 21979
14488 7108 24181
7108 14488 24181
24181 7108 14488
29510 23465 26878
26878 23465 29510
23465 26878 29510
27898 2051 11939
11939 2051 27898
2051 11939 27898
21333 18043 26051
26051 18043 21333
18043 21333 26051
27079 9737 23948
9737 23948 27079
23948 9737 27079
29572 14848 16592
16592 14848 29572
14848 16592 29572
8370 9660 19509
19509 8370 9660
9660 8370 19509
23883 142 26639
26639 142 23883
142 23883 26639
24526 1948 23022
23022 1948 24526
1948 23022 24526
9158 11270 13211
13211 9158 11270
11270 9158 13211
19037 16266 28104
28104 16266 19037
16266 19037 28104
1200 7100 21726
21726 1200 7100
7100 1200 21726
1249 8396 8445
8445 1249 8396
8396 1249 8445
29578 1021 10965
1021 10965 29578
10965 1021 29578
17466 9355 15163
15163 9355 17466
9355 15163 17466
11437 1203 2431
2431 1203 11437
1203 2431 11437
12784 2617 5651
5651 2617 12784
2617 5651 12784
12954 9069 29228
29228 9069 12954
9069 12954 29228
16578 2592 16701
2592 16578 16701
16701 2592 16578
1475 424 23626
23626 424 1475
424 1475 23626
20938 688 3237
688 3237 20938
3237 688 20938
148 12306 19802
19802 148 12306
12306 148 19802
12780 13263 24153
13263 12780 24153
24153 12780 13263
9306 122 15347
122 9306 15347
15347 122 9306
10970 10875 17956
17956 10875 10970
10875 10970 17956
6821 4359 4720
4720 4359 6821
4359 4720 6821
2277 1151 22012
1151 2277 22012
22012 1151 2277
2045 6569 20196
6569 2045 20196
20196 2045 6569
3200 4092 25784
25784 3200 4092
4092 3200 25784
13244 11932 19997
11932 13244 19997
19997 11932 13244
24759 263 663
663 263 24759
263 663 24759
25535 16715 24773
24773 16715 25535
16715 24773 25535
4392 13278 25878
25878 4392 13278
13278 4392 25878
21891 2154 17118
17118 2154 21891
2154 17118 21891
16961 8411 10546
10546 8411 16961
8411 10546 16961
28501 22090 24442
22090 24442 28501
24442 22090 28501
21917 10212 28637
28637 10212 21917
10212 21917 28637
29590 14993 22099
14993 22099 29590
22099 14993 29590
27441 9989 26408
9989 26408 27441
26408 9989 27441
17311 9274 25214
9274 17311 25214
25214 9274 17311
10492 13779 28715
28715 10492 13779
13779 10492 28715
11780 2046 9754
9754 2046 11780
2046 9754 11780
11930 20287 24799
24799 11930 20287
20287 11930 24799
3608 18776 20033
18776 3608 20033
20033 3608 18776
20619 6364 12593
6364 12593 20619
12593 6364 20619
14953 15098 16105
15098 14953 16105
16105 14953 15098
21483 7980 28107
28107 7980 21483
7980 21483 28107
2223 10234 14601
14601 2223 10234
10234 2223 14601
9322 29011 29582
29582 9322 29011
29011 9322 29582
1858 11072 17661
17661 1858 11072
11072 1858 17661
14490 9002 14819
9002 14490 14819
14819 9002 14490
17181 18946 21741
18946 17181 21741
21741 17181 18946
29562 4993 16419
4993 16419 29562
16419 4993 29562
14154 1830 21939
1830 14154 21939
21939 1830 14154
22782 17685 23502
17685 22782 23502
23502 17685 22782
2921 18611 23461
23461 2921 18611
18611 2921 23461
5187 14 25617
14 5187 25617
25617 14 5187
10731 9781 19576
19576 9781 10731
9781 10731 19576
28328 4568 12961
12961 4568 28328
4568 12961 28328
13656 7534 29999
7534 13656 29999
29999 7534 13656
9813 11507 18800
18800 9813 11507
11507 9813 18800
9936 12392 16115
12392 9936 16115
16115 9936 12392
1611 9553 24088
9553 1611 24088
24088 1611 9553
26730 10200 12737
12737 10200 26730
10200 12737 26730
15939 7553 17961
7553 15939 17961
17961 7553 15939
15713 18679 22998
18679 15713 22998
22998 15713 18679
4078 4970 9520
4970 4078 9520
9520 4078 4970
24706 10835 15168
15168 10835 24706
10835 15168 24706
26734 9797 25207
9797 25207 26734
25207 9797 26734
21520 4950 8096
4950 8096 21520
8096 4950 21520
3983 8141 11424
8141 3983 11424
11424 3983 8141
11193 13388 25930
13388 11193 25930
25930 11193 13388
10070 2129 3215
3215 2129 10070
2129 3215 10070
7833 9711 19676
19676 7833 9711
9711 7833 19676
25937 6905 27444
6905 25937 27444
27444 6905 25937
2507 5795 11862
11862 2507 5795
5795 2507 11862
9948 12504 19316
12504 9948 19316
19316 9948 12504
13048 4790 27194
27194 4790 13048
4790 13048 27194
5084 4347 16146
4347 5084 16146
16146 4347 5084
26343 316 7999
7999 316 26343
316 7999 26343
26551 8982 16731
16731 8982 26551
8982 16731 26551
11506 15966 16642
15966 11506 16642
16642 11506 15966
16012 10754 16414
16414 10754 16012
10754 16012 16414
23394 5973 16573
5973 16573 23394
16573 5973 23394
5458 12768 25641
25641 5458 12768
12768 5458 25641
29726 6933 16601
6933 16601 29726
16601 6933 29726
554 24200 24373
24200 554 24373
24373 554 24200
13724 4085 21575
4085 13724 21575
21575 4085 13724
8544 26733 27543
26733 8544 27543
27543 8544 26733
27016 6208 9400
9400 6208 27016
6208 9400 27016
26118 3417 5726
5726 3417 26118
3417 5726 26118
23518 22166 27436
27436 22166 23518
22166 23518 27436
28127 13188 27210
27210 13188 28127
13188 27210 28127
26278 10560 23771
10560 23771 26278
23771 10560 26278
12345 6630 27763
6630 12345 27763
27763 6630 12345
25483 6565 8563
6565 8563 25483
8563 6565 25483
3965 26937 28972
28972 3965 26937
26937 3965 28972
3837 21543 25955
25955 3837 21543
21543 3837 25955
26592 19296 29851
19296 26592 29851
29851 19296 26592
17009 12687 29300
12687 17009 29300
29300 12687 17009
7383 7755 21405
21405 7383 7755
7755 7383 21405
12710 15471 19227
19227 12710 15471
15471 12710 19227
9029 27058 29520
29520 9029 27058
27058 9029 29520
29763 18222 24553
24553 18222 29763
18222 24553 29763
1996 16000 27704
27704 1996 16000
16000 1996 27704
6989 17190 21213
21213 6989 17190
17190 6989 21213
18421 5328 17570
17570 5328 18421
5328 17570 18421
20776 7308 20898
20898 7308 20776
7308 20776 20898
21181 18892 19918
18892 19918 21181
19918 18892 21181
22589 22061 24239
22061 22589 24239
24239 22061 22589
7262 4534 12215
12215 4534 7262
4534 7262 12215
28091 172 5862
172 5862 28091
5862 172 28091
14092 4763 23833
4763 14092 23833
23833 4763 14092
26177 6016 8594
8594 6016 26177
6016 8594 26177
17020 8587 19555
19555 8587 17020
8587 17020 19555
5493 1463 28177
1463 5493 28177
28177 1463 5493
14428 8324 24157
24157 8324 14428
8324 14428 24157
23779 17606 18766
18766 17606 23779
17606 18766 23779
9852 11548 18721
18721 9852 11548
11548 9852 18721
15750 4339 27715
4339 15750 27715
27715 4339 15750
22903 19954 26961
19954 22903 26961
26961 19954 22903
25250 1943 12400
12400 1943 25250
1943 12400 25250
7647 11154 17164
17164 7647 11154
11154 7647 17164
7257 19942 27788
27788 7257 19942
19942 7257 27788
18750 23656 28149
23656 18750 28149
28149 18750 23656
15197 9952 26806
9952 15197 26806
26806 9952 15197
15292 5769 27572
5769 15292 27572
27572 5769 15292
13744 5401 11487
11487 5401 13744
5401 11487 13744
25995 7326 12592
12592 7326 25995
7326 12592 25995
16908 20566 24895
24895 16908 20566
20566 16908 24895
12071 1578 10283
10283 1578 12071
1578 10283 12071
20266 1409 16326
16326 1409 20266
1409 16326 20266
24392 10827 14068
10827 14068 24392
14068 10827 24392
12050 4293 5143
5143 4293 12050
4293 5143 12050
13064 3075 8669
8669 3075 13064
3075 8669 13064
24023 569 16013
569 16013 24023
16013 569 24023
21522 14371 15579
15579 14371 21522
14371 15579 21522
25286 15907 16903
15907 16903 25286
16903 15907 25286
28601 6760 17471
17471 6760 28601
6760 17471 28601
14665 22035 29554
29554 14665 22035
22035 14665 29554
23409 21014 28535
28535 21014 23409
21014 23409 28535
5638 15317 21874
15317 5638 21874
21874 5638 15317
20985 2152 6511
6511 2152 20985
2152 6511 20985
8329 4017 14748
4017 8329 14748
14748 4017 8329
3401 17960 26705
17960 3401 26705
26705 3401 17960
19615 860 2258
2258 860 19615
860 2258 19615
1112 19580 27921
19580 1112 27921
27921 1112 19580
13871 742 6063
742 6063 13871
6063 742 13871
24220 12262 22692
22692 12262 24220
12262 22692 24220
21639 9850 23816
9850 21639 23816
23816 9850 21639
21624 21505 23564
21505 21624 23564
23564 21505 21624
22494 14795 24530
14795 22494 24530
24530 14795 22494
2364 9104 14844
9104 2364 14844
14844 2364 9104
27409 15959 26759
15959 26759 27409
26759 15959 27409
19466 2411 11050
11050 2411 19466
2411 11050 19466
25531 4124 22498
4124 22498 25531
22498 4124 25531
2925 7399 29556
7399 2925 29556
29556 2925 7399
19159 3970 17721
3970 17721 19159
17721 3970 19159
1338 7430 19067
19067 1338 7430
7430 1338 19067
85 19782 20887
20887 85 19782
19782 85 20887
14205 753 26163
753 14205 26163
26163 753 14205
4943 2990 15566
15566 2990 4943
2990 4943 15566
3778 22909 29634
22909 3778 29634
29634 3778 22909
447 2037 22474
2037 447 22474
22474 447 2037
7762 4459 5731
5731 4459 7762
4459 5731 7762
13199 10203 12648
10203 12648 13199
12648 10203 13199
19643 9960 16657
16657 9960 19643
9960 16657 19643
6968 17151 19619
17151 6968 19619
19619 6968 17151
20613 1676 28106
28106 1676 20613
1676 20613 28106
13254 3747 7243
3747 7243 13254
7243 3747 13254
24617 12590 12607
12607 12590 24617
12590 12607 24617
1745 2698 17481
2698 1745 17481
17481 1745 2698
26010 6600 10805
6600 10805 26010
10805 6600 26010
12711 3934 27464
27464 3934 12711
3934 12711 27464
25567 4498 21524
4498 21524 25567
21524 4498 25567
16255 7062 25673
7062 16255 25673
25673 7062 16255
22979 1518 10553
10553 1518 22979
1518 10553 22979
24164 4849 22588
4849 22588 24164
22588 4849 24164
2242 4191 15075
4191 2242 15075
15075 2242 4191
21910 22702 24915
24915 21910 22702
22702 21910 24915
113 1689 18305
18305 113 1689
1689 113 18305
26538 13419 18137
13419 18137 26538
18137 13419 26538
23142 9162 15472
9162 15472 23142
15472 9162 23142
4984 27377 27574
27377 4984 27574
27574 4984 27377
6522 15797 27533
27533 6522 15797
15797 6522 27533
24120 1404 19536
1404 19536 24120
19536 1404 24120
20399 3591 3913
3591 3913 20399
3913 3591 20399
3335 13633 20153
20153 3335 13633
13633 3335 20153
16789 11902 21294
21294 11902 16789
11902 16789 21294
1152 6787 14109
14109 1152 6787
6787 1152 14109
1958 12034 25168
25168 1958 12034
12034 1958 25168
7402 12093 23424
12093 7402 23424
23424 7402 12093
15972 1813 10441
1813 10441 15972
10441 1813 15972
5156 12312 13670
12312 5156 13670
13670 5156 12312
17372 14036 15211
14036 15211 17372
15211 14036 17372
26076 19395 24525
24525 19395 26076
19395 24525 26076
8759 8777 29858
29858 8759 8777
8777 8759 29858
3228 7692 9431
7692 3228 9431
9431 3228 7692
16163 15682 24210
15682 16163 24210
24210 15682 16163
15247 4949 8857
8857 4949 15247
4949 8857 15247
18941 9287 26011
9287 18941 26011
26011 9287 18941
14890 5236 6912
5236 6912 14890
6912 5236 14890
585 10336 29234
29234 585 10336
10336 585 29234
20449 5349 9762
9762 5349 20449
5349 9762 20449
26798 9937 22854
22854 9937 26798
9937 22854 26798
2674 16624 23084
16624 2674 23084
23084 2674 16624
18909 26124 29465
29465 18909 26124
26124 18909 29465
20511 4725 6653
4725 6653 20511
6653 4725 20511
21814 518 1952
1952 518 21814
518 1952 21814
8927 15 26189
15 8927 26189
26189 15 8927
18027 2634 26825
2634 18027 26825
26825 2634 18027
17936 3319 20435
3319 17936 20435
20435 3319 17936
15714 2290 5290
5290 2290 15714
2290 5290 15714
50 19004 26801
26801 50 19004
19004 50 26801
10701 14217 25015
25015 10701 14217
14217 10701 25015
18999 7569 12178
12178 7569 18999
7569 12178 18999
21789 21554 21863
21863 21554 21789
21554 21789 21863
9014 4579 20051
4579 9014 20051
20051 4579 9014
14587 9438 25558
25558 9438 14587
9438 14587 25558
8231 18547 25887
25887 8231 18547
18547 8231 25887
5919 11994 14637
11994 5919 14637
14637 5919 11994
7863 11059 29708
29708 7863 11059
11059 7863 29708
618 4531 19915
19915 618 4531
4531 618 19915
19110 7611 9896
9896 7611 19110
7611 9896 19110
4646 4287 28517
4287 4646 28517
28517 4287 4646
18650 14762 18501
14762 18501 18650
18501 14762 18650
22673 3439 3455
3455 3439 22673
3439 3455 22673
7150 6888 22953
22953 6888 7150
6888 7150 22953
19936 21275 22092
21275 19936 22092
22092 19936 21275
14189 11173 29169
29169 11173 14189
11173 14189 29169
6807 3196 17543
3196 6807 17543
17543 3196 6807
21332 5955 26573
5955 21332 26573
26573 5955 21332
24043 8101 8137
8101 8137 24043
8137 8101 24043
29580 5449 12447
5449 12447 29580
12447 5449 29580
28311 19271 24610
24610 19271 28311
19271 24610 28311
13460 11273 20463
20463 11273 13460
11273 13460 20463
29937 14477 29273
14477 29273 29937
29273 14477 29937
19945 7 12930
7 12930 19945
12930 7 19945
807 15845 25829
25829 807 15845
15845 807 25829
16283 7183 9739
9739 7183 16283
7183 9739 16283
23212 13924 27766
13924 23212 27766
27766 13924 23212
1967 3346 6816
3346 1967 6816
6816 1967 3346
5625 20413 23050
23050 5625 20413
20413 5625 23050
28109 14480 27202
27202 14480 28109
14480 27202 28109
6077 7396 20735
20735 6077 7396
7396 6077 20735
2184 18323 25649
25649 2184 18323
18323 2184 25649
24664 15547 15870
15547 15870 24664
15870 15547 24664
16178 5540 25196
5540 16178 25196
25196 5540 16178
13745 13752 29189
29189 13745 13752
13752 13745 29189
14982 13215 23147
13215 14982 23147
23147 13215 14982
7681 3352 3885
3885 3352 7681
3352 3885 7681
12405 13240 16699
16699 12405 13240
13240 12405 16699
12029 601 19205
601 12029 19205
19205 601 12029
13827 11302 15644
11302 13827 15644
15644 11302 13827
18394 5918 14486
14486 5918 18394
5918 14486 18394
28447 6757 28402
6757 28402 28447
28402 6757 28447
19430 2104 13786
2104 13786 19430
13786 2104 19430
2625 13029 27025
27025 2625 13029
13029 2625 27025
22727 1546 23726
1546 22727 23726
23726 1546 22727
22357 14230 17292
14230 17292 22357
17292 14230 22357
22234 3805 5178
3805 5178 22234
5178 3805 22234
13380 24996 25733
24996 13380 25733
25733 13380 24996
18204 15076 17508
15076 17508 18204
17508 15076 18204
12208 29502 29544
29544 12208 29502
29502 12208 29544
26861 11528 16669
11528 16669 26861
16669 11528 26861
15289 3452 17475
17475 3452 15289
3452 15289 17475
8909 193 8336
193 8336 8909
8336 193 8909
8113 26105 27866
27866 8113 26105
26105 8113 27866
27564 6695 22296
6695 22296 27564
22296 6695 27564
20533 17781 18736
17781 18736 20533
18736 17781 20533
1730 3454 8944
3454 1730 8944
8944 1730 3454
16800 1571 12810
12810 1571 16800
1571 12810 16800
23298 3654 15799
15799 3654 23298
3654 15799 23298
29157 2930 3699
2930 3699 29157
3699 2930 29157
2141 4363 15564
15564 2141 4363
4363 2141 15564
29871 7652 17927
7652 17927 29871
17927 7652 29871
20071 10613 13340
10613 13340 20071
13340 10613 20071
3423 3446 4915
3446 3423 4915
4915 3423 3446
25434 8162 29745
29745 8162 25434
8162 25434 29745
751 19682 28536
28536 751 19682
19682 751 28536
2583 13969 17700
13969 2583 17700
17700 2583 13969
12314 10817 27092
27092 10817 12314
10817 12314 27092
21229 16809 17051
17051 16809 21229
16809 17051 21229
6256 6987 22100
22100 6256 6987
6987 6256 22100
9117 17869 20849
17869 9117 20849
20849 9117 17869
24952 14060 25963
14060 24952 25963
25963 14060 24952
15721 1916 25706
25706 1916 15721
1916 15721 25706
23947 20996 26799
20996 23947 26799
26799 20996 23947
21582 4633 11040
11040 4633 21582
4633 11040 21582
11908 20457 23516
20457 11908 23516
23516 11908 20457
6331 288 18880
288 6331 18880
18880 288 6331
18016 6064 9101
9101 6064 18016
6064 9101 18016
3383 6529 28465
28465 3383 6529
6529 3383 28465
16724 19590 23737
19590 16724 23737
23737 16724 19590
5648 55 10482
10482 55 5648
55 5648 10482
15227 6027 15047
6027 15047 15227
15047 6027 15227
12831 15048 18500
15048 12831 18500
18500 12831 15048
4170 28 29359
28 4170 29359
29359 28 4170
4810 4533 23598
4533 4810 23598
23598 4533 4810
15179 19186 25375
19186 15179 25375
25375 15179 19186
5740 3766 8317
8317 3766 5740
3766 5740 8317
28908 6655 24776
24776 6655 28908
6655 24776 28908
14641 6295 23442
23442 6295 14641
6295 14641 23442
28925 21648 24255
21648 24255 28925
24255 21648 28925
6376 12091 22383
22383 6376 12091
12091 6376 22383
23660 5382 19497
5382 19497 23660
19497 5382 23660
13043 12455 29660
29660 12455 13043
12455 13043 29660
28472 1324 13507
1324 13507 28472
13507 1324 28472
13922 2843 14062
14062 2843 13922
2843 13922 14062
18761 6037 19348
