286 179 254
254 179 286
179 254 286
100 14 50
50 14 100
14 50 100
10 136 142
136 10 142
142 10 136
85 27 227
227 27 85
27 85 227
153 66 224
224 66 153
66 153 224
65 2 177
177 2 65
2 65 177
280 41 287
41 280 287
287 41 280
268 190 219
190 219 268
219 190 268
185 34 109
34 109 185
109 34 185
46 61 211
211 46 61
61 46 211
134 117 298
298 117 134
117 134 298
278 194 249
194 249 278
249 194 278
77 186 293
293 77 186
186 77 293
181 102 236
102 181 236
236 102 181
199 253 262
262 199 253
253 199 262
197 146 267
267 146 197
146 197 267
114 95 165
165 95 114
95 114 165
261 16 189
16 189 261
189 16 261
133 230 300
230 133 300
300 133 230
159 200 294
200 159 294
294 159 200
255 158 251
158 251 255
251 158 255
11 37 99
37 11 99
99 11 37
106 7 119
119 7 106
7 106 119
229 24 232
24 229 232
232 24 229
213 124 152
124 152 213
152 124 213
163 178 266
178 163 266
266 163 178
191 15 129
129 15 191
15 129 191
174 25 115
115 25 174
25 115 174
80 167 256
256 80 167
167 80 256
64 118 259
118 64 259
259 64 118
51 120 155
120 51 155
155 51 120
69 26 122
26 69 122
122 26 69
79 123 212
212 79 123
123 79 212
182 147 248
248 147 182
147 182 248
141 104 209
104 141 209
209 104 141
166 9 275
275 9 166
9 166 275
176 216 226
216 176 226
226 176 216
112 67 207
207 67 112
67 112 207
72 113 252
252 72 113
113 72 252
32 98 264
98 32 264
264 32 98
76 90 242
242 76 90
90 76 242
257 31 235
235 31 257
31 235 257
260 48 272
48 260 272
272 48 260
161 84 160
160 84 161
84 160 161
274 81 223
223 81 274
81 223 274
57 82 285
285 57 82
82 57 285
83 62 218
62 83 218
218 62 83
88 29 225
29 88 225
225 29 88
12 74 250
250 12 74
74 12 250
59 128 208
208 59 128
128 59 208
4 149 156
149 4 156
156 4 149
296 43 169
169 43 296
43 169 296
195 246 273
246 195 273
273 195 246
36 53 151
151 36 53
53 36 151
172 222 290
222 172 290
290 172 222
265 183 240
240 183 265
183 240 265
92 52 221
52 92 221
221 52 92
276 214 247
247 214 276
214 247 276
125 131 140
140 125 131
131 125 140
78 6 241
241 6 78
6 78 241
198 71 243
71 198 243
243 71 198
94 193 291
193 94 291
291 94 193
145 45 173
173 45 145
45 145 173
38 60 184
60 38 184
184 38 60
58 103 234
234 58 103
103 58 234
180 75 263
75 180 263
263 75 180
215 42 210
210 42 215
42 210 215
283 8 279
8 279 283
279 8 283
132 87 93
93 87 132
87 93 132
192 130 245
245 130 192
130 192 245
164 135 170
170 135 164
135 164 170
17 111 297
297 17 111
111 17 297
44 204 282
282 44 204
204 44 282
171 238 299
299 171 238
238 171 299
137 1 150
150 1 137
1 137 150
271 144 217
144 217 271
217 144 271
201 121 295
295 121 201
121 201 295
175 116 233
116 175 233
233 116 175
89 97 110
97 89 110
110 89 97
237 203 220
203 220 237
220 203 237
70 39 292
39 70 292
292 39 70
168 86 187
187 86 168
86 168 187
33 21 157
157 21 33
21 33 157
73 28 56
56 28 73
28 56 73
47 162 288
288 47 162
162 47 288
138 49 239
239 49 138
49 138 239
96 5 228
228 5 96
5 96 228
13 277 289
289 13 277
277 13 289
139 19 126
19 126 139
126 19 139
68 18 148
18 68 148
148 18 68
22 35 143
35 22 143
143 22 35
30 55 188
55 30 188
188 30 55
108 40 284
284 40 108
40 108 284
258 101 107
107 101 258
101 107 258
281 54 105
105 54 281
54 105 281
154 20 127
20 127 154
127 20 154
91 3 63
63 3 91
3 63 91
205 202 269
269 202 205
202 205 269
196 244 270
244 196 270
270 196 244
23 206 231
231 23 206
206 23 231
