935 1223 2015
1223 935 2015
2015 935 1223
440 871 1214
871 440 1214
1214 440 871
1660 817 2022
2022 817 1660
817 1660 2022
2424 1946 2440
1946 2424 2440
2440 1946 2424
2804 396 2038
2038 396 2804
396 2038 2804
915 487 1632
487 915 1632
1632 487 915
847 1783 2899
2899 847 1783
1783 847 2899
2539 1961 2820
2820 1961 2539
1961 2539 2820
2145 1139 1415
1139 1415 2145
1415 1139 2145
990 1491 2606
2606 990 1491
1491 990 2606
495 2168 2766
2766 495 2168
2168 495 2766
2436 777 1907
1907 777 2436
777 1907 2436
2301 1081 2150
2150 1081 2301
1081 2150 2301
1440 1797 2903
2903 1440 1797
1797 1440 2903
1426 2388 2705
2705 1426 2388
2388 1426 2705
2094 755 1727
755 1727 2094
1727 755 2094
595 1698 2590
2590 595 1698
1698 595 2590
1753 653 1644
1644 653 1753
653 1644 1753
2696 176 194
176 194 2696
194 176 2696
2329 225 2650
225 2329 2650
2650 225 2329
2441 809 1764
809 1764 2441
1764 809 2441
1893 606 2619
606 1893 2619
2619 606 1893
2420 882 1889
1889 882 2420
882 1889 2420
410 1693 1741
1693 410 1741
1741 410 1693
1989 864 1122
1122 864 1989
864 1122 1989
1618 1742 2421
2421 1618 1742
1742 1618 2421
728 494 2817
2817 494 728
494 728 2817
1943 779 1527
1527 779 1943
779 1527 1943
39 239 2847
239 39 2847
2847 39 239
1205 329 1121
1121 329 1205
329 1121 1205
2594 920 2383
920 2383 2594
2383 920 2594
1844 61 1731
61 1731 1844
1731 61 1844
195 251 1547
1547 195 251
251 195 1547
1306 1104 1385
1385 1104 1306
1104 1306 1385
942 1269 2652
1269 942 2652
2652 942 1269
12 1504 2759
2759 12 1504
1504 12 2759
938 753 1665
1665 753 938
753 938 1665
1686 818 2011
2011 818 1686
818 1686 2011
2459 1299 2342
2342 1299 2459
1299 2342 2459
2449 1676 2671
2671 1676 2449
1676 2449 2671
2184 496 1779
496 1779 2184
1779 496 2184
646 589 1395
589 646 1395
1395 589 646
991 2690 2771
2771 991 2690
2690 991 2771
2740 2172 2515
2172 2515 2740
2515 2172 2740
1506 1379 2745
1379 1506 2745
2745 1379 1506
2939 778 2206
778 2206 2939
2206 778 2939
1204 1069 1974
1069 1204 1974
1974 1069 1204
1294 436 1734
1734 436 1294
436 1294 1734
288 64 1088
1088 64 288
64 288 1088
1612 1787 2048
1787 1612 2048
2048 1612 1787
820 605 998
998 605 820
605 820 998
2253 302 2950
302 2253 2950
2950 302 2253
1118 644 2319
644 1118 2319
2319 644 1118
1758 2552 2768
2768 1758 2552
2552 1758 2768
1026 325 896
325 896 1026
896 325 1026
1279 81 317
81 317 1279
317 81 1279
1575 2299 2663
2663 1575 2299
2299 1575 2663
1582 1658 2861
2861 1582 1658
1658 1582 2861
863 1089 1216
1216 863 1089
1089 863 1216
1903 2639 2873
2639 1903 2873
2873 1903 2639
2647 804 971
971 804 2647
804 971 2647
1815 421 2703
421 1815 2703
2703 421 1815
2224 1430 1691
1691 1430 2224
1430 1691 2224
1722 775 2409
2409 775 1722
775 1722 2409
2231 1611 2221
2221 1611 2231
1611 2221 2231
742 722 2437
2437 722 742
722 742 2437
743 1419 1900
1419 743 1900
1900 743 1419
2477 1320 1792
1792 1320 2477
1320 1792 2477
530 438 2160
438 530 2160
2160 438 530
2975 236 2592
236 2592 2975
2592 236 2975
1100 217 2926
217 1100 2926
2926 217 1100
1891 762 888
888 762 1891
762 888 1891
2149 30 2680
2680 30 2149
30 2149 2680
1549 1757 2959
2959 1549 1757
1757 1549 2959
2662 110 1359
1359 110 2662
110 1359 2662
2706 1743 2607
1743 2607 2706
2607 1743 2706
2845 1867 2435
2435 1867 2845
1867 2435 2845
1766 668 822
668 822 1766
822 668 1766
2574 358 2267
2267 358 2574
358 2267 2574
2608 1033 1578
1033 1578 2608
1578 1033 2608
470 426 2882
426 470 2882
2882 426 470
515 1000 1029
1000 515 1029
1029 515 1000
2813 1687 2316
1687 2316 2813
2316 1687 2813
1238 186 1206
1206 186 1238
186 1206 1238
837 1495 1842
1495 837 1842
1842 837 1495
2842 1972 2137
1972 2137 2842
2137 1972 2842
1480 704 1749
704 1480 1749
1749 704 1480
1178 1905 2352
1905 1178 2352
2352 1178 1905
83 321 2724
321 83 2724
2724 83 321
765 852 1999
852 765 1999
1999 765 852
2371 106 783
783 106 2371
106 783 2371
1262 109 1587
1587 109 1262
109 1262 1587
1689 815 1326
815 1326 1689
1326 815 1689
1444 120 2185
120 1444 2185
2185 120 1444
2677 2406 2602
2406 2602 2677
2602 2406 2677
813 547 1688
547 813 1688
1688 547 813
409 1185 2870
2870 409 1185
1185 409 2870
1138 1672 2282
1672 1138 2282
2282 1138 1672
300 262 2685
2685 262 300
262 300 2685
1346 78 952
78 952 1346
952 78 1346
1117 874 1864
874 1117 1864
1864 874 1117
2578 593 2922
593 2578 2922
2922 593 2578
1854 203 1910
1910 203 1854
203 1854 1910
51 1114 1174
1114 51 1174
1174 51 1114
2334 1571 1739
1571 1739 2334
1739 1571 2334
55 1244 2645
2645 55 1244
1244 55 2645
1227 419 2157
2157 419 1227
419 1227 2157
87 1126 1609
1126 87 1609
1609 87 1126
879 2252 2853
2252 879 2853
2853 879 2252
2649 312 1811
312 1811 2649
1811 312 2649
2667 1697 1916
1697 1916 2667
1916 1697 2667
1919 2044 2320
2320 1919 2044
2044 1919 2320
921 1756 2337
1756 921 2337
2337 921 1756
744 328 2050
328 744 2050
2050 328 744
2047 72 2174
72 2047 2174
2174 72 2047
657 367 1332
367 657 1332
1332 367 657
1010 135 462
135 462 1010
462 135 1010
2182 2202 2938
2202 2182 2938
2938 2182 2202
360 1595 2341
2341 360 1595
1595 360 2341
2880 1897 2991
2991 1897 2880
1897 2880 2991
729 766 1095
766 729 1095
1095 729 766
282 1414 2601
1414 282 2601
2601 282 1414
2059 308 2305
308 2059 2305
2305 308 2059
870 1304 1899
1899 870 1304
1304 870 1899
960 472 2859
472 960 2859
2859 472 960
1112 967 1003
1003 967 1112
967 1003 1112
40 906 1345
906 40 1345
1345 40 906
2931 1004 1511
1004 1511 2931
1511 1004 2931
2665 47 2045
47 2045 2665
2045 47 2665
2735 1040 2642
1040 2642 2735
2642 1040 2735
1950 511 1275
1275 511 1950
511 1275 1950
265 1807 1832
1807 265 1832
1832 265 1807
2828 1715 2797
1715 2797 2828
2797 1715 2828
303 510 1906
510 303 1906
1906 303 510
19 341 1809
341 19 1809
1809 19 341
1526 1132 1548
1132 1526 1548
1548 1132 1526
1714 1002 1663
1663 1002 1714
1002 1663 1714
1022 1859 2480
1859 1022 2480
2480 1022 1859
476 1263 2071
2071 476 1263
1263 476 2071
1471 1447 1979
1979 1447 1471
1447 1471 1979
1078 1283 2589
2589 1078 1283
1283 1078 2589
2750 244 838
244 838 2750
838 244 2750
1775 1334 2297
2297 1334 1775
1334 1775 2297
65 621 2000
621 65 2000
2000 65 621
145 1834 2192
2192 145 1834
1834 145 2192
2385 420 497
497 420 2385
420 497 2385
1957 527 780
780 527 1957
527 780 1957
2693 35 2391
35 2391 2693
2391 35 2693
846 498 2924
2924 498 846
498 846 2924
2875 1603 2131
1603 2131 2875
2131 1603 2875
1443 700 2620
2620 700 1443
700 1443 2620
179 2701 2874
2874 179 2701
2701 179 2874
1449 627 1437
1437 627 1449
627 1437 1449
1724 1413 2425
1413 1724 2425
2425 1413 1724
1602 1034 1560
1560 1034 1602
1034 1560 1602
1876 2199 2622
2622 1876 2199
2199 1876 2622
2653 918 2644
918 2644 2653
2644 918 2653
1839 658 1143
1143 658 1839
658 1143 1839
2618 2604 2626
2604 2618 2626
2626 2604 2618
793 1747 2709
1747 793 2709
2709 793 1747
2051 330 1111
1111 330 2051
330 1111 2051
2980 1313 2100
1313 2100 2980
2100 1313 2980
1071 1243 2067
2067 1071 1243
1243 1071 2067
1341 1881 2829
1881 1341 2829
2829 1341 1881
1701 2511 2683
2683 1701 2511
2511 1701 2683
2501 889 2405
2405 889 2501
889 2405 2501
686 13 433
13 433 686
433 13 686
2802 62 959
959 62 2802
62 959 2802
2835 1363 2795
2795 1363 2835
1363 2795 2835
331 1472 2072
2072 331 1472
1472 331 2072
827 1857 2306
1857 827 2306
2306 827 1857
1885 1303 1388
1388 1303 1885
1303 1388 1885
1166 376 2140
376 1166 2140
2140 376 1166
2752 1005 1892
1892 1005 2752
1005 1892 2752
2019 1098 2866
1098 2019 2866
2866 1098 2019
1948 914 2222
2222 914 1948
914 1948 2222
1933 856 2624
2624 856 1933
856 1933 2624
2452 585 2764
2764 585 2452
585 2452 2764
913 1049 1673
1673 913 1049
1049 913 1673
414 101 2571
2571 101 414
101 414 2571
2558 811 1941
1941 811 2558
811 1941 2558
119 645 2412
645 119 2412
2412 119 645
1956 647 1584
647 1584 1956
1584 647 1956
11 320 2018
2018 11 320
320 11 2018
1706 80 613
613 80 1706
80 613 1706
787 1059 2495
1059 787 2495
2495 787 1059
954 851 1213
851 954 1213
1213 851 954
484 1625 2585
2585 484 1625
1625 484 2585
1400 976 2503
2503 976 1400
976 1400 2503
966 2200 2201
2200 966 2201
2201 966 2200
340 373 1373
373 340 1373
1373 340 373
2191 675 1605
1605 675 2191
675 1605 2191
2605 2213 2417
2213 2417 2605
2417 2213 2605
44 2340 2987
2340 44 2987
2987 44 2340
2997 1812 2118
2118 1812 2997
1812 2118 2997
2540 380 1012
1012 380 2540
380 1012 2540
465 1952 2819
2819 465 1952
1952 465 2819
1942 1219 1484
1219 1484 1942
1484 1219 1942
703 2135 2464
2135 703 2464
2464 703 2135
1568 316 387
316 387 1568
387 316 1568
1918 833 1253
1253 833 1918
833 1253 1918
390 403 828
828 390 403
403 390 828
1041 451 2153
2153 451 1041
451 1041 2153
969 512 1908
1908 512 969
512 969 1908
2198 218 850
850 218 2198
218 850 2198
73 352 534
352 73 534
534 73 352
1624 402 2103
402 1624 2103
2103 402 1624
791 975 2432
2432 791 975
975 791 2432
2998 1438 2566
1438 2566 2998
2566 1438 2998
2856 315 1502
315 1502 2856
1502 315 2856
1863 717 872
717 872 1863
872 717 1863
2141 2023 2755
2755 2023 2141
2023 2141 2755
353 1991 2414
2414 353 1991
1991 353 2414
2476 1816 2303
1816 2303 2476
2303 1816 2476
1996 541 598
541 598 1996
598 541 1996
1194 1030 1485
1485 1030 1194
1030 1194 1485
558 528 2632
528 558 2632
2632 528 558
759 437 905
905 437 759
437 759 905
1357 1871 2770
1871 1357 2770
2770 1357 1871
2961 747 1690
747 1690 2961
1690 747 2961
2109 84 1781
84 1781 2109
1781 84 2109
104 427 636
636 104 427
427 104 636
2513 978 2917
978 2513 2917
2917 978 2513
2867 1006 2825
1006 2825 2867
2825 1006 2867
1479 177 2863
2863 177 1479
177 1479 2863
1862 2361 2834
2834 1862 2361
2361 1862 2834
2846 467 2411
2411 467 2846
467 2411 2846
875 950 1209
1209 875 950
950 875 1209
518 773 1221
773 518 1221
1221 518 773
1874 298 1433
1433 298 1874
298 1433 1874
2493 718 1561
718 1561 2493
1561 718 2493
2912 662 2188
2188 662 2912
662 2188 2912
226 577 1620
577 226 1620
1620 226 577
944 2087 2312
2312 944 2087
2087 944 2312
732 15 1358
1358 15 732
15 732 1358
1814 656 910
656 910 1814
910 656 1814
1613 607 1115
607 1115 1613
1115 607 1613
357 1383 1824
1383 357 1824
1824 357 1383
1949 253 2146
2146 253 1949
253 1949 2146
2897 2090 2478
2090 2478 2897
2478 2090 2897
452 949 2415
2415 452 949
949 452 2415
1236 209 1093
1093 209 1236
209 1093 1236
1099 1457 2110
1457 1099 2110
2110 1099 1457
1928 1850 2616
1850 1928 2616
2616 1850 1928
1039 1327 2796
1327 1039 2796
2796 1039 1327
215 127 622
622 127 215
127 215 622
2401 1475 2894
2894 1475 2401
1475 2401 2894
995 617 2069
2069 617 995
617 995 2069
1483 2277 2904
2904 1483 2277
2277 1483 2904
63 2167 2446
2167 63 2446
2446 63 2167
2194 2416 2838
2416 2194 2838
2838 2194 2416
1967 279 2454
2454 279 1967
279 1967 2454
2016 1736 2719
1736 2016 2719
2719 1736 2016
243 405 1176
405 243 1176
1176 243 405
2929 351 1028
351 1028 2929
1028 351 2929
2963 1870 2339
1870 2339 2963
2339 1870 2963
2550 543 2003
543 2003 2550
2003 543 2550
1894 671 1348
671 1348 1894
1348 671 1894
2767 246 2576
246 2576 2767
2576 246 2767
548 1776 2147
2147 548 1776
1776 548 2147
2404 1514 2042
1514 2042 2404
2042 1514 2404
2613 735 1127
735 1127 2613
1127 735 2613
1394 1424 2407
2407 1394 1424
1424 1394 2407
2964 575 1751
1751 575 2964
575 1751 2964
1287 1800 2526
1800 1287 2526
2526 1287 1800
2 583 993
583 2 993
993 2 583
2670 491 1021
1021 491 2670
491 1021 2670
89 796 973
973 89 796
796 89 973
1785 924 1369
924 1369 1785
1369 924 1785
643 2494 2529
2529 643 2494
2494 643 2529
2469 2648 2878
2878 2469 2648
2648 2469 2878
562 345 2843
2843 345 562
345 562 2843
1167 953 2660
2660 953 1167
953 1167 2660
2442 844 1083
844 1083 2442
1083 844 2442
125 2428 2475
2428 125 2475
2475 125 2428
1616 538 1537
538 1537 1616
1537 538 1616
260 355 1875
355 260 1875
1875 260 355
1408 1232 1790
1790 1232 1408
1232 1408 1790
2264 49 2115
2115 49 2264
49 2115 2264
1898 1211 2811
1211 1898 2811
2811 1211 1898
1671 563 1827
1827 563 1671
563 1671 1827
1222 2400 2784
2400 1222 2784
2784 1222 2400
2489 1307 2427
1307 2427 2489
2427 1307 2489
382 2008 2035
2008 382 2035
2035 382 2008
867 1643 1904
1904 867 1643
1643 867 1904
1838 50 2936
2936 50 1838
50 1838 2936
224 324 1064
1064 224 324
324 224 1064
2205 1641 2450
2450 1641 2205
1641 2205 2450
2363 1328 1707
1328 1707 2363
1707 1328 2363
2471 42 2367
42 2367 2471
2367 42 2471
2773 443 2598
443 2598 2773
2598 443 2773
16 2674 2946
2946 16 2674
2674 16 2946
1708 463 1420
463 1420 1708
1420 463 1708
2101 770 1825
770 1825 2101
1825 770 2101
2179 131 1246
1246 131 2179
131 1246 2179
398 1680 2193
1680 398 2193
2193 398 1680
2061 1007 2233
1007 2061 2233
2233 1007 2061
2009 1569 2722
1569 2009 2722
2722 1569 2009
339 2474 2581
2474 339 2581
2581 339 2474
2749 257 1712
257 1712 2749
1712 257 2749
829 1072 1600
1072 829 1600
1600 829 1072
1271 1202 2378
2378 1202 1271
1202 1271 2378
2422 734 1193
1193 734 2422
734 1193 2422
2086 1820 2171
1820 2086 2171
2171 1820 2086
1225 2862 2927
2927 1225 2862
2862 1225 2927
509 2265 2524
2524 509 2265
2265 509 2524
1865 208 706
706 208 1865
208 706 1865
2999 826 1704
826 1704 2999
1704 826 2999
2239 570 1364
570 1364 2239
1364 570 2239
385 1399 1682
1399 385 1682
1682 385 1399
1191 143 2332
2332 143 1191
143 1191 2332
612 1745 2986
1745 612 2986
2986 612 1745
2085 492 1642
1642 492 2085
492 1642 2085
898 182 404
182 404 898
404 182 898
2159 314 677
677 314 2159
314 677 2159
1796 1615 2473
2473 1615 1796
1615 1796 2473
2028 1200 1490
1200 1490 2028
1490 1200 2028
2591 34 1990
1990 34 2591
34 1990 2591
1716 1879 2741
1879 1716 2741
2741 1716 1879
2617 2331 2556
2556 2331 2617
2331 2556 2617
1847 597 1541
597 1541 1847
1541 597 1847
2032 1207 2985
1207 2032 2985
2985 1207 2032
587 681 1027
681 587 1027
1027 587 681
760 514 782
782 514 760
514 760 782
67 1267 1598
1267 67 1598
1598 67 1267
984 2369 2479
2369 984 2479
2479 984 2369
2064 2270 2718
2270 2064 2718
2718 2064 2270
2881 17 1801
1801 17 2881
17 1801 2881
2567 416 1937
1937 416 2567
416 1937 2567
1664 1997 2637
2637 1664 1997
1997 1664 2637
616 661 2763
661 616 2763
2763 616 661
1387 276 393
393 276 1387
276 393 1387
2568 486 2443
2443 486 2568
486 2443 2568
682 1554 1668
1554 682 1668
1668 682 1554
2967 112 823
823 112 2967
112 823 2967
2547 1543 2271
1543 2271 2547
2271 1543 2547
92 1497 2914
2914 92 1497
1497 92 2914
1729 965 2559
2559 965 1729
965 1729 2559
388 2564 2600
2564 388 2600
2600 388 2564
1356 1276 2794
1276 1356 2794
2794 1276 1356
922 1023 2382
1023 922 2382
2382 922 1023
1274 569 637
569 637 1274
637 569 1274
1718 2533 2965
2965 1718 2533
2533 1718 2965
639 937 2244
2244 639 937
937 639 2244
2333 2223 2386
2223 2333 2386
2386 2223 2333
369 2261 2769
2769 369 2261
2261 369 2769
2132 1316 2027
2027 1316 2132
1316 2027 2132
1261 148 2778
2778 148 1261
148 1261 2778
46 1 769
769 1 46
1 46 769
2994 506 1683
1683 506 2994
506 1683 2994
520 1080 1890
1080 520 1890
1890 520 1080
2189 1291 2127
1291 2127 2189
2127 1291 2189
1923 705 1248
705 1248 1923
1248 705 1923
1208 972 2374
2374 972 1208
972 1208 2374
1062 214 788
788 214 1062
214 788 1062
721 2062 2857
2062 721 2857
2857 721 2062
1161 1201 2220
2220 1161 1201
1201 1161 2220
2747 2296 2933
2933 2296 2747
2296 2747 2933
2349 175 1770
175 1770 2349
1770 175 2349
2119 1593 2001
1593 2001 2119
2001 1593 2119
2161 628 1189
1189 628 2161
628 1189 2161
2695 207 928
207 928 2695
928 207 2695
2920 415 2614
415 2614 2920
2614 415 2920
100 216 306
306 100 216
216 100 306
861 2716 2992
2716 861 2992
2992 861 2716
2272 482 2055
482 2055 2272
2055 482 2272
1628 632 1254
1254 632 1628
632 1254 1628
1120 206 456
206 456 1120
456 206 1120
2951 992 2527
2527 992 2951
992 2527 2951
322 1746 2091
2091 322 1746
1746 322 2091
1169 1902 2250
1902 1169 2250
2250 1169 1902
2216 151 2195
2195 151 2216
151 2195 2216
2029 2488 2517
2517 2029 2488
2488 2029 2517
2311 1355 2806
1355 2311 2806
2806 1355 2311
1684 561 1799
1799 561 1684
561 1684 1799
2707 588 651
651 588 2707
588 651 2707
1096 832 1769
832 1096 1769
1769 832 1096
2433 254 631
254 631 2433
631 254 2433
98 1247 1924
1247 98 1924
1924 98 1247
327 2356 2628
2628 327 2356
2356 327 2628
1173 836 974
974 836 1173
836 974 1173
2579 41 980
41 980 2579
980 41 2579
582 619 794
794 582 619
619 582 794
912 33 2010
2010 33 912
33 912 2010
716 1311 1922
1311 716 1922
1922 716 1311
381 368 3000
3000 368 381
368 381 3000
2751 1054 1315
1054 1315 2751
1315 1054 2751
1969 1507 1858
1507 1858 1969
1858 1507 1969
469 927 2196
2196 469 927
927 469 2196
1958 200 2317
200 1958 2317
2317 200 1958
2900 505 1482
505 1482 2900
1482 505 2900
1333 1833 2398
1833 1333 2398
2398 1333 1833
139 117 1649
1649 117 139
117 139 1649
2688 1157 2679
1157 2679 2688
2679 1157 2688
679 531 2940
531 679 2940
2940 531 679
1229 1403 1702
1702 1229 1403
1403 1229 1702
701 444 1983
1983 444 701
444 701 1983
263 676 2335
2335 263 676
676 263 2335
1577 2057 2164
2057 1577 2164
2164 1577 2057
1018 356 477
477 356 1018
356 477 1018
2366 259 834
834 259 2366
259 834 2366
1097 2154 2308
2154 1097 2308
2308 1097 2154
1723 36 1177
36 1177 1723
1177 36 1723
1456 1992 2364
1992 1456 2364
2364 1456 1992
2368 1436 1860
1436 1860 2368
1860 1436 2368
1872 1152 2932
2932 1152 1872
1152 1872 2932
2259 187 1036
1036 187 2259
187 1036 2259
1116 550 767
767 550 1116
550 767 1116
979 663 1045
1045 663 979
663 979 1045
2615 23 2737
2737 23 2615
23 2615 2737
1079 1646 1750
1750 1079 1646
1646 1079 1750
2217 2036 2883
2883 2036 2217
2036 2217 2883
1975 86 2336
2336 86 1975
86 1975 2336
1052 1094 1224
1094 1052 1224
1224 1052 1094
2183 102 1705
1705 102 2183
102 1705 2183
1470 2260 2497
2497 1470 2260
2260 1470 2497
1186 1148 1468
1468 1148 1186
1148 1186 1468
2005 479 719
719 479 2005
479 719 2005
1562 1368 1464
1368 1464 1562
1464 1368 1562
249 1175 2104
2104 249 1175
1175 249 2104
1552 1277 1711
1277 1552 1711
1711 1277 1552
2561 812 2728
2728 812 2561
812 2561 2728
359 255 1293
1293 255 359
255 359 1293
2742 1505 2780
1505 2742 2780
2780 1505 2742
1754 459 1895
459 1754 1895
1895 459 1754
1930 1509 2519
1509 1930 2519
2519 1509 1930
212 2805 2956
2956 212 2805
2805 212 2956
309 1553 1692
1553 309 1692
1692 309 1553
1565 1767 1968
1767 1565 1968
1968 1565 1767
75 1819 1866
1819 75 1866
1866 75 1819
1446 1268 2326
1268 1446 2326
2326 1268 1446
1740 1806 2983
2983 1740 1806
1806 1740 2983
2315 365 2640
2640 365 2315
365 2315 2640
1738 1231 2280
1231 1738 2280
2280 1231 1738
1947 819 1381
1381 819 1947
819 1381 1947
1657 180 1256
1256 180 1657
180 1256 1657
31 284 2977
2977 31 284
284 31 2977
698 173 891
173 698 891
891 173 698
1454 572 1020
1020 572 1454
572 1020 1454
2431 1168 2928
1168 2431 2928
2928 1168 2431
1285 129 2664
2664 129 1285
129 1285 2664
130 2484 2836
2836 130 2484
2484 130 2836
2014 1371 1591
1371 1591 2014
1591 1371 2014
2948 58 2746
58 2746 2948
2746 58 2948
1382 3 2490
2490 3 1382
3 1382 2490
1917 2099 2765
2099 1917 2765
2765 1917 2099
2669 1297 1963
1297 1963 2669
1963 1297 2669
111 1226 2080
1226 111 2080
2080 111 1226
137 93 1773
1773 93 137
93 137 1773
1109 32 784
32 784 1109
784 32 1109
566 2447 2810
2810 566 2447
2447 566 2810
230 91 592
592 91 230
91 230 592
2074 364 2538
364 2074 2538
2538 364 2074
1239 395 418
395 418 1239
418 395 1239
142 2002 2657
2002 142 2657
2657 142 2002
1386 271 1720
1720 271 1386
271 1386 1720
696 1264 2623
1264 696 2623
2623 696 1264
1146 7 2803
7 1146 2803
2803 7 1146
1762 304 2699
2699 304 1762
304 1762 2699
738 107 1772
1772 107 738
107 738 1772
115 468 2380
2380 115 468
468 115 2380
1087 1703 1868
1703 1087 1868
1868 1087 1703
763 1084 2262
2262 763 1084
1084 763 2262
807 2004 2627
2627 807 2004
2004 807 2627
2661 26 951
26 951 2661
951 26 2661
2357 252 1073
1073 252 2357
252 1073 2357
962 1391 2509
2509 962 1391
1391 962 2509
2392 1802 2030
2030 1802 2392
1802 2030 2392
2092 665 849
665 849 2092
849 665 2092
2814 272 1329
272 1329 2814
1329 272 2814
2203 576 789
576 789 2203
789 576 2203
2156 694 2293
2293 694 2156
694 2156 2293
2351 164 1025
164 1025 2351
1025 164 2351
2754 221 2732
221 2732 2754
2732 221 2754
2208 650 2599
2599 650 2208
650 2208 2599
1199 27 2958
27 1199 2958
2958 27 1199
2909 2460 2532
2532 2460 2909
2460 2532 2909
1147 69 2210
69 1147 2210
2210 69 1147
2955 1418 2654
2654 1418 2955
1418 2654 2955
1183 29 2890
2890 29 1183
29 1183 2890
68 2234 2573
2573 68 2234
2234 68 2573
1557 264 522
264 522 1557
522 264 1557
2462 171 1001
1001 171 2462
171 1001 2462
897 2327 2713
2327 897 2713
2713 897 2327
2712 2325 2481
2325 2481 2712
2481 2325 2712
1361 881 2077
881 1361 2077
2077 881 1361
97 601 2249
2249 97 601
601 97 2249
2434 1106 2505
2505 1106 2434
1106 2434 2505
2569 887 2039
887 2039 2569
2039 887 2569
670 1713 2111
1713 670 2111
2111 670 1713
2549 1331 1755
1331 1755 2549
1755 1331 2549
1700 378 2228
378 1700 2228
2228 378 1700
1136 483 552
552 483 1136
483 552 1136
1235 2227 2762
2227 1235 2762
2762 1235 2227
2969 293 669
669 293 2969
293 669 2969
289 1699 1788
1788 289 1699
1699 289 1788
551 1050 1567
1567 551 1050
1050 551 1567
1107 1164 1685
1685 1107 1164
1164 1107 1685
692 790 1445
790 692 1445
1445 692 790
2941 1233 1594
1233 1594 2941
1594 1233 2941
2468 1623 2083
2083 1623 2468
1623 2083 2468
2787 1793 2630
1793 2630 2787
2630 1793 2787
1154 2166 2947
2947 1154 2166
2166 1154 2947
1977 307 1405
1405 307 1977
307 1405 1977
181 2872 2990
2990 181 2872
2872 181 2990
1163 168 1429
1429 168 1163
168 1163 1429
269 326 1188
1188 269 326
326 269 1188
1119 903 2779
903 1119 2779
2779 903 1119
1338 699 2930
699 1338 2930
2930 699 1338
1431 1786 2971
2971 1431 1786
1786 1431 2971
210 840 2197
2197 210 840
840 210 2197
2634 235 1092
1092 235 2634
235 1092 2634
372 1432 2739
2739 372 1432
1432 372 2739
2148 546 2673
546 2148 2673
2673 546 2148
586 1404 2691
1404 586 2691
2691 586 1404
1535 596 2952
596 1535 2952
2952 596 1535
231 529 1921
529 231 1921
1921 231 529
2323 310 1559
310 1559 2323
1559 310 2323
516 1317 1448
1317 516 1448
1448 516 1317
1516 1295 1349
1349 1295 1516
1295 1349 1516
2458 1377 1401
1401 1377 2458
1377 1401 2458
1422 557 2898
557 1422 2898
2898 557 1422
400 79 1203
1203 79 400
79 400 1203
2609 1778 2389
1778 2389 2609
2389 1778 2609
2257 258 371
258 371 2257
371 258 2257
2491 1085 1324
1324 1085 2491
1085 1324 2491
1985 1442 1608
1442 1608 1985
1608 1442 1985
2887 1639 2821
2821 1639 2887
1639 2821 2887
555 446 2681
2681 446 555
446 555 2681
189 1180 2844
2844 189 1180
1180 189 2844
1629 877 2248
877 1629 2248
2248 877 1629
502 10 1803
1803 10 502
10 502 1803
1406 702 2046
702 1406 2046
2046 702 1406
1744 2563 2726
2726 1744 2563
2563 1744 2726
2472 2310 2419
2419 2310 2472
2310 2419 2472
384 434 2886
2886 384 434
434 384 2886
814 157 1019
157 814 1019
1019 157 814
1488 134 1965
1965 134 1488
134 1488 1965
37 578 1314
578 37 1314
1314 37 578
1709 1061 2155
1061 1709 2155
2155 1061 1709
1855 1182 2116
1182 1855 2116
2116 1182 1855
1051 1312 1500
1500 1051 1312
1312 1051 1500
1653 689 934
689 934 1653
934 689 1653
2641 1335 1631
1631 1335 2641
1335 1631 2641
2273 1932 2384
1932 2273 2384
2384 1932 2273
1082 377 2906
2906 377 1082
377 1082 2906
2523 685 2052
685 2052 2523
2052 685 2523
1845 4 2911
2911 4 1845
4 1845 2911
835 1113 2777
1113 835 2777
2777 835 1113
430 70 2518
2518 70 430
70 430 2518
2646 1556 2510
1556 2510 2646
2510 1556 2646
2375 1460 2913
2913 1460 2375
1460 2375 2913
1980 746 2580
2580 746 1980
746 1980 2580
1662 6 2269
2269 6 1662
6 1662 2269
1840 2396 2455
2455 1840 2396
2396 1840 2455
2697 166 713
713 166 2697
166 713 2697
1546 1976 2923
2923 1546 1976
1976 1546 2923
1251 1496 2781
1496 1251 2781
2781 1251 1496
1024 2162 2775
2775 1024 2162
2162 1024 2775
1828 946 2525
946 1828 2525
2525 946 1828
2711 169 227
227 169 2711
169 227 2711
2840 56 600
56 600 2840
600 56 2840
2219 1434 2274
1434 2219 2274
2274 1434 2219
155 799 1014
799 155 1014
1014 155 799
211 1038 1761
1761 211 1038
1038 211 1761
2123 138 939
138 939 2123
939 138 2123
2678 1032 1393
1032 1393 2678
1393 1032 2678
1376 90 2925
90 1376 2925
2925 90 1376
394 154 266
266 154 394
154 266 394
1423 185 1425
185 1423 1425
1425 185 1423
1886 223 2962
2962 223 1886
223 1886 2962
868 292 2283
2283 292 868
292 868 2283
618 581 2365
581 618 2365
2365 581 618
540 964 1453
1453 540 964
964 540 1453
1309 638 1630
1630 638 1309
638 1309 1630
758 114 332
114 332 758
332 114 758
1935 268 610
268 610 1935
610 268 1935
411 313 532
532 313 411
313 411 532
1458 413 471
471 413 1458
413 471 1458
986 1852 2430
1852 986 2430
2430 986 1852
2321 2643 2807
2807 2321 2643
2643 2321 2807
741 1066 1179
1179 741 1066
1066 741 1179
232 349 2359
2359 232 349
349 232 2359
2060 1652 2214
2214 1652 2060
1652 2060 2214
1242 1230 2043
1230 1242 2043
2043 1230 1242
941 435 1634
1634 435 941
435 941 1634
1044 1880 2082
2082 1044 1880
1880 1044 2082
1674 542 2395
2395 542 1674
542 1674 2395
614 48 2575
48 614 2575
2575 48 614
2089 800 1272
800 1272 2089
1272 800 2089
2908 1198 2658
1198 2658 2908
2658 1198 2908
2492 1063 1826
1063 1826 2492
1826 1063 2492
1570 533 1523
1523 533 1570
533 1523 1570
2864 9 1579
1579 9 2864
9 1579 2864
1365 691 2725
2725 691 1365
691 1365 2725
2522 688 2181
688 2181 2522
2181 688 2522
408 574 2268
2268 408 574
574 408 2268
156 222 1155
1155 156 222
222 156 1155
1835 1234 2910
1234 1835 2910
2910 1234 1835
1675 740 776
776 740 1675
740 776 1675
690 163 2957
163 690 2957
2957 163 690
2812 624 2570
624 2570 2812
2570 624 2812
1450 1144 1794
1144 1450 1794
1794 1144 1450
1494 1955 2822
2822 1494 1955
1955 1494 2822
635 727 2499
2499 635 727
727 635 2499
399 1266 2218
1266 399 2218
2218 399 1266
2666 407 649
407 649 2666
649 407 2666
1102 461 1966
1966 461 1102
461 1102 1966
1184 1043 2818
1043 1184 2818
2818 1043 1184
2175 869 1101
869 1101 2175
1101 869 2175
2514 821 1240
821 1240 2514
1240 821 2514
103 2054 2381
2381 103 2054
2054 103 2381
2800 808 1760
808 1760 2800
1760 808 2800
1635 2276 2953
2953 1635 2276
2276 1635 2953
346 1466 1648
1466 346 1648
1648 346 1466
848 862 1789
1789 848 862
862 848 1789
519 192 1286
192 519 1286
1286 192 519
1818 18 1300
1300 18 1818
18 1300 1818
2258 99 1528
99 1528 2258
1528 99 2258
2482 1409 2714
2714 1409 2482
1409 2482 2714
797 1015 1280
1015 797 1280
1280 797 1015
457 432 608
432 457 608
608 432 457
714 1187 2209
1187 714 2209
2209 714 1187
1452 1330 2833
1330 1452 2833
2833 1330 1452
2774 1339 2551
1339 2551 2774
2551 1339 2774
348 1774 2687
1774 348 2687
2687 348 1774
667 2124 2187
2124 667 2187
2187 667 2124
1249 523 858
858 523 1249
523 858 1249
1013 508 2429
2429 508 1013
508 1013 2429
219 1978 2448
1978 219 2448
2448 219 1978
659 1105 2487
2487 659 1105
1105 659 2487
1737 1726 1901
1726 1737 1901
1901 1726 1737
1856 580 841
580 841 1856
841 580 1856
1411 202 2235
202 1411 2235
2235 202 1411
945 1046 2346
1046 945 2346
2346 945 1046
2625 1733 2278
2278 1733 2625
1733 2278 2625
544 1153 2245
2245 544 1153
1153 544 2245
2989 1521 1784
1784 1521 2989
1521 1784 2989
2915 936 2355
936 2355 2915
2355 936 2915
2225 1011 2079
1011 2079 2225
2079 1011 2225
2896 366 1550
1550 366 2896
366 1550 2896
1518 447 1162
447 1162 1518
1162 447 1518
2180 715 1934
1934 715 2180
715 1934 2180
1791 21 335
335 21 1791
21 335 1791
2075 1877 2729
2729 1877 2075
1877 2075 2729
1973 1677 2832
1677 1973 2832
2832 1677 1973
805 354 2313
354 805 2313
2313 354 805
318 205 1601
205 318 1601
1601 205 318
1017 1451 2587
2587 1017 1451
1451 1017 2587
1042 1218 1459
1218 1042 1459
1459 1042 1218
1336 1915 2995
2995 1336 1915
1915 1336 2995
1529 560 2026
2026 560 1529
560 1529 2026
1067 781 1637
1637 781 1067
781 1067 1637
885 630 2536
630 885 2536
2536 630 885
752 709 2177
709 752 2177
2177 709 752
474 1417 1647
1647 474 1417
1417 474 1647
977 464 1563
464 977 1563
1563 464 977
1929 480 1586
480 1586 1929
1586 480 1929
2502 417 866
417 866 2502
866 417 2502
1656 1075 1519
1519 1075 1656
1075 1519 1656
1344 693 1181
1181 693 1344
693 1181 1344
904 860 963
963 860 904
860 904 963
1944 1362 2611
1362 1944 2611
2611 1362 1944
350 1614 1822
1614 350 1822
1822 350 1614
1284 1366 2186
1366 1284 2186
2186 1284 1366
2275 1945 2638
1945 2275 2638
2638 1945 2275
1655 603 720
720 603 1655
603 720 1655
2230 77 2976
2976 77 2230
77 2230 2976
2852 2889 2972
2972 2852 2889
2889 2852 2972
711 853 2237
853 711 2237
2237 711 853
579 162 786
162 579 786
786 162 579
1292 71 2888
71 1292 2888
2888 71 1292
2885 1512 1532
1532 1512 2885
1512 1532 2885
1953 893 1091
1091 893 1953
893 1091 1953
1133 1305 2686
1305 1133 2686
2686 1133 1305
1939 1158 1621
1621 1158 1939
1158 1621 1939
2354 473 1782
473 1782 2354
1782 473 2354
453 2408 2979
2408 453 2979
2979 453 2408
537 22 160
160 22 537
22 160 537
1137 886 947
886 947 1137
947 886 1137
1463 2108 2981
2981 1463 2108
2108 1463 2981
983 392 2034
2034 392 983
392 983 2034
524 1995 2743
1995 524 2743
2743 524 1995
2918 344 2056
2056 344 2918
344 2056 2918
375 1323 1986
1323 375 1986
1986 375 1323
1260 431 2516
431 1260 2516
2516 431 1260
2240 803 2721
2721 803 2240
803 2240 2721
970 1270 2451
1270 970 2451
2451 970 1270
2112 525 2942
525 2112 2942
2942 525 2112
149 559 1768
559 149 1768
1768 149 559
2251 1125 1574
1125 1574 2251
1574 1125 2251
489 1853 2461
1853 489 2461
2461 489 1853
810 278 2285
2285 278 810
278 810 2285
1056 1351 2470
2470 1056 1351
1351 1056 2470
2893 336 1047
336 1047 2893
1047 336 2893
1831 391 1534
1534 391 1831
391 1534 1831
88 1467 2694
1467 88 2694
2694 88 1467
1817 287 1103
1103 287 1817
287 1103 1817
2993 191 2309
2309 191 2993
191 2309 2993
2173 1257 2098
1257 2098 2173
2098 1257 2173
1421 1492 1981
1492 1421 1981
1981 1421 1492
1719 150 499
499 150 1719
150 499 1719
1037 1878 1998
1998 1037 1878
1878 1037 1998
1455 1576 2553
1576 1455 2553
2553 1455 1576
825 1759 2789
1759 825 2789
2789 825 1759
229 1940 2410
1940 229 2410
2410 229 1940
2113 184 2096
184 2096 2113
2096 184 2113
1278 2020 2114
2114 1278 2020
2020 1278 2114
1581 488 1763
1763 488 1581
488 1581 1763
1920 1380 1728
1728 1380 1920
1380 1728 1920
761 2521 2868
2868 761 2521
2521 761 2868
1009 1821 2545
1821 1009 2545
2545 1009 1821
1913 2902 2919
2919 1913 2902
2902 1913 2919
1589 985 1592
985 1589 1592
1592 985 1589
2831 916 2708
2708 916 2831
916 2708 2831
2731 1282 1681
1282 1681 2731
1681 1282 2731
1489 389 2236
2236 389 1489
389 1489 2236
1367 933 1795
933 1367 1795
1795 933 1367
901 1060 2291
1060 901 2291
2291 901 1060
1212 20 1288
1288 20 1212
20 1212 1288
1599 242 1669
242 1599 1669
1669 242 1599
2178 1220 2565
2565 1220 2178
1220 2178 2565
1343 1513 2826
1513 1343 2826
2826 1343 1513
806 521 2025
521 806 2025
2025 521 806
1461 2031 2651
2651 1461 2031
2031 1461 2651
136 2286 2982
2982 136 2286
2286 136 2982
441 95 2816
2816 95 441
95 441 2816
1533 1524 1597
1597 1524 1533
1524 1533 1597
2659 270 2133
2133 270 2659
270 2133 2659
1517 1108 2937
1108 1517 2937
2937 1108 1517
2879 481 907
481 907 2879
907 481 2879
845 174 1936
1936 174 845
174 845 1936
673 1498 1841
1841 673 1498
1498 673 1841
764 1959 2907
2907 764 1959
1959 764 2907
2717 305 873
873 305 2717
305 873 2717
2841 1530 2107
2107 1530 2841
1530 2107 2841
297 342 2610
2610 297 342
342 297 2610
2541 1810 1954
1954 1810 2541
1810 1954 2541
196 425 1988
1988 196 425
425 196 1988
736 118 1360
1360 118 736
118 736 1360
1970 2165 2350
2165 1970 2350
2350 1970 2165
615 2390 2733
2390 615 2733
2733 615 2390
1086 319 2700
319 1086 2700
2700 319 1086
1798 926 2204
926 1798 2204
2204 926 1798
422 1993 2808
2808 422 1993
1993 422 2808
957 2791 2901
2791 957 2901
2901 957 2791
1462 1159 2348
2348 1159 1462
1159 1462 2348
2289 94 153
153 94 2289
94 153 2289
1987 955 2483
2483 955 1987
955 1987 2483
513 2370 2586
2586 513 2370
2370 513 2586
2895 201 275
275 201 2895
201 275 2895
1732 1501 2858
2858 1501 1732
1501 1732 2858
460 884 1520
1520 460 884
884 460 1520
1301 147 1679
147 1301 1679
1679 147 1301
623 1994 2530
1994 623 2530
2530 623 1994
2360 24 2294
2294 24 2360
24 2294 2360
2073 545 994
994 545 2073
545 994 2073
2548 539 2734
2734 539 2548
539 2548 2734
917 1255 1378
1378 917 1255
1255 917 1378
981 1396 2413
2413 981 1396
1396 981 2413
234 1131 2176
2176 234 1131
1131 234 2176
1542 2338 2399
2399 1542 2338
2338 1542 2399
2465 1397 2850
1397 2465 2850
2850 1397 2465
2287 2727 2736
2727 2287 2736
2736 2287 2727
553 204 1135
1135 204 553
204 553 1135
2017 625 1588
1588 625 2017
625 1588 2017
1142 247 1536
247 1142 1536
1536 247 1142
2854 504 1525
1525 504 2854
504 1525 2854
2037 1622 2304
2304 1622 2037
1622 2037 2304
2128 1596 2869
2869 1596 2128
1596 2128 2869
2776 792 961
961 792 2776
792 961 2776
105 167 2324
2324 105 167
167 105 2324
1503 1780 2960
1780 1503 2960
2960 1503 1780
1721 1340 1851
1851 1340 1721
1340 1721 1851
248 250 475
250 248 475
475 248 250
774 1427 1914
1914 774 1427
1427 774 1914
771 919 1531
919 771 1531
1531 771 919
710 53 1510
53 710 1510
1510 53 710
1068 642 2583
642 1068 2583
2583 642 1068
2748 996 2136
996 2136 2748
2136 996 2748
1375 831 1938
1938 831 1375
831 1375 1938
124 1008 2851
2851 124 1008
1008 124 2851
1259 238 2978
238 1259 2978
2978 238 1259
8 899 2758
2758 8 899
899 8 2758
1298 178 1804
178 1298 1804
1804 178 1298
2968 428 2053
2053 428 2968
428 2053 2968
2546 123 172
172 123 2546
123 172 2546
1848 1390 2121
2121 1390 1848
1390 1848 2121
2078 2279 2500
2500 2078 2279
2279 2078 2500
2984 1982 2373
1982 2373 2984
2373 1982 2984
1145 1555 2730
1555 1145 2730
2730 1145 1555
285 503 2710
2710 285 503
503 285 2710
958 1777 2463
1777 958 2463
2463 958 1777
2445 1319 2330
1319 2330 2445
2330 1319 2445
2865 283 748
283 748 2865
748 283 2865
1196 1573 2535
1573 1196 2535
2535 1196 1573
2033 1522 1717
1522 1717 2033
1717 1522 2033
2534 2792 2905
2792 2534 2905
2905 2534 2792
96 556 1412
1412 96 556
556 96 1412
429 674 726
726 429 674
674 429 726
2190 1129 1964
1964 1129 2190
1129 1964 2190
220 1927 2555
2555 220 1927
1927 220 2555
1626 1128 2358
2358 1128 1626
1128 1626 2358
1590 412 1951
412 1590 1951
1951 412 1590
2949 633 2934
633 2934 2949
2934 633 2949
161 2426 2935
2935 161 2426
2426 161 2935
1074 439 493
439 493 1074
493 439 1074
1861 932 2596
932 1861 2596
2596 932 1861
640 454 1551
1551 454 640
454 640 1551
233 1564 2676
1564 233 2676
2676 233 1564
1441 52 1384
1384 52 1441
52 1384 1441
1374 85 1258
1258 85 1374
85 1258 1374
237 334 1322
1322 237 334
334 237 1322
1076 2247 2266
2247 1076 2266
2266 1076 2247
648 121 895
121 648 895
895 121 648
1435 1134 2444
1134 1435 2444
2444 1134 1435
1473 43 2715
43 1473 2715
2715 43 1473
1829 855 1410
1410 855 1829
855 1410 1829
2212 894 982
894 982 2212
982 894 2212
1342 286 2849
2849 286 1342
286 1342 2849
880 442 1130
442 880 1130
1130 442 880
2117 423 501
423 501 2117
501 423 2117
311 2512 2562
2512 311 2562
2562 311 2512
1667 74 1290
74 1290 1667
1290 74 1667
478 733 1058
733 478 1058
1058 478 733
824 485 708
485 708 824
708 485 824
2093 857 1156
1156 857 2093
857 1156 2093
273 660 1077
1077 273 660
660 273 1077
584 2577 2633
2633 584 2577
2577 584 2633
2347 1241 2345
1241 2345 2347
2345 1241 2347
684 626 2720
626 684 2720
2720 626 684
448 526 2629
526 448 2629
2629 448 526
193 2295 2761
2761 193 2295
2295 193 2761
2402 2692 2973
2692 2402 2973
2973 2402 2692
152 1192 2554
1192 152 2554
2554 152 1192
362 1245 1566
1566 362 1245
1245 362 1566
141 591 2631
591 141 2631
2631 141 591
843 406 930
406 843 930
930 406 843
370 1486 1836
1836 370 1486
1486 370 1836
925 281 2158
281 925 2158
2158 281 925
45 1140 2232
1140 45 2232
2232 45 1140
1354 466 666
466 666 1354
666 466 1354
450 672 2163
2163 450 672
672 450 2163
363 2284 2943
2284 363 2943
2943 363 2284
2134 1544 2438
1544 2134 2438
2438 1544 2134
274 830 2152
2152 274 830
830 274 2152
2307 241 383
383 241 2307
241 383 2307
2756 1170 2507
2507 1170 2756
1170 2507 2756
277 188 2125
188 277 2125
2125 188 277
1606 1636 2603
1636 1606 2603
2603 1606 1636
2353 1310 2542
1310 2353 2542
2542 1310 2353
1931 768 2827
768 1931 2827
2827 768 1931
1926 401 2830
2830 401 1926
401 1926 2830
2300 1499 2757
1499 2300 2757
2757 1499 2300
1228 1065 2211
2211 1065 1228
1065 1228 2211
892 1217 2801
2801 892 1217
1217 892 2801
296 604 1651
604 296 1651
1651 296 604
909 490 2377
490 909 2377
2377 490 909
2281 228 2423
228 2281 2423
2423 228 2281
2544 1048 2328
1048 2328 2544
2328 1048 2544
929 695 1321
1321 695 929
695 929 1321
1696 165 2021
2021 165 1696
165 1696 2021
1633 132 261
261 132 1633
132 261 1633
802 108 2753
2753 108 802
108 802 2753
1160 190 2457
190 1160 2457
2457 190 1160
948 988 2263
2263 948 988
988 948 2263
343 2362 2944
2944 343 2362
2362 343 2944
609 256 2467
256 609 2467
2467 256 609
517 301 987
301 517 987
987 301 517
28 116 2668
116 28 2668
2668 28 116
865 2139 2485
2139 865 2485
2485 865 2139
240 1849 2772
2772 240 1849
1849 240 2772
2871 1545 1888
1888 1545 2871
1545 1888 2871
739 795 1428
795 739 1428
1428 739 795
641 1252 2702
2702 641 1252
1252 641 2702
785 1539 2466
1539 785 2466
2466 785 1539
590 997 2376
997 590 2376
2376 590 997
2142 2138 2397
2397 2138 2142
2138 2142 2397
1695 730 1748
1748 730 1695
730 1695 1748
725 2394 2815
2815 725 2394
2394 725 2815
772 445 2241
445 772 2241
2241 445 772
122 1694 2065
1694 122 2065
2065 122 1694
801 1659 2860
1659 801 2860
2860 801 1659
5 197 280
197 5 280
280 5 197
2597 634 2684
2684 634 2597
634 2597 2684
2084 2744 2823
2744 2084 2823
2823 2084 2744
1912 1110 2496
2496 1110 1912
1110 1912 2496
1407 678 1141
678 1141 1407
1141 678 1407
82 1190 1909
1909 82 1190
1190 82 1909
2372 198 536
198 536 2372
536 198 2372
1971 923 931
931 923 1971
923 931 1971
652 1607 2848
2848 652 1607
1607 652 2848
245 60 2839
60 245 2839
2839 60 245
2097 1031 2105
1031 2097 2105
2105 1031 2097
1752 66 1508
66 1508 1752
1508 66 1752
2884 1372 1882
1882 1372 2884
1372 1882 2884
2151 386 1070
1070 386 2151
386 1070 2151
1572 54 2095
54 1572 2095
2095 54 1572
299 1172 2798
1172 299 2798
2798 299 1172
2809 1619 2129
2129 1619 2809
1619 2129 2809
2824 140 1215
140 1215 2824
1215 140 2824
2439 943 2322
943 2322 2439
2322 943 2439
2504 999 2738
999 2504 2738
2738 999 2504
2974 751 1585
751 1585 2974
1585 751 2974
2040 2144 2704
2144 2040 2704
2704 2040 2144
424 1837 2537
2537 424 1837
1837 424 2537
687 1337 2058
1337 687 2058
2058 687 1337
295 1308 2143
2143 295 1308
1308 295 2143
2891 2242 2636
2636 2242 2891
2242 2636 2891
664 1151 1477
1151 664 1477
1477 664 1151
745 989 2041
989 745 2041
2041 745 989
2520 798 1469
798 1469 2520
1469 798 2520
1124 455 2314
455 1124 2314
2314 455 1124
449 757 1654
1654 449 757
757 449 1654
900 842 1846
1846 842 900
842 900 1846
2689 571 2783
571 2689 2783
2783 571 2689
1538 1289 2916
2916 1289 1538
1289 1538 2916
2013 2012 2786
2012 2013 2786
2786 2012 2013
2343 1353 1389
1353 1389 2343
1389 1353 2343
323 968 2256
2256 323 968
968 323 2256
2229 2169 2945
2169 2229 2945
2945 2169 2229
1843 1678 1730
1730 1678 1843
1678 1730 1843
1661 379 2393
2393 379 1661
379 1661 2393
2877 199 2970
199 2877 2970
2970 199 2877
1171 750 1873
750 1171 1873
1873 750 1171
902 2593 2595
2595 902 2593
2593 902 2595
1710 1911 2106
1911 1710 2106
2106 1710 1911
2246 1487 2760
2760 1487 2246
1487 2246 2760
2302 707 756
707 756 2302
756 707 2302
158 629 2024
629 158 2024
2024 158 629
1392 1016 2066
1016 1392 2066
2066 1016 1392
1896 940 1617
940 1617 1896
1617 940 1896
361 144 2954
144 361 2954
2954 144 361
2126 1370 2621
2621 1370 2126
1370 2126 2621
1476 337 2226
2226 337 1476
337 1476 2226
1439 1808 1925
1925 1439 1808
1808 1439 1925
2254 594 1416
1416 594 2254
594 1416 2254
1610 1670 1805
1670 1610 1805
1805 1610 1670
1640 1493 2675
1493 1640 2675
2675 1493 1640
1830 2557 2788
2788 1830 2557
2557 1830 2788
183 170 1540
1540 170 183
170 183 1540
2486 839 2508
839 2486 2508
2508 839 2486
908 1347 1725
1347 908 1725
1725 908 1347
294 611 2068
2068 294 611
611 294 2068
14 146 2584
146 14 2584
2584 14 146
1325 267 2793
2793 267 1325
267 1325 2793
1090 1197 2006
1197 1090 2006
2006 1090 1197
2682 1823 2543
1823 2543 2682
2543 1823 2682
347 854 1960
1960 347 854
854 347 1960
1150 1465 1771
1771 1150 1465
1465 1150 1771
1883 290 2988
2988 290 1883
290 1883 2988
697 133 1035
133 697 1035
1035 133 697
2403 549 565
549 565 2403
565 549 2403
1558 680 2122
680 1558 2122
2122 680 1558
458 213 723
723 213 458
213 458 723
1869 754 2966
2966 754 1869
754 1869 2966
2698 333 374
333 374 2698
374 333 2698
2418 1650 2070
1650 2070 2418
2070 1650 2418
1296 25 876
876 25 1296
25 876 1296
567 2255 2456
2255 567 2456
2456 567 2255
