972 978 1359
978 972 1359
1359 972 978
2821 327 2241
327 2241 2821
2241 327 2821
512 330 781
330 512 781
781 330 512
1541 432 923
923 432 1541
432 923 1541
1969 2374 2644
2644 1969 2374
2374 1969 2644
2659 911 951
951 911 2659
911 951 2659
1250 986 2819
986 1250 2819
2819 986 1250
2969 1837 2467
2467 1837 2969
1837 2467 2969
2223 181 2508
2508 181 2223
181 2223 2508
320 1684 2587
1684 320 2587
2587 320 1684
678 857 2779
2779 678 857
857 678 2779
2806 836 931
836 931 2806
931 836 2806
1026 226 1281
1281 226 1026
226 1026 1281
1717 1226 2802
2802 1226 1717
1226 1717 2802
1171 246 1400
1400 246 1171
246 1171 1400
614 91 2051
2051 91 614
91 614 2051
2197 2246 2675
2675 2197 2246
2246 2197 2675
794 1562 2912
1562 794 2912
2912 794 1562
1552 1078 2948
1078 1552 2948
2948 1078 1552
1920 1921 2769
2769 1920 1921
1921 1920 2769
1149 516 2414
516 1149 2414
2414 516 1149
2991 897 2366
2366 897 2991
897 2366 2991
2074 557 962
962 557 2074
557 962 2074
1196 2076 2132
2132 1196 2076
2076 1196 2132
484 1456 2464
2464 484 1456
1456 484 2464
1852 48 983
48 983 1852
983 48 1852
2277 159 1266
159 1266 2277
1266 159 2277
2582 669 1476
669 1476 2582
1476 669 2582
1412 827 1239
1239 827 1412
827 1239 1412
1402 834 1789
1789 834 1402
834 1402 1789
2929 205 2510
2510 205 2929
205 2510 2929
1698 2071 2627
2071 1698 2627
2627 1698 2071
2460 767 2012
767 2012 2460
2012 767 2460
2684 39 2272
39 2272 2684
2272 39 2684
137 518 2626
518 137 2626
2626 137 518
2043 1184 1385
1385 1184 2043
1184 1385 2043
2220 248 1950
1950 248 2220
248 1950 2220
2542 937 1150
1150 937 2542
937 1150 2542
2048 2721 2850
2721 2048 2850
2850 2048 2721
1221 390 605
605 390 1221
390 605 1221
1576 1289 2720
1289 1576 2720
2720 1289 1576
285 1044 1311
1044 285 1311
1311 285 1044
329 2227 2937
2227 329 2937
2937 329 2227
1024 1408 1714
1714 1024 1408
1408 1024 1714
1199 1222 1323
1222 1199 1323
1323 1199 1222
2419 125 350
125 350 2419
350 125 2419
396 682 2477
2477 396 682
682 396 2477
2067 135 774
774 135 2067
135 774 2067
1489 744 997
997 744 1489
744 997 1489
284 807 1186
807 284 1186
1186 284 807
2093 166 2787
2787 166 2093
166 2093 2787
2389 915 1153
1153 915 2389
915 1153 2389
1051 2166 2775
2775 1051 2166
2166 1051 2775
2321 337 968
968 337 2321
337 968 2321
221 147 2797
147 221 2797
2797 147 221
2615 2150 2418
2418 2150 2615
2150 2418 2615
386 1050 2680
1050 386 2680
2680 386 1050
401 718 1486
718 401 1486
1486 401 718
261 1114 1706
1114 261 1706
1706 261 1114
778 12 1049
1049 12 778
12 778 1049
457 947 1668
947 457 1668
1668 457 947
2957 193 2822
193 2822 2957
2822 193 2957
1042 823 2095
2095 823 1042
823 1042 2095
2608 46 985
985 46 2608
46 985 2608
2631 709 2072
709 2072 2631
2072 709 2631
446 325 1131
325 446 1131
1131 325 446
632 1519 2073
1519 632 2073
2073 632 1519
354 651 2785
651 354 2785
2785 354 651
638 2 2559
2559 2 638
2 638 2559
2208 822 2469
822 2208 2469
2469 822 2208
1444 1405 2105
2105 1405 1444
1405 1444 2105
548 1875 2126
1875 548 2126
2126 548 1875
2313 866 1669
1669 866 2313
866 1669 2313
2658 345 501
345 501 2658
501 345 2658
1942 190 1455
1455 190 1942
190 1455 1942
2939 1753 2734
2734 1753 2939
1753 2734 2939
1054 1890 2674
1890 1054 2674
2674 1054 1890
1524 667 839
667 839 1524
839 667 1524
2820 490 610
490 610 2820
610 490 2820
2942 2411 2839
2411 2839 2942
2839 2411 2942
2297 1011 1938
1938 1011 2297
1011 1938 2297
289 472 2867
472 289 2867
2867 289 472
1521 313 2803
313 1521 2803
2803 313 1521
2853 967 2171
2171 967 2853
967 2171 2853
534 556 2650
2650 534 556
556 534 2650
2361 1243 2830
1243 2361 2830
2830 1243 2361
1935 1801 2362
1801 1935 2362
2362 1801 1935
485 2107 2186
2107 485 2186
2186 485 2107
2592 2371 2554
2554 2371 2592
2371 2554 2592
1471 250 2597
2597 250 1471
250 1471 2597
594 935 2660
935 594 2660
2660 594 935
2633 174 2376
2376 174 2633
174 2376 2633
2472 254 1068
1068 254 2472
254 1068 2472
2271 1256 2985
2985 1256 2271
1256 2271 2985
1820 271 776
271 776 1820
776 271 1820
1294 710 2042
2042 710 1294
710 1294 2042
1642 928 2176
928 1642 2176
2176 928 1642
431 1989 2995
2995 431 1989
1989 431 2995
2790 984 1813
984 1813 2790
1813 984 2790
1697 1496 1647
1647 1496 1697
1496 1647 1697
871 2622 2922
2622 871 2922
2922 871 2622
95 477 2254
2254 95 477
477 95 2254
1137 559 858
858 559 1137
559 858 1137
2967 503 2401
2401 503 2967
503 2401 2967
779 267 2676
267 779 2676
2676 267 779
2481 927 1960
1960 927 2481
927 1960 2481
502 918 2888
918 502 2888
2888 502 918
1450 223 1008
1008 223 1450
223 1008 1450
85 1661 2813
2813 85 1661
1661 85 2813
2849 391 1363
1363 391 2849
391 1363 2849
2420 349 1331
1331 349 2420
349 1331 2420
1317 308 1848
308 1317 1848
1848 308 1317
2442 16 1351
16 1351 2442
1351 16 2442
1968 2526 2685
2685 1968 2526
2526 1968 2685
1267 1140 2504
2504 1140 1267
1140 1267 2504
2704 418 2003
2003 418 2704
418 2003 2704
82 510 2874
510 82 2874
2874 82 510
808 266 1686
266 808 1686
1686 266 808
2001 210 2407
2407 210 2001
210 2001 2407
2926 950 1507
950 1507 2926
1507 950 2926
946 961 1027
961 946 1027
1027 946 961
1812 353 1516
1516 353 1812
353 1516 1812
2927 1276 1733
1276 1733 2927
1733 1276 2927
1224 305 2129
305 1224 2129
2129 305 1224
492 1582 2437
1582 492 2437
2437 492 1582
3 832 1038
1038 3 832
832 3 1038
435 905 1993
1993 435 905
905 435 1993
2919 406 2149
406 2149 2919
2149 406 2919
758 1093 2448
2448 758 1093
1093 758 2448
216 341 2077
2077 216 341
341 216 2077
2285 2278 2945
2945 2278 2285
2278 2285 2945
1585 1286 2423
1286 1585 2423
2423 1286 1585
2964 717 2052
2052 717 2964
717 2052 2964
1249 498 2164
498 1249 2164
2164 498 1249
1817 1835 2140
2140 1817 1835
1835 1817 2140
2417 1623 2495
2495 1623 2417
1623 2417 2495
53 506 1418
506 53 1418
1418 53 506
752 2406 2435
2435 752 2406
2406 752 2435
1679 641 1710
1710 641 1679
641 1679 1710
1843 292 957
292 957 1843
957 292 1843
294 973 1460
1460 294 973
973 294 1460
1158 1092 2556
1092 1158 2556
2556 1092 1158
2130 601 720
601 720 2130
720 601 2130
2871 783 2065
783 2065 2871
2065 783 2871
2636 1699 2045
1699 2045 2636
2045 1699 2636
1376 1047 1537
1537 1047 1376
1047 1376 1537
1578 389 2901
2901 389 1578
389 1578 2901
1279 910 2845
2845 910 1279
910 1279 2845
854 331 2234
331 854 2234
2234 331 854
1126 1702 1956
1956 1126 1702
1702 1126 1956
2883 1000 1793
1793 1000 2883
1000 1793 2883
711 1602 2733
2733 711 1602
1602 711 2733
2909 310 1085
1085 310 2909
310 1085 2909
2117 455 1995
455 1995 2117
1995 455 2117
452 1019 2276
2276 452 1019
1019 452 2276
2354 1619 1996
1996 1619 2354
1619 1996 2354
1321 551 1118
551 1118 1321
1118 551 1321
533 99 225
99 225 533
225 99 533
577 989 2747
2747 577 989
989 577 2747
2702 1422 2817
1422 2702 2817
2817 1422 2702
1976 1520 1711
1711 1520 1976
1520 1711 1976
1999 103 1308
103 1308 1999
1308 103 1999
1545 140 1624
140 1545 1624
1624 140 1545
2897 1063 2178
1063 2178 2897
2178 1063 2897
1548 165 1061
1061 165 1548
165 1061 1548
2724 370 1707
370 1707 2724
1707 370 2724
603 2428 2743
2743 603 2428
2428 603 2743
186 1962 2794
1962 186 2794
2794 186 1962
2086 1617 2540
2540 1617 2086
1617 2086 2540
257 483 2692
483 257 2692
2692 257 483
413 213 2905
2905 213 413
213 413 2905
2511 236 1595
1595 236 2511
236 1595 2511
1211 636 792
636 792 1211
792 636 1211
1293 1612 2588
2588 1293 1612
1612 1293 2588
1814 1053 1891
1891 1053 1814
1053 1814 1891
564 1614 2583
1614 564 2583
2583 564 1614
2483 2931 2973
2931 2483 2973
2973 2483 2931
906 715 2994
715 906 2994
2994 715 906
1079 1515 1658
1515 1079 1658
1658 1079 1515
2616 1478 2388
1478 2388 2616
2388 1478 2616
2369 878 1419
1419 878 2369
878 1419 2369
2549 54 2157
54 2157 2549
2157 54 2549
2665 995 2780
995 2665 2780
2780 995 2665
1933 1981 2121
2121 1933 1981
1981 1933 2121
1628 2363 2619
2619 1628 2363
2363 1628 2619
220 339 1824
339 220 1824
1824 220 339
980 2524 2777
2524 980 2777
2777 980 2524
462 944 1727
1727 462 944
944 462 1727
852 1283 1828
1283 852 1828
1828 852 1283
2645 688 1006
688 1006 2645
1006 688 2645
942 1839 2413
2413 942 1839
1839 942 2413
265 399 2083
399 265 2083
2083 265 399
1138 249 1818
1818 249 1138
249 1138 1818
177 73 2723
2723 73 177
73 177 2723
1819 1701 2343
1701 1819 2343
2343 1701 1819
643 1188 2576
2576 643 1188
1188 643 2576
2232 274 1568
1568 274 2232
274 1568 2232
1467 685 2577
2577 685 1467
685 1467 2577
2640 2206 2918
2206 2640 2918
2918 2206 2640
489 50 1119
1119 50 489
50 489 1119
1907 1534 2648
2648 1534 1907
1534 1907 2648
1303 1438 1599
1438 1303 1599
1599 1303 1438
447 2498 2568
2568 447 2498
2498 447 2568
1540 1670 2078
1670 1540 2078
2078 1540 1670
2154 843 2810
843 2154 2810
2810 843 2154
2395 515 1157
515 1157 2395
1157 515 2395
847 587 2951
587 847 2951
2951 587 847
1892 1469 2771
1469 1892 2771
2771 1469 1892
44 211 2177
211 44 2177
2177 44 211
2686 1067 2084
1067 2084 2686
2084 1067 2686
1381 850 2410
2410 850 1381
850 1381 2410
697 2949 2980
2980 697 2949
2949 697 2980
1305 260 2225
260 1305 2225
2225 260 1305
892 22 202
202 22 892
22 202 892
1514 804 1214
804 1214 1514
1214 804 1514
2011 81 2914
81 2011 2914
2914 81 2011
131 449 1897
1897 131 449
449 131 1897
1095 670 787
670 787 1095
787 670 1095
1426 2382 2831
2382 1426 2831
2831 1426 2382
2441 517 593
593 517 2441
517 593 2441
2943 1040 2784
1040 2784 2943
2784 1040 2943
1904 812 2958
2958 812 1904
812 1904 2958
84 1862 2013
1862 84 2013
2013 84 1862
233 796 2153
796 233 2153
2153 233 796
2294 2156 2217
2217 2156 2294
2156 2217 2294
2131 1762 1797
1762 1797 2131
1797 1762 2131
612 408 1616
1616 408 612
408 612 1616
1416 29 464
464 29 1416
29 464 1416
2334 10 2224
2224 10 2334
10 2224 2334
2663 1873 2290
1873 2290 2663
2290 1873 2663
2396 15 885
885 15 2396
15 885 2396
1037 1542 2070
2070 1037 1542
1542 1037 2070
1268 1174 2221
1174 1268 2221
2221 1174 1268
2863 1922 1947
1922 1947 2863
1947 1922 2863
2069 364 1790
364 1790 2069
1790 364 2069
191 336 1424
336 191 1424
1424 191 336
1853 1802 2852
1802 1853 2852
2852 1802 1853
2445 224 763
224 763 2445
763 224 2445
2286 1940 2269
2269 1940 2286
1940 2269 2286
599 2114 2503
2503 599 2114
2114 599 2503
2789 1704 1755
1704 1755 2789
1755 1704 2789
2571 543 791
791 543 2571
543 791 2571
2876 1284 2683
1284 2683 2876
2683 1284 2876
112 283 1458
1458 112 283
283 112 1458
2512 1894 2175
2175 1894 2512
1894 2175 2512
2745 1087 1692
1692 1087 2745
1087 1692 2745
2028 499 1209
499 1209 2028
1209 499 2028
2427 282 2008
2008 282 2427
282 2008 2427
941 1785 2054
1785 941 2054
2054 941 1785
1640 1014 1306
1014 1306 1640
1306 1014 1640
1334 1253 2479
1253 1334 2479
2479 1253 1334
1237 239 360
239 360 1237
360 239 1237
117 263 920
263 117 920
920 117 263
1230 385 982
385 982 1230
982 385 1230
2205 790 900
900 790 2205
790 900 2205
1792 1884 1977
1977 1792 1884
1884 1792 1977
1696 1235 1468
1235 1468 1696
1468 1235 1696
388 1434 1487
1434 388 1487
1487 388 1434
1666 244 1951
244 1666 1951
1951 244 1666
2979 2858 2895
2858 2895 2979
2895 2858 2979
1105 2868 2902
2902 1105 2868
2868 1105 2902
645 1082 1340
1082 645 1340
1340 645 1082
1865 300 2426
300 1865 2426
2426 300 1865
1683 441 1097
1097 441 1683
441 1097 1683
519 751 1154
1154 519 751
751 519 1154
88 1180 1620
1620 88 1180
1180 88 1620
2097 2458 2981
2458 2097 2981
2981 2097 2458
1271 74 2452
74 1271 2452
2452 74 1271
2245 1245 2110
1245 2110 2245
2110 1245 2245
76 243 1758
1758 76 243
243 76 1758
890 311 2669
311 890 2669
2669 311 890
1826 960 1667
960 1667 1826
1667 960 1826
766 1094 1566
1094 766 1566
1566 766 1094
1849 1029 2136
2136 1029 1849
1029 1849 2136
20 1238 1744
1238 20 1744
1744 20 1238
2468 1811 2983
1811 2468 2983
2983 1811 2468
2405 757 2502
2502 757 2405
757 2405 2502
2952 1882 2814
2814 1882 2952
1882 2814 2952
2748 1651 2393
1651 2393 2748
2393 1651 2748
2507 98 2057
98 2057 2507
2057 98 2507
1409 49 2614
2614 49 1409
49 1409 2614
889 128 2609
128 889 2609
2609 128 889
954 683 2635
2635 683 954
683 954 2635
1810 1513 2037
1513 1810 2037
2037 1513 1810
2840 1060 1136
1060 1136 2840
1136 1060 2840
2240 197 2090
197 2090 2240
2090 197 2240
1288 141 231
231 141 1288
141 231 1288
2378 229 1512
229 1512 2378
1512 229 2378
2103 247 2237
247 2103 2237
2237 247 2103
2229 32 1410
32 1410 2229
1410 32 2229
1678 1964 2058
1964 1678 2058
2058 1678 1964
394 92 1887
92 394 1887
1887 92 394
1747 745 1694
1694 745 1747
745 1694 1747
1269 2201 2638
2201 1269 2638
2638 1269 2201
546 309 1932
309 546 1932
1932 309 546
500 1423 2726
2726 500 1423
1423 500 2726
2478 1527 2767
2767 1527 2478
1527 2478 2767
86 746 2984
2984 86 746
746 86 2984
2999 1493 2199
2199 1493 2999
1493 2199 2999
66 2015 2913
2913 66 2015
2015 66 2913
185 466 1931
1931 185 466
466 185 1931
2050 482 696
696 482 2050
482 696 2050
2697 2099 2258
2099 2258 2697
2258 2099 2697
2239 1554 2182
1554 2182 2239
2182 1554 2239
2593 747 2089
747 2089 2593
2089 747 2593
558 1804 2399
1804 558 2399
2399 558 1804
1345 833 1963
833 1345 1963
1963 833 1345
1056 1156 1856
1856 1056 1156
1156 1056 1856
1390 93 677
677 93 1390
93 677 1390
2887 1210 2855
1210 2855 2887
2855 1210 2887
1071 922 2904
2904 922 1071
922 1071 2904
2007 560 719
719 560 2007
560 719 2007
535 1084 2672
1084 535 2672
2672 535 1084
272 813 2907
813 272 2907
2907 272 813
613 1206 1787
1787 613 1206
1206 613 1787
2551 1012 1440
1440 1012 2551
1012 1440 2551
251 355 1771
355 251 1771
1771 251 355
666 726 1530
1530 666 726
726 666 1530
434 106 2480
106 434 2480
2480 106 434
902 1918 2564
1918 902 2564
2564 902 1918
1232 312 443
443 312 1232
312 443 1232
160 365 1083
365 160 1083
1083 160 365
1065 1816 2804
1816 1065 2804
2804 1065 1816
765 508 2632
508 765 2632
2632 508 765
1581 1615 2422
1615 1581 2422
2422 1581 1615
662 1472 2925
1472 662 2925
2925 662 1472
621 1473 1957
1957 621 1473
1473 621 1957
2098 1959 2722
1959 2098 2722
2722 1959 2098
816 949 2515
949 816 2515
2515 816 949
2403 2202 2331
2331 2202 2403
2202 2331 2403
1001 467 1457
1457 467 1001
467 1001 1457
2693 384 904
904 384 2693
384 904 2693
2328 1128 2022
2022 1128 2328
1128 2022 2328
1518 208 569
569 208 1518
208 569 1518
929 33 2917
33 929 2917
2917 33 929
2100 1132 2881
1132 2100 2881
2881 1132 2100
1260 600 1583
1583 600 1260
600 1260 1583
1216 101 2649
101 1216 2649
2649 101 1216
768 702 750
750 702 768
702 750 768
2494 52 2962
2962 52 2494
52 2494 2962
771 21 378
21 378 771
378 21 771
1251 358 956
358 956 1251
956 358 1251
735 567 2255
567 735 2255
2255 567 735
821 901 1183
901 821 1183
1183 821 901
1880 1567 2174
1567 1880 2174
2174 1567 1880
2572 433 908
433 908 2572
908 433 2572
708 1451 2314
1451 708 2314
2314 708 1451
2158 1558 1577
1577 1558 2158
1558 1577 2158
868 2170 2222
2222 868 2170
2170 868 2222
1681 536 2970
536 1681 2970
2970 536 1681
2960 343 1182
1182 343 2960
343 1182 2960
728 801 2950
801 728 2950
2950 728 801
277 2440 2688
2688 277 2440
2440 277 2688
575 1750 1808
1808 575 1750
1750 575 1808
539 615 2570
615 539 2570
2570 539 615
1522 514 1990
1990 514 1522
514 1522 1990
616 315 1608
1608 315 616
315 616 1608
2856 1504 2134
1504 2134 2856
2134 1504 2856
814 491 1492
1492 491 814
491 814 1492
234 2391 2459
2459 234 2391
2391 234 2459
409 855 1442
855 409 1442
1442 409 855
1734 1120 2666
1120 1734 2666
2666 1120 1734
2291 676 1228
676 1228 2291
1228 676 2291
1143 1057 2596
1057 1143 2596
2596 1057 1143
2595 626 2977
2977 626 2595
626 2595 2977
1313 442 1480
1480 442 1313
442 1313 1480
2961 302 427
302 427 2961
427 302 2961
1111 58 2760
2760 58 1111
58 1111 2760
1296 227 1510
227 1296 1510
1510 227 1296
1502 2811 2889
2811 1502 2889
2889 1502 2811
1133 1 865
865 1 1133
1 865 1133
1356 1470 2818
2818 1356 1470
1470 1356 2818
1231 440 1690
440 1231 1690
1690 440 1231
819 423 2370
423 819 2370
2370 423 819
1278 809 2730
809 1278 2730
2730 809 1278
2381 2163 2275
2275 2163 2381
2163 2275 2381
815 1229 1307
1307 815 1229
1229 815 1307
2004 2908 2920
2920 2004 2908
2908 2004 2920
1441 523 2262
523 1441 2262
2262 523 1441
123 2144 2741
2741 123 2144
2144 123 2741
1365 381 851
851 381 1365
381 851 1365
2812 2230 2612
2612 2230 2812
2230 2612 2812
1737 323 899
323 899 1737
899 323 1737
402 379 2646
2646 379 402
379 402 2646
2236 273 1320
1320 273 2236
273 1320 2236
1073 842 2261
2261 842 1073
842 1073 2261
471 69 863
863 69 471
69 471 863
1115 129 2604
2604 129 1115
129 1115 2604
2505 2082 2172
2082 2172 2505
2172 2082 2505
145 769 1773
1773 145 769
769 145 1773
2940 1254 2990
2990 1254 2940
1254 2940 2990
201 1358 1868
1868 201 1358
1358 201 1868
2550 586 1673
1673 586 2550
586 1673 2550
507 583 1508
583 507 1508
1508 507 583
270 1633 2142
2142 270 1633
1633 270 2142
521 1625 2848
2848 521 1625
1625 521 2848
1170 207 1242
207 1170 1242
1242 207 1170
1544 468 2710
2710 468 1544
468 1544 2710
1495 869 2701
2701 869 1495
869 1495 2701
2094 1384 2758
1384 2094 2758
2758 1384 2094
275 4 1741
1741 4 275
4 275 1741
1909 361 1483
1483 361 1909
361 1483 1909
2438 218 1830
1830 218 2438
218 1830 2438
1070 1108 2965
2965 1070 1108
1108 1070 2965
1399 209 1607
1607 209 1399
209 1399 1607
1181 2301 2689
2689 1181 2301
2301 1181 2689
1646 1172 2805
1172 1646 2805
2805 1172 1646
222 179 841
841 179 222
179 222 841
2233 187 200
200 187 2233
187 200 2233
573 681 2603
2603 573 681
681 573 2603
2351 743 1003
743 1003 2351
1003 743 2351
2122 1227 1335
1227 1335 2122
1335 1227 2122
1375 79 87
79 87 1375
87 79 1375
2000 130 1328
130 1328 2000
1328 130 2000
1930 561 2384
2384 561 1930
561 1930 2384
1192 1201 2465
1201 1192 2465
2465 1192 1201
1774 800 1391
800 1391 1774
1391 800 1774
775 2247 2585
2247 775 2585
2585 775 2247
2432 1367 2880
1367 2432 2880
2880 1367 2432
1543 30 114
114 30 1543
30 114 1543
2017 1002 2397
2397 1002 2017
1002 2017 2397
407 293 2664
293 407 2664
2664 293 407
1475 644 2859
644 1475 2859
2859 644 1475
838 713 2754
2754 713 838
713 838 2754
1936 598 1291
1291 598 1936
598 1291 1936
1314 1341 2155
2155 1314 1341
1341 1314 2155
37 156 1062
1062 37 156
156 37 1062
1218 478 1703
1703 478 1218
478 1218 1703
1803 777 2890
2890 777 1803
777 1803 2890
415 883 1937
883 415 1937
1937 415 883
376 650 2629
2629 376 650
650 376 2629
215 1202 1586
1202 215 1586
1586 215 1202
2256 2267 2605
2605 2256 2267
2267 2256 2605
2715 1788 2242
1788 2242 2715
2242 1788 2715
2184 1036 2792
2792 1036 2184
1036 2184 2792
1926 1751 2599
1751 1926 2599
2599 1751 1926
2997 2027 2252
2252 2027 2997
2027 2252 2997
1380 109 173
109 173 1380
173 109 1380
2288 805 1318
805 1318 2288
1318 805 2288
2766 314 1754
314 1754 2766
1754 314 2766
428 2525 2678
2525 428 2678
2678 428 2525
150 189 2183
2183 150 189
189 150 2183
2755 1532 2463
1532 2463 2755
2463 1532 2755
1200 199 1332
199 1200 1332
1332 199 1200
1983 975 2763
975 1983 2763
2763 975 1983
2443 143 2398
2398 143 2443
143 2398 2443
795 1212 2108
1212 795 2108
2108 795 1212
2036 102 1397
1397 102 2036
102 1397 2036
2189 826 1009
826 1009 2189
1009 826 2189
550 537 1163
1163 537 550
537 550 1163
2555 1491 2770
1491 2555 2770
2770 1491 2555
570 1676 2562
2562 570 1676
1676 570 2562
2900 1031 1779
1779 1031 2900
1031 1779 2900
2866 1650 2623
1650 2623 2866
2623 1650 2866
2133 1028 2424
2424 1028 2133
1028 2133 2424
2431 488 1213
488 1213 2431
1213 488 2431
2538 1838 1915
1915 1838 2538
1838 1915 2538
1844 1144 2923
1144 1844 2923
2923 1144 1844
448 597 1041
1041 448 597
597 448 1041
334 907 2732
907 334 2732
2732 334 907
1549 591 1414
1414 591 1549
591 1414 1549
785 1871 2111
1871 785 2111
2111 785 1871
2119 405 1080
405 1080 2119
1080 405 2119
563 679 1197
679 563 1197
1197 563 679
1691 934 1874
1874 934 1691
934 1691 1874
2360 760 1712
760 1712 2360
1712 760 2360
110 912 2807
912 110 2807
2807 110 912
1571 1992 2982
1992 1571 2982
2982 1571 1992
2975 1369 1736
1369 1736 2975
1736 1369 2975
732 764 1716
764 732 1716
1716 732 764
2878 652 964
964 652 2878
652 964 2878
1152 1593 1934
1593 1152 1934
1934 1152 1593
1342 1370 1587
1370 1342 1587
1587 1342 1370
2653 756 1965
756 1965 2653
1965 756 2653
1398 1757 2038
1757 1398 2038
2038 1398 1757
161 1263 1671
1263 161 1671
1671 161 1263
2180 1574 1766
1766 1574 2180
1574 1766 2180
241 2148 2167
2148 241 2167
2167 241 2148
2123 1431 2580
1431 2123 2580
2580 1431 2123
2304 1979 2618
1979 2304 2618
2618 1979 2304
100 1786 2348
1786 100 2348
2348 100 1786
2800 675 1840
675 1840 2800
1840 675 2800
1917 1066 2661
2661 1066 1917
1066 1917 2661
2561 1017 1738
1738 1017 2561
1017 1738 2561
2091 976 2989
976 2091 2989
2989 976 2091
1949 773 1660
1660 773 1949
773 1660 1949
108 64 1525
1525 64 108
64 108 1525
909 2450 2826
2826 909 2450
2450 909 2826
3000 127 1325
127 1325 3000
1325 127 3000
898 884 2514
2514 884 898
884 898 2514
659 647 2444
647 659 2444
2444 647 659
581 71 552
552 71 581
71 552 581
2987 348 2081
2081 348 2987
348 2081 2987
622 658 2941
658 622 2941
2941 622 658
2470 1393 2628
1393 2470 2628
2628 1393 2470
674 2461 2910
2461 674 2910
2910 674 2461
2893 392 527
392 527 2893
527 392 2893
11 134 2833
134 11 2833
2833 11 134
2765 146 1173
1173 146 2765
146 1173 2765
1685 635 1861
635 1685 1861
1861 635 1685
1511 40 1463
40 1463 1511
1463 40 1511
1914 1072 1531
1072 1531 1914
1531 1072 1914
1069 1007 1705
1705 1007 1069
1007 1069 1705
1898 649 2657
649 1898 2657
2657 649 1898
2159 262 2829
2829 262 2159
262 2159 2829
2358 992 2993
992 2358 2993
2993 992 2358
319 609 2049
2049 319 609
609 319 2049
1302 1299 2641
1299 1302 2641
2641 1299 1302
1594 1030 2894
1030 1594 2894
2894 1030 1594
1943 26 35
26 35 1943
35 26 1943
2018 1354 2493
1354 2018 2493
2493 1354 2018
739 232 1768
1768 232 739
232 739 1768
2162 729 1220
729 1220 2162
1220 729 2162
301 151 886
886 151 301
151 301 886
2634 737 1677
1677 737 2634
737 1677 2634
990 1290 1436
1290 990 1436
1436 990 1290
2816 1161 1481
1161 1481 2816
1481 1161 2816
1836 8 83
83 8 1836
8 83 1836
18 171 1388
1388 18 171
171 18 1388
111 1461 1589
1589 111 1461
1461 111 1589
1708 736 837
736 837 1708
837 736 1708
1857 2168 2547
2168 1857 2547
2547 1857 2168
1217 1208 2359
2359 1208 1217
1208 1217 2359
276 977 2838
977 276 2838
2838 276 977
176 373 2116
373 176 2116
2116 176 373
1343 326 2409
2409 326 1343
326 1343 2409
1327 1791 2061
1791 1327 2061
2061 1327 1791
473 237 924
924 237 473
237 473 924
2527 1427 2337
1427 2337 2527
2337 1427 2527
2500 684 1449
684 1449 2500
1449 684 2500
1896 606 1547
1547 606 1896
606 1547 1896
2541 1013 2546
1013 2541 2546
2546 1013 2541
436 268 2421
268 436 2421
2421 268 436
80 1240 1806
1240 80 1806
1806 80 1240
2310 169 453
169 453 2310
453 169 2310
1604 723 2212
723 1604 2212
2212 723 1604
375 1023 2520
1023 375 2520
2520 375 1023
75 742 2282
2282 75 742
742 75 2282
525 1198 2875
2875 525 1198
1198 525 2875
2079 1148 1645
1645 1148 2079
1148 1645 2079
2087 25 520
25 520 2087
520 25 2087
916 628 2330
628 916 2330
2330 628 916
811 1638 1769
1769 811 1638
1638 811 1769
1452 893 1742
893 1452 1742
1742 893 1452
2944 1783 1997
1997 1783 2944
1783 1997 2944
630 770 1845
1845 630 770
770 630 1845
2566 410 2728
2728 410 2566
410 2566 2728
2295 530 2433
2433 530 2295
530 2295 2433
1043 2544 2744
2744 1043 2544
2544 1043 2744
2447 1077 2026
1077 2026 2447
2026 1077 2447
2891 1986 2181
2181 1986 2891
1986 2181 2891
1015 969 1538
1538 969 1015
969 1015 1538
1592 2485 2976
2976 1592 2485
2485 1592 2976
2516 1893 2963
2963 1893 2516
1893 2516 2963
2624 1223 2257
1223 2257 2624
2257 1223 2624
2488 1155 1847
1847 1155 2488
1155 1847 2488
741 579 1300
579 741 1300
1300 579 741
1899 1573 1718
1573 1718 1899
1718 1573 1899
1780 589 2921
2921 589 1780
589 1780 2921
1689 184 2327
184 1689 2327
2327 184 1689
1759 1122 2798
1122 1759 2798
2798 1122 1759
657 203 2299
2299 203 657
203 657 2299
321 882 2699
882 321 2699
2699 321 882
445 497 2537
497 445 2537
2537 445 497
1372 1139 2200
2200 1139 1372
1139 1372 2200
2386 504 1141
1141 504 2386
504 1141 2386
1498 1688 2323
1688 1498 2323
2323 1498 1688
619 1207 1799
1207 619 1799
1799 619 1207
1659 1368 1731
1731 1368 1659
1368 1659 1731
846 486 1505
486 846 1505
1505 486 846
2621 1106 1107
1107 1106 2621
1106 1107 2621
77 1682 2679
2679 77 1682
1682 77 2679
618 1162 2557
1162 618 2557
2557 618 1162
887 705 2281
2281 705 887
705 887 2281
2324 1045 2843
2843 1045 2324
1045 2324 2843
970 2046 2139
2046 970 2139
2139 970 2046
2834 987 2947
987 2834 2947
2947 987 2834
1946 1782 1846
1782 1846 1946
1846 1782 1946
2300 351 1151
1151 351 2300
351 1151 2300
864 1777 2928
2928 864 1777
1777 864 2928
1166 1630 2309
1630 1166 2309
2309 1166 1630
2415 981 1823
1823 981 2415
981 1823 2415
1277 799 2746
799 1277 2746
2746 799 1277
288 2161 2425
2425 288 2161
2161 288 2425
1338 1559 1728
1728 1338 1559
1559 1338 1728
1333 505 859
505 859 1333
859 505 1333
182 797 2392
2392 182 797
797 182 2392
1103 2601 2823
2823 1103 2601
2601 1103 2823
2187 456 2935
2935 456 2187
456 2187 2935
691 1841 2430
2430 691 1841
1841 691 2430
2884 2545 2740
2740 2545 2884
2545 2740 2884
2569 421 788
421 788 2569
788 421 2569
2521 340 888
888 340 2521
340 888 2521
695 1287 1635
1635 695 1287
1287 695 1635
2872 1100 2781
2781 1100 2872
1100 2781 2872
876 1219 2151
1219 876 2151
2151 876 1219
2340 400 2273
400 2273 2340
2273 400 2340
2532 1974 1988
1974 1988 2532
1988 1974 2532
2060 155 342
342 155 2060
155 342 2060
2791 754 2518
754 2518 2791
2518 754 2791
397 955 2128
2128 397 955
955 397 2128
849 2080 2703
2703 849 2080
2080 849 2703
1895 1346 1371
1371 1346 1895
1346 1371 1895
2573 1349 1859
1859 1349 2573
1349 1859 2573
1435 2193 2482
2482 1435 2193
2193 1435 2482
1164 646 824
824 646 1164
646 824 1164
425 2365 2533
2365 425 2533
2533 425 2365
1160 2352 2656
2656 1160 2352
2352 1160 2656
1039 2778 2869
2778 1039 2869
2869 1039 2778
1189 459 2318
2318 459 1189
459 1189 2318
195 703 2642
703 195 2642
2642 195 703
545 1730 2567
1730 545 2567
2567 545 1730
2725 362 2509
362 2509 2725
2509 362 2725
2147 163 2263
163 2147 2263
2263 163 2147
1462 568 1618
1618 568 1462
568 1462 1618
61 2137 2729
2137 61 2729
2729 61 2137
2886 2064 2333
2333 2064 2886
2064 2333 2886
1913 479 2637
479 1913 2637
2637 479 1913
1074 2264 2773
2264 1074 2773
2773 1074 2264
1561 1763 2788
2788 1561 1763
1763 1561 2788
2207 5 1394
1394 5 2207
5 1394 2207
2179 656 2146
2146 656 2179
656 2146 2179
1448 493 1454
493 1448 1454
1454 493 1448
41 104 2865
104 41 2865
2865 41 104
1361 637 2776
2776 637 1361
637 1361 2776
2248 1315 1484
1315 1484 2248
1484 1315 2248
328 382 1032
1032 328 382
382 328 1032
494 712 1474
712 494 1474
1474 494 712
2749 673 1606
1606 673 2749
673 1606 2749
1770 1748 2842
2842 1748 1770
1748 1770 2842
753 196 2345
196 753 2345
2345 196 753
180 2279 2706
2706 180 2279
2279 180 2706
1855 1316 1955
1316 1855 1955
1955 1316 1855
1178 63 1724
63 1178 1724
1724 63 1178
1869 1059 1911
1911 1059 1869
1059 1869 1911
633 1485 1833
1485 633 1833
1833 633 1485
2040 835 2589
835 2040 2589
2589 835 2040
640 2141 2851
2851 640 2141
2141 640 2851
2953 2075 2513
2075 2513 2953
2513 2075 2953
2152 1657 1867
1867 1657 2152
1657 1867 2152
1364 366 2284
2284 366 1364
366 1364 2284
2695 1482 1886
1482 1886 2695
1886 1482 2695
1948 856 1765
1765 856 1948
856 1765 1948
450 2355 2761
2355 450 2761
2761 450 2355
706 1147 1760
1147 706 1760
1760 706 1147
2731 848 1905
1905 848 2731
848 1905 2731
219 89 1261
89 219 1261
1261 89 219
806 154 1265
154 806 1265
1265 154 806
1025 344 2260
344 1025 2260
2260 344 1025
1033 974 2492
2492 974 1033
974 1033 2492
113 925 2752
2752 113 925
925 113 2752
2591 700 2560
2560 700 2591
700 2560 2591
1247 212 714
212 714 1247
714 212 1247
1603 475 2115
2115 475 1603
475 1603 2115
1350 1805 2497
1805 1350 2497
2497 1350 1805
1798 1466 2471
1466 1798 2471
2471 1466 1798
1982 1347 2346
1347 1982 2346
2346 1347 1982
1389 371 996
996 371 1389
371 996 1389
72 59 417
417 59 72
59 72 417
2053 1010 1528
1528 1010 2053
1010 1528 2053
1945 1282 2135
2135 1282 1945
1282 1945 2135
2602 57 873
873 57 2602
57 873 2602
1121 2694 2828
2694 1121 2828
2828 1121 2694
1190 582 2249
2249 582 1190
582 1190 2249
139 175 367
367 139 175
175 139 367
2238 2523 2625
2625 2238 2523
2523 2238 2625
1433 2739 2892
2892 1433 2739
2739 1433 2892
1973 2530 2998
2530 1973 2998
2998 1973 2530
1985 1124 2302
2302 1124 1985
1124 1985 2302
1020 68 701
68 701 1020
701 68 1020
698 303 1396
1396 303 698
303 698 1396
2033 1421 2786
1421 2033 2786
2786 1421 2033
1663 172 2191
172 1663 2191
2191 172 1663
2039 429 2228
2228 429 2039
429 2039 2228
1662 707 872
707 872 1662
872 707 1662
595 592 2988
592 595 2988
2988 592 595
2971 2188 2563
2563 2188 2971
2188 2563 2971
738 2651 2815
2651 738 2815
2815 738 2651
2762 784 2579
2579 784 2762
784 2579 2762
1984 94 1319
94 1319 1984
1319 94 1984
1563 242 1295
1295 242 1563
242 1295 1563
2600 1459 2827
2827 1459 2600
1459 2600 2827
948 153 953
953 153 948
153 948 953
2753 97 2356
2356 97 2753
97 2356 2753
1494 487 2882
2882 487 1494
487 1494 2882
2898 1378 1536
1536 1378 2898
1378 1536 2898
2009 1145 1193
1145 1193 2009
1193 1145 2009
963 474 2487
2487 474 963
474 963 2487
1775 34 1225
34 1225 1775
1225 34 1775
2020 1046 2034
2034 1046 2020
1046 2020 2034
2617 138 1075
1075 138 2617
138 1075 2617
252 1878 2368
1878 252 2368
2368 252 1878
1590 1695 1834
1834 1590 1695
1695 1590 1834
829 297 1130
297 829 1130
1130 297 829
1752 245 1429
1429 245 1752
245 1429 1752
1627 1626 2274
1626 1627 2274
2274 1626 1627
463 206 1655
1655 206 463
206 463 1655
183 2235 2367
2367 183 2235
2235 183 2367
70 1109 2534
1109 70 2534
2534 70 1109
509 1600 1961
1961 509 1600
1600 509 1961
1967 654 2446
2446 654 1967
654 1967 2446
1991 333 2705
2705 333 1991
333 1991 2705
1432 692 1800
1800 692 1432
692 1432 1800
2014 844 2772
2772 844 2014
844 2014 2772
2799 1598 2023
2023 1598 2799
1598 2023 2799
1110 36 122
36 122 1110
122 36 1110
2857 1923 2639
1923 2639 2857
2639 1923 2857
825 529 544
544 529 825
529 544 825
1176 2691 2906
2691 1176 2906
2906 1176 2691
1821 1383 2349
2349 1383 1821
1383 1821 2349
335 1722 2655
2655 335 1722
1722 335 2655
861 2030 2124
2030 861 2124
2124 861 2030
2455 532 2165
532 2165 2455
2165 532 2455
1362 55 716
55 716 1362
716 55 1362
2350 772 1854
1854 772 2350
772 1854 2350
2412 47 149
47 149 2412
149 47 2412
2954 2380 2454
2454 2380 2954
2380 2454 2954
1086 1477 2536
1477 1086 2536
2536 1086 1477
2063 2145 2226
2226 2063 2145
2145 2063 2226
1252 1270 2325
2325 1252 1270
1270 1252 2325
596 332 1098
332 596 1098
1098 332 596
38 1142 1259
1259 38 1142
1142 38 1259
2032 2006 2574
2574 2006 2032
2006 2032 2574
2620 451 2021
451 2021 2620
2021 451 2620
653 322 1729
1729 322 653
322 653 1729
1912 820 2390
820 1912 2390
2390 820 1912
2312 2055 2719
2055 2312 2719
2719 2055 2312
782 870 2113
2113 782 870
870 782 2113
1908 2647 2870
2647 1908 2870
2870 1908 2647
933 1465 2204
2204 933 1465
1465 933 2204
538 2519 2543
2543 538 2519
2519 538 2543
1822 167 694
694 167 1822
167 694 1822
2196 240 879
879 240 2196
240 879 2196
1883 624 1643
624 1643 1883
1643 624 1883
2808 2289 2581
2289 2581 2808
2581 2289 2808
798 895 2598
895 798 2598
2598 798 895
1749 317 1387
317 1387 1749
1387 317 1749
19 549 1664
549 19 1664
1664 19 549
2499 2005 2451
2005 2451 2499
2451 2005 2499
2305 148 1588
1588 148 2305
148 1588 2305
1175 725 1850
1850 725 1175
725 1175 1850
1312 1404 2416
1404 1312 2416
2416 1312 1404
119 921 1322
1322 119 921
921 119 1322
1248 1135 2610
2610 1135 1248
1135 1248 2610
1889 13 2825
13 1889 2825
2825 13 1889
238 1339 2946
1339 238 2946
2946 238 1339
1825 306 524
306 524 1825
524 306 1825
2924 2383 2506
2506 2383 2924
2383 2506 2924
1499 1523 2085
2085 1499 1523
1523 1499 2085
1104 264 2219
2219 264 1104
264 1104 2219
1413 107 1648
107 1413 1648
1648 107 1413
2210 971 2372
971 2210 2372
2372 971 2210
258 2059 2955
2955 258 2059
2059 258 2955
1382 1285 2332
1285 1382 2332
2332 1285 1382
192 9 1579
1579 9 192
9 192 1579
1233 1675 2068
2068 1233 1675
1675 1233 2068
2714 672 1336
1336 672 2714
672 1336 2714
178 2466 2861
2861 178 2466
2466 178 2861
1829 2529 2737
2529 1829 2737
2737 1829 2529
287 1680 1795
1795 287 1680
1680 287 1795
565 730 2106
2106 565 730
730 565 2106
1134 2101 2899
2899 1134 2101
2101 1134 2899
1366 393 1637
393 1366 1637
1637 393 1366
1555 1597 1772
1772 1555 1597
1597 1555 1772
2764 67 1297
67 1297 2764
1297 67 2764
932 2486 2735
2735 932 2486
2486 932 2735
1125 419 1832
1832 419 1125
419 1125 1832
2266 7 2303
7 2266 2303
2303 7 2266
188 1159 2473
1159 188 2473
2473 188 1159
2662 1330 1553
1553 1330 2662
1330 1553 2662
1572 623 1715
623 1572 1715
1715 623 1572
2668 14 1674
1674 14 2668
14 1674 2668
1721 896 930
930 896 1721
896 930 1721
2024 403 1377
1377 403 2024
403 1377 2024
1784 1575 2934
1575 1784 2934
2934 1575 1784
1052 1101 2711
2711 1052 1101
1101 1052 2711
1776 2377 2490
2490 1776 2377
2377 1776 2490
2449 78 1881
1881 78 2449
78 1881 2449
2408 31 1048
1048 31 2408
31 1048 2408
2709 43 686
43 686 2709
686 43 2709
2594 416 2718
2718 416 2594
416 2594 2718
1535 281 1004
1004 281 1535
281 1004 1535
2590 511 2218
2218 511 2590
511 2218 2590
1500 1546 1764
1764 1500 1546
1546 1500 1764
1807 2259 2716
2259 1807 2716
2716 1807 2259
2096 380 2474
2474 380 2096
380 2096 2474
295 604 2357
2357 295 604
604 295 2357
2025 1194 2844
2844 1194 2025
1194 2025 2844
2342 414 1621
414 1621 2342
1621 414 2342
1165 1629 2484
2484 1165 1629
1629 1165 2484
1244 235 426
235 426 1244
426 235 1244
1090 395 1713
395 1090 1713
1713 395 1090
817 121 2387
121 817 2387
2387 121 817
1953 253 1601
253 1601 1953
1601 253 1953
1112 1526 2243
2243 1112 1526
1526 1112 2243
663 1204 2341
1204 663 2341
2341 663 1204
1665 1310 2169
2169 1310 1665
1310 1665 2169
23 936 1420
936 23 1420
1420 23 936
2475 554 2535
2535 554 2475
554 2475 2535
228 642 1609
1609 228 642
642 228 1609
1275 1406 2841
1406 1275 2841
2841 1275 1406
2873 1258 1966
1258 1966 2873
1966 1258 2873
1739 938 1910
938 1739 1910
1910 938 1739
1584 634 2836
634 1584 2836
2836 634 1584
2613 759 1428
759 1428 2613
1428 759 2613
1994 1203 2847
1203 1994 2847
2847 1203 1994
1565 693 1901
1901 693 1565
693 1565 1901
454 940 1386
940 454 1386
1386 454 940
1501 749 1972
749 1501 1972
1972 749 1501
1639 722 1479
1479 722 1639
722 1479 1639
755 1236 1851
1236 755 1851
1851 755 1236
157 286 1735
1735 157 286
286 157 1735
913 470 2793
470 913 2793
2793 470 913
2996 2002 2539
2002 2539 2996
2539 2002 2996
1831 831 2938
831 1831 2938
2938 831 1831
481 1725 2185
2185 481 1725
1725 481 2185
1280 571 2338
571 1280 2338
2338 571 1280
690 158 1352
158 690 1352
1352 158 690
1569 665 2690
665 1569 2690
2690 665 1569
2757 1179 1215
1179 1215 2757
1215 1179 2757
2933 1631 2860
1631 2860 2933
2860 1631 2933
96 214 1740
1740 96 214
214 96 1740
2586 2394 2575
2394 2575 2586
2575 2394 2586
894 1357 2118
1357 894 2118
2118 894 1357
540 116 562
116 540 562
562 116 540
680 1503 1842
1503 680 1842
1842 680 1503
1292 1700 1778
1778 1292 1700
1700 1292 1778
1916 965 2531
965 1916 2531
2531 965 1916
347 420 1304
1304 347 420
420 347 1304
664 1952 2347
2347 664 1952
1952 664 2347
660 1580 2864
1580 660 2864
2864 660 1580
607 1533 2809
1533 607 2809
2809 607 1533
1517 818 2173
2173 818 1517
818 1517 2173
307 952 2696
952 307 2696
2696 307 952
648 1099 1596
1596 648 1099
1099 648 1596
1021 2192 2517
2192 1021 2517
2517 1021 2192
1301 2035 2306
2035 1301 2306
2306 1301 2035
2326 105 661
105 661 2326
661 105 2326
1205 1102 2476
1102 1205 2476
2476 1102 1205
2956 280 522
522 280 2956
280 522 2956
958 496 1746
1746 496 958
496 958 1746
2932 903 2972
903 2932 2972
2972 903 2932
1551 1353 2336
1353 1551 2336
2336 1353 1551
1058 1939 2379
2379 1058 1939
1939 1058 2379
2491 126 430
430 126 2491
126 430 2491
1998 993 2751
2751 993 1998
993 1998 2751
2677 1169 2671
1169 2671 2677
2671 1169 2677
2652 136 2283
2283 136 2652
136 2283 2652
2190 1018 2801
1018 2190 2801
2801 1018 2190
1796 555 1649
555 1649 1796
1649 555 1796
2317 704 2385
704 2317 2385
2385 704 2317
1653 372 1411
1411 372 1653
372 1411 1653
1866 1827 2915
1827 1866 2915
2915 1827 1866
437 495 1767
495 437 1767
1767 437 495
1324 318 2344
318 1324 2344
2344 318 1324
1055 1879 2319
1879 1055 2319
2319 1055 1879
602 845 1089
845 602 1089
1089 602 845
914 1113 1941
1113 914 1941
1941 914 1113
1446 2436 2489
2489 1446 2436
2436 1446 2489
810 2198 2959
2198 810 2959
2959 810 2198
2966 2501 2916
2916 2501 2966
2501 2916 2966
541 1272 1407
1407 541 1272
1272 541 1407
1641 144 547
144 547 1641
547 144 1641
1005 1088 1185
1185 1005 1088
1088 1005 1185
721 65 1191
1191 65 721
65 721 1191
2736 120 2708
2708 120 2736
120 2708 2736
945 1096 2010
1096 945 2010
2010 945 1096
374 1980 2373
2373 374 1980
1980 374 2373
2315 1355 1379
1355 1379 2315
1379 1355 2315
42 2322 2457
2457 42 2322
2322 42 2457
576 727 2211
727 576 2211
2211 576 727
1794 299 724
299 724 1794
724 299 1794
2364 1417 1611
1611 1417 2364
1417 1611 2364
2216 412 1348
1348 412 2216
412 1348 2216
999 580 2667
2667 580 999
580 999 2667
1756 2854 2862
2862 1756 2854
2854 1756 2862
1652 578 761
761 578 1652
578 761 1652
2120 1127 1644
1127 1644 2120
1644 1127 2120
352 1723 2244
1723 352 2244
2244 352 1723
1437 1241 2251
2251 1241 1437
1241 1437 2251
2796 255 2215
255 2215 2796
2215 255 2796
513 917 966
917 513 966
966 513 917
2109 1329 2552
1329 2109 2552
2552 1329 2109
357 480 608
480 357 608
608 357 480
617 377 2320
377 617 2320
2320 377 617
278 2375 2462
2462 278 2375
2375 278 2462
1885 383 1709
1709 383 1885
383 1709 1885
2756 1557 1928
1928 1557 2756
1557 1928 2756
2195 1672 2138
1672 2138 2195
2138 1672 2195
424 296 1864
296 424 1864
1864 296 424
1439 198 1403
1403 198 1439
198 1403 1439
639 118 2879
118 639 2879
2879 118 639
1129 359 2402
2402 359 1129
359 1129 2402
1970 1273 2553
2553 1273 1970
1273 1970 2553
2698 2270 2713
2270 2698 2713
2713 2270 2698
748 62 2673
2673 62 748
62 748 2673
1944 1632 2727
2727 1632 1944
1632 1944 2727
1720 671 1447
671 1447 1720
1447 671 1720
2453 461 860
461 860 2453
860 461 2453
991 1034 2160
1034 991 2160
2160 991 1034
877 439 2143
439 877 2143
2143 439 877
1453 2717 2759
2759 1453 2717
2717 1453 2759
51 2930 2986
2986 51 2930
2930 51 2986
1274 1117 2016
1117 1274 2016
2016 1117 1274
363 132 1903
132 363 1903
1903 132 363
1654 988 1344
1344 988 1654
988 1344 1654
611 298 2700
298 611 2700
2700 298 611
528 279 2611
2611 279 528
279 528 2611
60 90 2606
2606 60 90
90 60 2606
2029 1443 2578
1443 2029 2578
2578 1443 2029
1605 881 2287
2287 881 1605
881 1605 2287
1726 584 1337
584 1337 1726
1337 584 1726
627 733 919
733 627 919
919 627 733
1656 142 2092
2092 142 1656
142 1656 2092
2311 1497 2911
1497 2311 2911
2911 1497 2311
1975 803 1809
1809 803 1975
803 1809 1975
346 124 1636
124 346 1636
1636 124 346
152 828 2682
2682 152 828
828 152 2682
369 1613 2296
1613 369 2296
2296 369 1613
2293 1392 1900
1900 1392 2293
1392 1900 2293
2783 444 1687
444 1687 2783
1687 444 2783
740 411 2335
2335 411 740
411 740 2335
56 17 465
17 56 465
465 17 56
1732 1610 2687
1610 1732 2687
2687 1610 1732
620 588 1167
588 620 1167
1167 588 620
2885 133 1298
133 1298 2885
1298 133 2885
2548 1401 2308
1401 2308 2548
2308 1401 2548
1246 338 1123
1123 338 1246
338 1123 1246
2742 1745 1761
1761 1745 2742
1745 1761 2742
259 2738 2795
2738 259 2795
2795 259 2738
1309 840 998
998 840 1309
840 998 1309
2019 926 2307
926 2019 2307
2307 926 2019
2654 629 2439
629 2439 2654
2439 629 2654
476 217 2992
2992 217 476
217 476 2992
1877 2044 2607
2607 1877 2044
2044 1877 2607
1415 1506 1971
1971 1415 1506
1506 1415 1971
1529 526 2565
2565 526 1529
526 1529 2565
1255 1234 2522
2522 1234 1255
1234 1255 2522
204 368 1919
368 204 1919
1919 204 368
2846 531 585
585 531 2846
531 585 2846
789 1781 2974
2974 789 1781
1781 789 2974
398 891 1906
1906 398 891
891 398 1906
1634 422 2088
422 1634 2088
2088 422 1634
1195 2265 2978
2265 1195 2978
2978 1195 2265
2707 1863 2750
1863 2707 2750
2750 1863 2707
1929 1925 2209
1925 1929 2209
2209 1925 1929
687 164 939
164 687 939
939 164 687
324 1743 2896
1743 324 2896
2896 324 1743
2528 1374 1954
1374 1954 2528
1954 1374 2528
734 979 2253
2253 734 979
979 734 2253
1978 1622 2280
2280 1622 1978
1622 1978 2280
943 867 994
994 867 943
867 943 994
1872 28 1591
1591 28 1872
28 1591 1872
316 1860 2712
1860 316 2712
2712 316 1860
2056 572 2339
572 2056 2339
2339 572 2056
2832 1177 2584
2584 1177 2832
1177 2584 2832
2456 1022 1509
1509 1022 2456
1022 1509 2456
2782 1539 2031
2031 1539 2782
1539 2031 2782
2062 269 1116
1116 269 2062
269 1116 2062
853 793 1035
