8077 612 28393
612 8077 28393
28393 612 8077
12482 10701 20981
20981 10701 12482
10701 12482 20981
10392 8040 9614
8040 9614 10392
9614 8040 10392
16497 3156 22251
3156 16497 22251
22251 3156 16497
6589 1018 20545
20545 1018 6589
1018 6589 20545
17144 4789 8224
8224 4789 17144
4789 8224 17144
15229 17176 23743
23743 15229 17176
17176 15229 23743
27948 23766 27624
23766 27624 27948
27624 23766 27948
27181 853 16545
853 16545 27181
16545 853 27181
24064 13163 26664
26664 13163 24064
13163 24064 26664
15726 8818 25149
25149 8818 15726
8818 15726 25149
24613 10489 26193
10489 24613 26193
26193 10489 24613
170 2960 18121
2960 170 18121
18121 170 2960
28897 3000 29008
29008 3000 28897
3000 28897 29008
24327 16588 16727
16588 16727 24327
16727 16588 24327
2207 9161 22594
9161 2207 22594
22594 2207 9161
20898 1883 19986
1883 19986 20898
19986 1883 20898
21060 2927 27029
2927 21060 27029
27029 2927 21060
8978 15346 29941
15346 8978 29941
29941 8978 15346
20246 2795 29792
29792 2795 20246
2795 20246 29792
16612 13797 24285
24285 13797 16612
13797 16612 24285
15275 2087 20607
20607 2087 15275
2087 15275 20607
650 24986 26795
26795 650 24986
24986 650 26795
24160 11843 28212
11843 24160 28212
28212 11843 24160
23002 9163 18092
9163 18092 23002
18092 9163 23002
5343 17262 20761
20761 5343 17262
17262 5343 20761
6637 18129 25602
25602 6637 18129
18129 6637 25602
6969 2986 9663
2986 6969 9663
9663 2986 6969
10252 16508 17789
17789 10252 16508
16508 10252 17789
12252 3896 26498
26498 3896 12252
3896 12252 26498
1196 20078 21221
20078 1196 21221
21221 1196 20078
20765 3083 12869
12869 3083 20765
3083 12869 20765
12916 20447 20871
20871 12916 20447
20447 12916 20871
18816 3419 23284
3419 18816 23284
23284 3419 18816
3143 4327 9521
9521 3143 4327
4327 3143 9521
28886 1495 17730
1495 17730 28886
17730 1495 28886
3669 21166 26478
21166 3669 26478
26478 3669 21166
20717 23390 23749
23390 20717 23749
23749 20717 23390
3621 4429 23082
4429 3621 23082
23082 3621 4429
25572 11066 21823
21823 11066 25572
11066 21823 25572
14262 9648 17440
17440 9648 14262
9648 14262 17440
10233 8241 24740
24740 8241 10233
8241 10233 24740
4756 5763 14779
5763 4756 14779
14779 4756 5763
21058 9704 23557
9704 21058 23557
23557 9704 21058
21379 13165 15303
13165 15303 21379
15303 13165 21379
7155 13160 26006
13160 7155 26006
26006 7155 13160
28929 14101 21864
21864 14101 28929
14101 21864 28929
26160 6623 20363
20363 6623 26160
6623 20363 26160
16631 7835 8564
7835 8564 16631
8564 7835 16631
23519 17444 23175
23175 17444 23519
17444 23175 23519
24460 10361 21150
21150 10361 24460
10361 21150 24460
29096 12523 23153
23153 12523 29096
12523 23153 29096
29772 18898 28780
18898 28780 29772
28780 18898 29772
9708 10340 24707
24707 9708 10340
10340 9708 24707
18971 6796 12762
12762 6796 18971
6796 12762 18971
15784 2109 18024
2109 15784 18024
18024 2109 15784
14175 10087 27953
10087 14175 27953
27953 10087 14175
15064 6856 8233
6856 8233 15064
8233 6856 15064
2016 12568 18331
12568 2016 18331
18331 2016 12568
9404 10595 25973
25973 9404 10595
10595 9404 25973
28132 19732 21083
21083 19732 28132
19732 21083 28132
2139 11561 14424
14424 2139 11561
11561 2139 14424
2912 9692 13683
9692 2912 13683
13683 2912 9692
21785 24219 24750
24750 21785 24219
24219 21785 24750
758 9328 27671
9328 758 27671
27671 758 9328
21372 12878 16805
12878 16805 21372
16805 12878 21372
22229 15429 23474
15429 22229 23474
23474 15429 22229
14074 2958 23865
23865 2958 14074
2958 14074 23865
18127 24307 26978
26978 18127 24307
24307 18127 26978
21113 2181 3818
3818 2181 21113
2181 3818 21113
7635 4603 9615
9615 4603 7635
4603 7635 9615
26639 8671 13347
13347 8671 26639
8671 13347 26639
25219 18181 21603
21603 18181 25219
18181 21603 25219
20524 2714 18409
18409 2714 20524
2714 18409 20524
6215 17031 24540
24540 6215 17031
17031 6215 24540
1191 10412 13635
10412 1191 13635
13635 1191 10412
12335 15302 26064
26064 12335 15302
15302 12335 26064
13655 12525 18748
18748 12525 13655
12525 13655 18748
7003 2198 23456
2198 7003 23456
23456 2198 7003
20066 1974 22606
1974 20066 22606
22606 1974 20066
25657 19012 26789
19012 25657 26789
26789 19012 25657
16601 13150 22043
22043 13150 16601
13150 16601 22043
20442 3801 4471
3801 4471 20442
4471 3801 20442
577 5407 9448
9448 577 5407
5407 577 9448
27027 11275 16315
16315 11275 27027
11275 16315 27027
19300 11925 15857
11925 15857 19300
15857 11925 19300
14712 1190 12476
12476 1190 14712
1190 12476 14712
12320 3304 6333
3304 6333 12320
6333 3304 12320
11632 9687 17969
9687 11632 17969
17969 9687 11632
16775 1056 2273
1056 2273 16775
2273 1056 16775
15487 3797 5225
3797 5225 15487
5225 3797 15487
1152 23829 27579
23829 1152 27579
27579 1152 23829
14158 4472 7424
4472 7424 14158
7424 4472 14158
28309 2812 12752
12752 2812 28309
2812 12752 28309
11392 4229 26570
26570 4229 11392
4229 11392 26570
27066 5839 22987
22987 5839 27066
5839 22987 27066
13210 1412 7169
1412 7169 13210
7169 1412 13210
19033 15963 20165
20165 15963 19033
15963 19033 20165
3190 3642 27989
3642 3190 27989
27989 3190 3642
23052 13278 13690
13690 13278 23052
13278 13690 23052
27776 1654 24948
24948 1654 27776
1654 24948 27776
62 3747 19791
19791 62 3747
3747 62 19791
27501 6316 11222
6316 11222 27501
11222 6316 27501
27662 13300 13310
13300 13310 27662
13310 13300 27662
11224 3926 27280
3926 11224 27280
27280 3926 11224
1569 8150 29124
8150 1569 29124
29124 1569 8150
24981 22461 23364
23364 22461 24981
22461 23364 24981
1793 4017 9613
4017 1793 9613
9613 1793 4017
28040 3109 4175
4175 3109 28040
3109 4175 28040
22278 166 16176
16176 166 22278
166 16176 22278
25548 24466 24746
24746 24466 25548
24466 24746 25548
23545 9571 10587
9571 10587 23545
10587 9571 23545
29104 1631 23421
1631 23421 29104
23421 1631 29104
15654 19975 25550
25550 15654 19975
19975 15654 25550
17418 13610 15871
13610 15871 17418
15871 13610 17418
13241 694 10925
10925 694 13241
694 10925 13241
19350 9821 22434
9821 19350 22434
22434 9821 19350
16960 16982 29022
29022 16960 16982
16982 16960 29022
15846 20762 22303
20762 15846 22303
22303 15846 20762
3849 10487 12671
12671 3849 10487
10487 3849 12671
2573 8744 19537
19537 2573 8744
8744 2573 19537
16948 9947 21444
9947 16948 21444
21444 9947 16948
29524 13255 21888
13255 21888 29524
21888 13255 29524
22349 4066 21886
21886 4066 22349
4066 21886 22349
21006 10560 25904
10560 21006 25904
25904 10560 21006
25446 9123 25815
9123 25446 25815
25815 9123 25446
27700 12717 15285
12717 15285 27700
15285 12717 27700
17259 2020 10511
10511 2020 17259
2020 10511 17259
9342 5982 17747
17747 5982 9342
5982 9342 17747
20764 2255 8138
8138 2255 20764
2255 8138 20764
13804 10505 19302
19302 10505 13804
10505 13804 19302
4106 3655 25546
3655 4106 25546
25546 3655 4106
5713 23454 29714
29714 5713 23454
23454 5713 29714
20144 1343 14212
14212 1343 20144
1343 14212 20144
22750 3924 20978
20978 3924 22750
3924 20978 22750
12730 14804 25584
25584 12730 14804
14804 12730 25584
25676 20945 27082
27082 20945 25676
20945 25676 27082
11257 20346 21512
21512 11257 20346
20346 11257 21512
22947 6546 28011
28011 6546 22947
6546 22947 28011
9806 501 8887
501 8887 9806
8887 501 9806
25403 12748 23868
23868 12748 25403
12748 23868 25403
18022 11545 28940
28940 11545 18022
11545 18022 28940
16633 7933 26174
26174 7933 16633
7933 16633 26174
420 8547 12974
8547 420 12974
12974 420 8547
16430 13179 19290
19290 13179 16430
13179 16430 19290
21250 12200 27997
27997 12200 21250
12200 21250 27997
4282 16795 20041
20041 4282 16795
16795 4282 20041
1703 536 5978
5978 536 1703
536 1703 5978
14236 3302 8631
3302 8631 14236
8631 3302 14236
10800 5156 18528
18528 5156 10800
5156 10800 18528
21165 4384 19590
4384 19590 21165
19590 4384 21165
27298 54 29192
29192 54 27298
54 27298 29192
851 3440 26784
26784 851 3440
3440 851 26784
9537 6937 20679
6937 9537 20679
20679 6937 9537
29020 11811 28977
28977 11811 29020
11811 28977 29020
22540 16272 25184
16272 22540 25184
25184 16272 22540
28300 18543 21680
18543 21680 28300
21680 18543 28300
9107 9970 15136
9970 9107 15136
15136 9107 9970
7708 21361 23152
23152 7708 21361
21361 7708 23152
6883 11424 24157
11424 6883 24157
24157 6883 11424
17082 2330 19701
19701 2330 17082
2330 17082 19701
11447 200 11383
11383 200 11447
200 11383 11447
17186 13306 19477
13306 17186 19477
19477 13306 17186
1100 1249 18246
1249 1100 18246
18246 1100 1249
11560 6576 11015
11015 6576 11560
6576 11015 11560
7105 11416 14465
14465 7105 11416
11416 7105 14465
2460 12059 14141
12059 2460 14141
14141 2460 12059
29358 17770 25974
25974 17770 29358
17770 25974 29358
13054 21502 28746
28746 13054 21502
21502 13054 28746
7195 6065 16036
6065 7195 16036
16036 6065 7195
17184 20287 25275
20287 17184 25275
25275 17184 20287
19647 8721 29827
29827 8721 19647
8721 19647 29827
9348 5976 24677
24677 5976 9348
5976 9348 24677
17863 2452 28093
28093 2452 17863
2452 17863 28093
13037 3556 19146
3556 13037 19146
19146 3556 13037
12646 15590 16151
16151 12646 15590
15590 12646 16151
2751 4619 25072
4619 2751 25072
25072 2751 4619
756 10242 11372
10242 756 11372
11372 756 10242
3342 4715 20498
4715 3342 20498
20498 3342 4715
6428 343 19907
19907 343 6428
343 6428 19907
21119 560 26713
560 21119 26713
26713 560 21119
21482 13766 22274
13766 21482 22274
22274 13766 21482
39 10929 20189
20189 39 10929
10929 39 20189
28950 14310 25653
14310 25653 28950
25653 14310 28950
10447 22021 25849
22021 10447 25849
25849 10447 22021
18852 8714 26928
8714 18852 26928
26928 8714 18852
1077 57 9131
57 1077 9131
9131 57 1077
20059 8094 21486
21486 8094 20059
8094 20059 21486
8495 19994 29518
19994 8495 29518
29518 8495 19994
895 14219 17679
17679 895 14219
14219 895 17679
15787 2861 13191
2861 13191 15787
13191 2861 15787
28091 20254 22546
20254 22546 28091
22546 20254 28091
9428 23507 25492
23507 9428 25492
25492 9428 23507
3525 22264 28457
28457 3525 22264
22264 3525 28457
7288 2381 20505
20505 2381 7288
2381 7288 20505
4238 4340 15441
4340 4238 15441
15441 4238 4340
29438 10396 18654
10396 18654 29438
18654 10396 29438
10250 10332 18993
10332 10250 18993
18993 10250 10332
15099 12178 23005
23005 12178 15099
12178 15099 23005
3914 15472 19779
19779 3914 15472
15472 3914 19779
2057 11060 26704
11060 2057 26704
26704 2057 11060
29477 4850 28718
4850 28718 29477
28718 4850 29477
3855 22138 28736
28736 3855 22138
22138 3855 28736
4398 1318 7846
1318 4398 7846
7846 1318 4398
18943 6767 20919
20919 6767 18943
6767 18943 20919
7206 10349 25464
25464 7206 10349
10349 7206 25464
2743 6178 12791
6178 2743 12791
12791 2743 6178
9645 9734 16847
16847 9645 9734
9734 9645 16847
7131 8261 8613
8261 7131 8613
8613 7131 8261
2484 6171 20420
20420 2484 6171
6171 2484 20420
3512 11472 27414
27414 3512 11472
11472 3512 27414
13520 5958 24896
24896 5958 13520
5958 13520 24896
21969 8579 22260
8579 21969 22260
22260 8579 21969
13078 15689 28696
15689 13078 28696
28696 13078 15689
20784 109 14383
109 14383 20784
14383 109 20784
1090 20171 26765
26765 1090 20171
20171 1090 26765
13487 6097 19981
6097 13487 19981
19981 6097 13487
29528 7931 24918
7931 24918 29528
24918 7931 29528
17326 25208 29645
25208 17326 29645
29645 17326 25208
9993 11885 12472
11885 9993 12472
12472 9993 11885
3729 12089 28313
28313 3729 12089
12089 3729 28313
29160 7305 25524
25524 7305 29160
7305 25524 29160
9591 2084 29614
29614 2084 9591
2084 9591 29614
11487 14220 15672
15672 11487 14220
14220 11487 15672
14930 74 5181
5181 74 14930
74 5181 14930
16062 24720 25158
24720 16062 25158
25158 16062 24720
15600 13057 22148
22148 13057 15600
13057 15600 22148
1098 11486 20195
20195 1098 11486
11486 1098 20195
19814 2663 8638
8638 2663 19814
2663 8638 19814
17667 7969 15662
7969 15662 17667
15662 7969 17667
26457 3853 23952
3853 23952 26457
23952 3853 26457
5746 3255 13627
3255 5746 13627
13627 3255 5746
22286 5098 19078
19078 5098 22286
5098 19078 22286
28103 20739 29347
20739 28103 29347
29347 20739 28103
2182 131 28470
28470 131 2182
131 2182 28470
3500 5769 9576
5769 3500 9576
9576 3500 5769
12917 3129 19969
3129 12917 19969
19969 3129 12917
27265 13692 25287
25287 13692 27265
13692 25287 27265
5908 4375 6931
6931 4375 5908
4375 5908 6931
25129 689 24432
24432 689 25129
689 24432 25129
2713 2896 27658
27658 2713 2896
2896 2713 27658
6870 6611 29522
29522 6611 6870
6611 6870 29522
24038 16844 22462
22462 16844 24038
16844 22462 24038
25662 11218 28595
28595 11218 25662
11218 25662 28595
3139 20533 29744
29744 3139 20533
20533 3139 29744
2653 10799 20870
10799 2653 20870
20870 2653 10799
18496 8038 21736
21736 8038 18496
8038 18496 21736
10809 11479 24786
24786 10809 11479
11479 10809 24786
14567 3635 19395
3635 14567 19395
19395 3635 14567
26115 2073 20881
2073 20881 26115
20881 2073 26115
7089 17582 29746
29746 7089 17582
17582 7089 29746
18975 26832 29368
29368 18975 26832
26832 18975 29368
20230 5991 21328
21328 5991 20230
5991 20230 21328
22645 27754 28063
27754 22645 28063
28063 22645 27754
16715 405 21591
21591 405 16715
405 16715 21591
8118 24074 29534
24074 8118 29534
29534 8118 24074
23428 6344 21813
21813 6344 23428
6344 21813 23428
22795 19148 26303
26303 19148 22795
19148 22795 26303
1991 24797 27955
27955 1991 24797
24797 1991 27955
6009 7531 26495
26495 6009 7531
7531 6009 26495
26249 8450 17958
17958 8450 26249
8450 17958 26249
2946 6390 6703
6703 2946 6390
6390 2946 6703
12722 19651 28620
28620 12722 19651
19651 12722 28620
15207 17960 18274
17960 15207 18274
18274 15207 17960
13056 22459 24555
24555 13056 22459
22459 13056 24555
4273 8428 13594
13594 4273 8428
8428 4273 13594
19633 19083 21257
19083 19633 21257
21257 19083 19633
16782 14167 19365
19365 14167 16782
14167 16782 19365
6319 19025 26199
26199 6319 19025
19025 6319 26199
7106 6 11971
11971 6 7106
6 7106 11971
25066 13480 14491
13480 14491 25066
14491 13480 25066
9678 12189 14721
14721 9678 12189
12189 9678 14721
12410 2943 18726
2943 12410 18726
18726 2943 12410
11911 3197 24196
3197 11911 24196
24196 3197 11911
23691 12315 25993
12315 23691 25993
25993 12315 23691
12007 7459 25806
25806 7459 12007
7459 12007 25806
29998 8944 13092
13092 8944 29998
8944 13092 29998
23940 17258 21454
17258 21454 23940
21454 17258 23940
23405 14281 28788
14281 23405 28788
28788 14281 23405
13247 18470 27200
27200 13247 18470
18470 13247 27200
7733 20785 28808
28808 7733 20785
20785 7733 28808
16922 4216 6721
4216 6721 16922
6721 4216 16922
556 20128 20539
20128 556 20539
20539 556 20128
28556 12275 15740
12275 15740 28556
15740 12275 28556
11228 2874 25631
25631 2874 11228
2874 11228 25631
187 13330 18148
18148 187 13330
13330 187 18148
3354 23624 28826
28826 3354 23624
23624 3354 28826
9939 19961 24801
19961 9939 24801
24801 9939 19961
24407 482 15144
482 15144 24407
15144 482 24407
25064 7291 27672
7291 25064 27672
27672 7291 25064
12291 8178 20169
8178 12291 20169
20169 8178 12291
1888 17772 22256
22256 1888 17772
17772 1888 22256
2749 174 20137
20137 174 2749
174 2749 20137
10967 1083 11656
11656 1083 10967
1083 10967 11656
47 10515 26658
10515 47 26658
26658 47 10515
13710 15896 17166
17166 13710 15896
15896 13710 17166
29181 1684 12026
12026 1684 29181
1684 12026 29181
29323 1484 15320
1484 15320 29323
15320 1484 29323
16862 5544 21319
5544 16862 21319
21319 5544 16862
22960 4767 18861
4767 18861 22960
18861 4767 22960
18440 1325 14345
14345 1325 18440
1325 14345 18440
25820 18497 29173
29173 18497 25820
18497 25820 29173
9804 14379 15685
14379 9804 15685
15685 9804 14379
6321 19499 28394
28394 6321 19499
19499 6321 28394
27926 10779 14093
14093 10779 27926
10779 14093 27926
23677 4347 19719
4347 19719 23677
19719 4347 23677
352 13856 15460
13856 352 15460
15460 352 13856
18136 4075 9400
9400 4075 18136
4075 9400 18136
18593 116 366
116 366 18593
366 116 18593
15169 9529 20179
20179 9529 15169
9529 15169 20179
12824 10814 27791
27791 10814 12824
10814 12824 27791
2243 25241 29559
25241 2243 29559
29559 2243 25241
16875 18056 18656
18056 16875 18656
18656 16875 18056
21483 2408 11177
11177 2408 21483
2408 11177 21483
20886 8959 10343
10343 8959 20886
8959 10343 20886
23994 2770 17125
2770 17125 23994
17125 2770 23994
22549 16386 27399
16386 22549 27399
27399 16386 22549
7329 27270 29416
29416 7329 27270
27270 7329 29416
19163 11147 22602
11147 19163 22602
22602 11147 19163
18614 3587 23322
23322 3587 18614
3587 18614 23322
10708 19476 23461
19476 10708 23461
23461 10708 19476
17215 12131 22141
22141 12131 17215
12131 17215 22141
18228 1618 21280
1618 18228 21280
21280 1618 18228
25183 15138 29307
15138 25183 29307
29307 15138 25183
13988 9183 14821
9183 13988 14821
14821 9183 13988
14805 22159 28429
28429 14805 22159
22159 14805 28429
13428 12767 27604
27604 12767 13428
12767 13428 27604
28281 24296 29621
24296 28281 29621
29621 24296 28281
7756 25981 28423
25981 7756 28423
28423 7756 25981
21847 8257 27324
8257 21847 27324
27324 8257 21847
24433 18058 28339
28339 18058 24433
18058 24433 28339
23694 12489 16934
12489 16934 23694
16934 12489 23694
18555 6299 26250
26250 6299 18555
6299 18555 26250
242 12790 23622
12790 242 23622
23622 242 12790
16391 4880 6632
4880 6632 16391
6632 4880 16391
12345 4771 15863
4771 12345 15863
15863 4771 12345
1379 2617 25240
2617 1379 25240
25240 1379 2617
24913 12993 19297
19297 12993 24913
12993 19297 24913
26325 4942 7387
4942 7387 26325
7387 4942 26325
9420 1278 17030
1278 9420 17030
17030 1278 9420
16374 7453 15768
7453 15768 16374
15768 7453 16374
8529 12077 23022
23022 8529 12077
12077 8529 23022
18601 6775 11330
11330 6775 18601
6775 11330 18601
11751 2042 10599
2042 10599 11751
10599 2042 11751
3401 14831 17642
17642 3401 14831
14831 3401 17642
26005 16028 26464
26464 16028 26005
16028 26005 26464
14872 9505 14437
9505 14437 14872
14437 9505 14872
4980 14214 17511
14214 4980 17511
17511 4980 14214
11586 696 16599
16599 696 11586
696 11586 16599
8232 4243 29044
4243 8232 29044
29044 4243 8232
28820 5760 29959
29959 5760 28820
5760 28820 29959
651 8088 29654
29654 651 8088
8088 651 29654
10040 18343 25860
25860 10040 18343
18343 10040 25860
5170 6743 7346
6743 5170 7346
7346 5170 6743
19595 17448 20199
17448 19595 20199
20199 17448 19595
8234 5929 16933
16933 5929 8234
5929 8234 16933
20894 993 26262
26262 993 20894
993 20894 26262
711 9090 13551
9090 711 13551
13551 711 9090
13807 2131 21830
2131 13807 21830
21830 2131 13807
11760 15119 16607
16607 11760 15119
15119 11760 16607
24973 3692 16127
16127 3692 24973
3692 16127 24973
1237 14754 19372
19372 1237 14754
14754 1237 19372
19111 16350 25352
25352 16350 19111
16350 19111 25352
27387 16121 20695
20695 16121 27387
16121 20695 27387
16074 6213 15007
6213 15007 16074
15007 6213 16074
709 15633 22785
15633 709 22785
22785 709 15633
14409 1612 22102
22102 1612 14409
1612 14409 22102
10665 18062 29332
29332 10665 18062
18062 10665 29332
11342 7240 22576
22576 7240 11342
7240 11342 22576
21798 9464 26310
9464 21798 26310
26310 9464 21798
12538 15626 26721
26721 12538 15626
15626 12538 26721
23345 2315 19106
2315 19106 23345
19106 2315 23345
8826 14834 15707
14834 8826 15707
15707 8826 14834
2238 8890 14920
8890 2238 14920
14920 2238 8890
23958 15967 21271
21271 15967 23958
15967 21271 23958
9325 10449 23357
10449 9325 23357
23357 9325 10449
11851 7912 29348
7912 11851 29348
29348 7912 11851
19041 1001 1581
1001 1581 19041
1581 1001 19041
3150 8594 9925
8594 3150 9925
9925 3150 8594
6174 7935 25719
25719 6174 7935
7935 6174 25719
2262 657 28294
657 2262 28294
28294 657 2262
12322 15513 20788
15513 12322 20788
20788 12322 15513
4251 7519 21077
7519 4251 21077
21077 4251 7519
23821 16456 29543
16456 23821 29543
29543 16456 23821
1079 1939 18325
18325 1079 1939
1939 1079 18325
10500 9724 27246
27246 9724 10500
9724 10500 27246
12354 4443 27641
4443 12354 27641
27641 4443 12354
9625 26273 28202
26273 9625 28202
28202 9625 26273
15864 7946 18466
18466 7946 15864
7946 15864 18466
5815 24736 29284
24736 5815 29284
29284 5815 24736
18673 4632 16640
4632 16640 18673
16640 4632 18673
10278 8898 23915
8898 10278 23915
23915 8898 10278
18544 8636 27793
8636 18544 27793
27793 8636 18544
11801 3439 11160
3439 11160 11801
11160 3439 11801
21940 7128 21487
21487 7128 21940
7128 21487 21940
27643 15974 27303
15974 27303 27643
27303 15974 27643
10240 1115 8641
1115 8641 10240
8641 1115 10240
12443 14783 25723
25723 12443 14783
14783 12443 25723
15254 12742 15014
12742 15014 15254
15014 12742 15254
13689 19554 28795
19554 13689 28795
28795 13689 19554
6694 4035 17302
4035 6694 17302
17302 4035 6694
6981 310 25779
310 6981 25779
25779 310 6981
29977 2048 7074
2048 7074 29977
7074 2048 29977
17669 7836 25836
25836 7836 17669
7836 17669 25836
11158 10148 20216
10148 11158 20216
20216 10148 11158
221 8810 29647
29647 221 8810
8810 221 29647
1386 5901 22478
22478 1386 5901
5901 1386 22478
9329 13029 27576
13029 9329 27576
27576 9329 13029
7087 18760 21111
18760 7087 21111
21111 7087 18760
1944 22208 27988
22208 1944 27988
27988 1944 22208
9496 2950 23934
23934 2950 9496
2950 9496 23934
16012 3454 11507
11507 3454 16012
3454 11507 16012
10443 13577 23253
23253 10443 13577
13577 10443 23253
8004 12480 18082
18082 8004 12480
12480 8004 18082
26656 25420 29399
29399 25420 26656
25420 26656 29399
26050 5235 14161
14161 5235 26050
5235 14161 26050
6263 5291 9820
9820 5291 6263
5291 6263 9820
11857 14486 18283
14486 11857 18283
18283 11857 14486
16100 25406 27065
25406 16100 27065
27065 16100 25406
22062 7896 28358
7896 22062 28358
28358 7896 22062
25010 2411 14722
14722 2411 25010
2411 14722 25010
29806 16201 25913
16201 25913 29806
25913 16201 29806
27047 5625 28922
5625 27047 28922
28922 5625 27047
18708 10880 29204
10880 18708 29204
29204 10880 18708
27257 18551 28527
18551 27257 28527
28527 18551 27257
21424 1227 16462
16462 1227 21424
1227 16462 21424
25188 6108 6255
6108 6255 25188
6255 6108 25188
21135 1409 20962
1409 20962 21135
20962 1409 21135
11389 11593 12706
11593 11389 12706
12706 11389 11593
6124 8675 19914
8675 6124 19914
19914 6124 8675
2036 1340 10162
10162 1340 2036
1340 2036 10162
6445 16737 18184
16737 6445 18184
18184 6445 16737
18278 2561 10442
2561 10442 18278
10442 2561 18278
20920 13918 20689
20689 13918 20920
13918 20689 20920
2257 3791 15652
3791 2257 15652
15652 2257 3791
1919 6214 11047
6214 1919 11047
11047 1919 6214
19445 11190 27618
11190 19445 27618
27618 11190 19445
20259 6276 8291
8291 6276 20259
6276 8291 20259
19764 350 7878
350 7878 19764
7878 350 19764
16069 14430 22189
14430 16069 22189
22189 14430 16069
7793 15569 22085
15569 7793 22085
22085 7793 15569
29497 17858 26151
26151 17858 29497
17858 26151 29497
17875 2702 13671
2702 13671 17875
13671 2702 17875
28144 18348 21096
18348 21096 28144
21096 18348 28144
10035 26798 27845
27845 10035 26798
26798 10035 27845
15210 1313 6391
1313 6391 15210
6391 1313 15210
19394 3363 10194
10194 3363 19394
3363 10194 19394
6302 12348 21357
21357 6302 12348
12348 6302 21357
26041 12194 17847
17847 12194 26041
12194 17847 26041
6310 14944 15405
14944 6310 15405
15405 6310 14944
14249 7804 12203
7804 12203 14249
12203 7804 14249
26824 3784 4686
3784 4686 26824
4686 3784 26824
11846 6650 19322
6650 11846 19322
19322 6650 11846
27361 12602 15276
15276 12602 27361
12602 15276 27361
15905 7761 12030
7761 12030 15905
12030 7761 15905
23563 5680 21351
21351 5680 23563
5680 21351 23563
26758 4430 20647
20647 4430 26758
4430 20647 26758
10644 24403 26134
26134 10644 24403
24403 10644 26134
16769 4998 5206
4998 5206 16769
5206 4998 16769
21828 22972 25175
25175 21828 22972
22972 21828 25175
4544 3654 22040
3654 4544 22040
22040 3654 4544
29995 1491 22051
1491 22051 29995
22051 1491 29995
28921 1076 8114
8114 1076 28921
1076 8114 28921
90 7364 16719
16719 90 7364
7364 90 16719
17065 5518 21109
5518 17065 21109
21109 5518 17065
22047 8885 23081
23081 8885 22047
8885 22047 23081
1673 6791 29970
29970 1673 6791
6791 1673 29970
12787 12152 13831
13831 12152 12787
12152 12787 13831
3413 20323 29948
20323 3413 29948
29948 3413 20323
4524 520 13979
13979 520 4524
520 4524 13979
13239 1911 8787
8787 1911 13239
1911 8787 13239
21905 25673 29099
25673 21905 29099
29099 21905 25673
6766 11897 15241
15241 6766 11897
11897 6766 15241
18451 7204 13915
7204 13915 18451
13915 7204 18451
21949 2998 4687
4687 2998 21949
2998 4687 21949
23943 2352 5448
2352 5448 23943
5448 2352 23943
1127 12842 13350
12842 1127 13350
13350 1127 12842
13112 22662 26319
26319 13112 22662
22662 13112 26319
27479 19576 21154
21154 19576 27479
19576 21154 27479
10706 14570 19241
14570 10706 19241
19241 10706 14570
15010 19874 22375
19874 15010 22375
22375 15010 19874
20715 10062 19569
19569 10062 20715
10062 19569 20715
9434 6621 19267
6621 9434 19267
19267 6621 9434
16701 6407 10472
10472 6407 16701
6407 10472 16701
29698 4212 27164
27164 4212 29698
4212 27164 29698
17914 16654 20378
20378 16654 17914
16654 17914 20378
22515 8476 19071
8476 19071 22515
19071 8476 22515
20879 9775 23722
23722 9775 20879
9775 20879 23722
6899 11395 19062
19062 6899 11395
11395 6899 19062
17479 7432 24620
24620 7432 17479
7432 17479 24620
25490 17461 18529
18529 17461 25490
17461 18529 25490
22718 14352 22219
22219 14352 22718
14352 22219 22718
28832 2724 12219
2724 12219 28832
12219 2724 28832
27153 7468 27575
27575 7468 27153
7468 27153 27575
11022 584 23957
23957 584 11022
584 11022 23957
18295 7547 19263
19263 7547 18295
7547 18295 19263
8733 19804 24139
19804 8733 24139
24139 8733 19804
17235 8444 29304
29304 8444 17235
8444 17235 29304
14265 21323 29886
29886 14265 21323
21323 14265 29886
10028 6651 14590
6651 10028 14590
14590 6651 10028
22382 6102 13329
6102 13329 22382
13329 6102 22382
7350 18532 28438
28438 7350 18532
18532 7350 28438
12755 15212 16027
16027 12755 15212
15212 12755 16027
12116 23385 29758
29758 12116 23385
23385 12116 29758
4334 17116 21342
21342 4334 17116
17116 4334 21342
15164 10847 12284
10847 12284 15164
12284 10847 15164
26866 1465 8806
8806 1465 26866
1465 8806 26866
26673 541 8762
8762 541 26673
541 8762 26673
3901 10310 14588
14588 3901 10310
10310 3901 14588
5985 2269 10400
10400 2269 5985
2269 5985 10400
5361 26067 29184
29184 5361 26067
26067 5361 29184
18844 16464 18066
16464 18066 18844
18066 16464 18844
7920 18746 25363
25363 7920 18746
18746 7920 25363
12627 5542 17536
17536 5542 12627
5542 12627 17536
7927 6851 20265
20265 6851 7927
6851 7927 20265
10565 934 7831
934 7831 10565
7831 934 10565
10968 19090 28336
19090 10968 28336
28336 10968 19090
13036 17077 23488
17077 13036 23488
23488 13036 17077
806 19471 21604
21604 806 19471
19471 806 21604
3098 16314 27631
16314 3098 27631
27631 3098 16314
5526 12909 14117
12909 5526 14117
14117 5526 12909
25839 20682 28675
28675 20682 25839
20682 25839 28675
21542 16665 22027
22027 16665 21542
16665 21542 22027
10521 22441 23095
22441 10521 23095
23095 10521 22441
12016 462 24202
24202 462 12016
462 12016 24202
2919 7203 16541
7203 2919 16541
16541 2919 7203
10015 3174 6309
3174 6309 10015
6309 3174 10015
15642 72 5930
5930 72 15642
72 5930 15642
25837 1830 12872
12872 1830 25837
1830 12872 25837
2825 21735 25601
21735 2825 25601
25601 2825 21735
22529 623 13432
13432 623 22529
623 13432 22529
10537 6016 6411
6411 6016 10537
6016 6411 10537
17521 6509 16335
16335 6509 17521
6509 16335 17521
18194 11364 24383
11364 18194 24383
24383 11364 18194
9670 15146 17571
17571 9670 15146
15146 9670 17571
1487 3686 14451
3686 1487 14451
14451 1487 3686
956 3205 21396
3205 956 21396
21396 956 3205
5197 9577 29965
9577 5197 29965
29965 5197 9577
10637 5687 20786
20786 5687 10637
5687 10637 20786
26974 7053 17244
7053 17244 26974
17244 7053 26974
1214 3012 4739
4739 1214 3012
3012 1214 4739
22292 7755 10300
10300 7755 22292
7755 10300 22292
25435 824 15170
15170 824 25435
824 15170 25435
26813 11827 17918
11827 17918 26813
17918 11827 26813
10044 5093 21918
21918 5093 10044
5093 10044 21918
17793 6945 25139
25139 6945 17793
6945 17793 25139
4186 9307 12940
9307 4186 12940
12940 4186 9307
28303 2941 3429
3429 2941 28303
2941 3429 28303
2305 5172 6219
5172 2305 6219
6219 2305 5172
27354 5336 18078
5336 18078 27354
18078 5336 27354
20187 2527 23526
23526 2527 20187
2527 20187 23526
20127 27232 28995
28995 20127 27232
27232 20127 28995
26341 6437 8331
8331 6437 26341
6437 8331 26341
19671 3158 10659
10659 3158 19671
3158 10659 19671
9706 10894 17604
17604 9706 10894
10894 9706 17604
19104 23883 27594
27594 19104 23883
23883 19104 27594
6209 12515 21310
21310 6209 12515
12515 6209 21310
18938 15696 26482
15696 18938 26482
26482 15696 18938
9487 747 15822
747 9487 15822
15822 747 9487
15305 14532 25102
14532 15305 25102
25102 14532 15305
5220 8109 11936
8109 5220 11936
11936 5220 8109
27173 15480 20960
15480 20960 27173
20960 15480 27173
8220 5579 22412
22412 5579 8220
5579 8220 22412
3860 20155 25752
20155 3860 25752
25752 3860 20155
1567 2228 12865
2228 1567 12865
12865 1567 2228
9302 14971 19827
19827 9302 14971
14971 9302 19827
19165 11237 15773
11237 15773 19165
15773 11237 19165
17007 4191 16199
4191 16199 17007
16199 4191 17007
15759 14555 26339
14555 15759 26339
26339 14555 15759
26393 349 6089
6089 349 26393
349 6089 26393
12901 19280 22845
19280 12901 22845
22845 12901 19280
24228 17628 21353
21353 17628 24228
17628 21353 24228
24603 12429 29712
12429 24603 29712
29712 12429 24603
22261 1566 29095
1566 22261 29095
29095 1566 22261
1417 10997 22600
10997 1417 22600
22600 1417 10997
1317 18093 23824
23824 1317 18093
18093 1317 23824
15374 12104 15306
15306 12104 15374
12104 15306 15374
3060 25870 28901
28901 3060 25870
25870 3060 28901
17729 10260 18029
10260 17729 18029
18029 10260 17729
4783 26818 27151
26818 4783 27151
27151 4783 26818
28471 299 19026
19026 299 28471
299 19026 28471
23023 19069 20744
19069 20744 23023
20744 19069 23023
5022 6162 24566
6162 5022 24566
24566 5022 6162
20388 16579 21449
16579 20388 21449
21449 16579 20388
7752 8544 20830
20830 7752 8544
8544 7752 20830
22687 17664 28764
28764 17664 22687
17664 22687 28764
5902 8523 21893
8523 5902 21893
21893 5902 8523
7222 552 1772
552 1772 7222
1772 552 7222
12743 2501 19220
2501 12743 19220
19220 2501 12743
1891 1601 4877
1601 1891 4877
4877 1601 1891
9065 4836 24516
4836 9065 24516
24516 4836 9065
21219 12236 22402
12236 21219 22402
22402 12236 21219
5084 1805 16291
16291 1805 5084
1805 5084 16291
11616 1500 14846
1500 11616 14846
14846 1500 11616
17998 2459 28280
2459 17998 28280
28280 2459 17998
16193 6675 14047
14047 6675 16193
6675 14047 16193
6247 8563 17165
17165 6247 8563
8563 6247 17165
14256 2954 25842
2954 14256 25842
25842 2954 14256
24806 22109 25141
25141 22109 24806
22109 24806 25141
16995 21164 22758
21164 16995 22758
22758 16995 21164
29429 17367 22647
17367 22647 29429
22647 17367 29429
27804 3704 13663
13663 3704 27804
3704 13663 27804
29702 1315 14411
14411 1315 29702
1315 14411 29702
5833 971 4997
971 4997 5833
4997 971 5833
14592 16760 25430
16760 14592 25430
25430 14592 16760
11618 2469 2672
2469 2672 11618
2672 2469 11618
8269 15848 21564
21564 8269 15848
15848 8269 21564
356 14890 23884
23884 356 14890
14890 356 23884
14873 21067 26038
21067 14873 26038
26038 14873 21067
2058 685 15415
685 2058 15415
15415 685 2058
29934 8372 20856
20856 8372 29934
8372 20856 29934
11567 22232 26740
26740 11567 22232
22232 11567 26740
19366 6106 15851
15851 6106 19366
6106 15851 19366
12001 1393 18251
18251 1393 12001
1393 12001 18251
9294 20237 23040
20237 9294 23040
23040 9294 20237
23887 192 28116
28116 192 23887
192 23887 28116
21273 12432 20743
12432 20743 21273
20743 12432 21273
5510 8132 12801
8132 5510 12801
12801 5510 8132
18754 5307 27761
5307 18754 27761
27761 5307 18754
28041 1323 10916
1323 10916 28041
10916 1323 28041
15969 16102 20356
16102 15969 20356
20356 15969 16102
29899 680 13539
13539 680 29899
680 13539 29899
9713 10276 16361
10276 9713 16361
16361 9713 10276
2691 10408 26293
10408 2691 26293
26293 2691 10408
24905 11435 19692
11435 19692 24905
19692 11435 24905
16089 26632 27972
26632 16089 27972
27972 16089 26632
7067 8895 28882
8895 7067 28882
28882 7067 8895
23856 5637 19624
19624 5637 23856
5637 19624 23856
25 16772 19338
16772 25 19338
19338 25 16772
14781 16629 24960
16629 14781 24960
24960 14781 16629
8812 8274 18578
18578 8274 8812
8274 8812 18578
8124 3297 19721
19721 3297 8124
3297 8124 19721
10220 25440 26485
25440 10220 26485
26485 10220 25440
13527 3662 7082
3662 7082 13527
7082 3662 13527
21285 2752 20162
20162 2752 21285
2752 20162 21285
29139 18768 23080
23080 18768 29139
18768 23080 29139
10524 15238 27873
27873 10524 15238
15238 10524 27873
22946 1578 26642
26642 1578 22946
1578 22946 26642
12107 15218 28634
28634 12107 15218
15218 12107 28634
9000 10253 13103
10253 9000 13103
13103 9000 10253
16167 21505 29809
21505 16167 29809
29809 16167 21505
16149 1576 17199
17199 1576 16149
1576 16149 17199
18647 6513 14771
6513 14771 18647
14771 6513 18647
13733 7368 28642
28642 7368 13733
7368 13733 28642
27725 17779 19327
17779 19327 27725
19327 17779 27725
13324 15714 20083
20083 13324 15714
15714 13324 20083
11361 11079 18119
18119 11079 11361
11079 11361 18119
1008 6972 10914
10914 1008 6972
6972 1008 10914
11764 8303 13221
13221 8303 11764
8303 11764 13221
20109 9932 29908
9932 20109 29908
29908 9932 20109
15116 22582 22917
22917 15116 22582
22582 15116 22917
10395 9685 10222
10222 9685 10395
9685 10222 10395
20803 17639 21801
17639 20803 21801
21801 17639 20803
2340 14270 26404
26404 2340 14270
14270 2340 26404
18982 18633 20156
18633 18982 20156
20156 18633 18982
19698 13434 29387
13434 19698 29387
29387 13434 19698
9764 40 2398
40 2398 9764
2398 40 9764
4353 5591 25619
5591 4353 25619
25619 4353 5591
28465 11750 18745
11750 18745 28465
18745 11750 28465
1088 12361 17864
12361 1088 17864
17864 1088 12361
1594 10797 27627
27627 1594 10797
10797 1594 27627
10055 19999 22034
22034 10055 19999
19999 10055 22034
26540 9173 11294
11294 9173 26540
9173 11294 26540
29093 3311 26628
26628 3311 29093
3311 26628 29093
2476 15139 26643
26643 2476 15139
15139 2476 26643
363 17529 24507
24507 363 17529
17529 363 24507
8021 9588 28781
9588 8021 28781
28781 8021 9588
21571 1985 3985
1985 3985 21571
3985 1985 21571
18381 6983 21538
21538 6983 18381
6983 18381 21538
19847 2905 3667
3667 2905 19847
2905 3667 19847
17159 13722 27734
13722 17159 27734
27734 13722 17159
3497 21629 22155
21629 3497 22155
22155 3497 21629
7303 1431 23171
1431 7303 23171
23171 1431 7303
11006 4748 8949
4748 8949 11006
8949 4748 11006
12897 972 3925
972 3925 12897
3925 972 12897
10424 7351 27670
27670 7351 10424
7351 10424 27670
15666 15713 18830
15713 15666 18830
18830 15666 15713
206 9018 20465
9018 206 20465
20465 206 9018
23316 6160 29233
6160 23316 29233
29233 6160 23316
15033 18284 24337
18284 15033 24337
24337 15033 18284
2487 14599 24634
24634 2487 14599
14599 2487 24634
13658 1666 7823
7823 1666 13658
1666 7823 13658
24373 6064 13763
6064 13763 24373
13763 6064 24373
23589 12456 26683
26683 12456 23589
12456 23589 26683
7041 27067 29144
29144 7041 27067
27067 7041 29144
2642 9147 27286
9147 2642 27286
27286 2642 9147
3666 5527 8024
8024 3666 5527
5527 3666 8024
14440 21402 23534
23534 14440 21402
21402 14440 23534
6078 2990 9417
2990 6078 9417
9417 2990 6078
16971 553 6970
553 6970 16971
6970 553 16971
27651 6268 9017
6268 9017 27651
9017 6268 27651
3700 15589 23261
15589 3700 23261
23261 3700 15589
18929 1396 16600
1396 16600 18929
16600 1396 18929
8960 5390 17561
5390 8960 17561
17561 5390 8960
12083 19101 28169
19101 12083 28169
28169 12083 19101
955 11207 21829
21829 955 11207
11207 955 21829
1584 8560 10093
10093 1584 8560
8560 1584 10093
14469 776 2455
776 2455 14469
2455 776 14469
9765 3107 12101
12101 3107 9765
3107 9765 12101
27499 10135 26855
10135 26855 27499
26855 10135 27499
29797 4380 18302
18302 4380 29797
4380 18302 29797
28068 17929 22888
22888 17929 28068
17929 22888 28068
14698 13997 25201
25201 13997 14698
13997 14698 25201
24614 4463 15382
4463 15382 24614
15382 4463 24614
478 17044 25646
25646 478 17044
17044 478 25646
28291 14369 15237
14369 15237 28291
15237 14369 28291
5573 9755 21540
21540 5573 9755
9755 5573 21540
16557 25495 27709
25495 16557 27709
27709 16557 25495
11806 17127 21907
17127 11806 21907
21907 11806 17127
29581 8363 24221
24221 8363 29581
8363 24221 29581
24062 7430 27924
27924 7430 24062
7430 24062 27924
23259 10851 22132
22132 10851 23259
10851 22132 23259
7248 1302 22695
22695 1302 7248
1302 7248 22695
22213 5184 24356
5184 22213 24356
24356 5184 22213
21731 18314 29661
18314 21731 29661
29661 18314 21731
4154 14793 22257
22257 4154 14793
14793 4154 22257
5242 19183 25172
19183 5242 25172
25172 5242 19183
26822 579 5368
579 5368 26822
5368 579 26822
23549 938 13473
13473 938 23549
938 13473 23549
18845 3600 12847
12847 3600 18845
3600 12847 18845
5673 16080 17137
17137 5673 16080
16080 5673 17137
22005 11942 22974
11942 22005 22974
22974 11942 22005
10302 19588 21545
21545 10302 19588
19588 10302 21545
15885 10203 17613
10203 15885 17613
17613 10203 15885
17871 2980 7979
7979 2980 17871
2980 7979 17871
26089 25762 29037
25762 26089 29037
29037 25762 26089
12941 300 18882
18882 300 12941
300 12941 18882
4676 37 11777
37 4676 11777
11777 37 4676
18795 764 8921
764 8921 18795
8921 764 18795
5009 25650 28276
25650 5009 28276
28276 5009 25650
20734 18912 28745
18912 20734 28745
28745 18912 20734
23840 22865 24779
24779 22865 23840
22865 23840 24779
16946 9564 29142
29142 9564 16946
9564 16946 29142
4556 20110 21401
21401 4556 20110
20110 4556 21401
9239 5926 29545
29545 5926 9239
5926 9239 29545
17806 5975 15003
15003 5975 17806
5975 15003 17806
12492 540 5575
5575 540 12492
540 5575 12492
1758 2500 3880
2500 1758 3880
3880 1758 2500
4664 3028 14370
14370 3028 4664
3028 4664 14370
27979 23574 24757
23574 24757 27979
24757 23574 27979
18110 1969 6926
1969 6926 18110
6926 1969 18110
12695 23204 29730
23204 12695 29730
29730 12695 23204
3798 20770 26572
26572 3798 20770
20770 3798 26572
14647 3810 16334
16334 3810 14647
3810 14647 16334
1913 5488 28468
5488 1913 28468
28468 1913 5488
11261 1072 26576
26576 1072 11261
1072 11261 26576
7214 10705 17905
17905 7214 10705
10705 7214 17905
1634 13701 22276
22276 1634 13701
13701 1634 22276
24546 2819 20999
2819 20999 24546
20999 2819 24546
10409 8917 21120
21120 8917 10409
8917 10409 21120
5601 18742 26009
18742 5601 26009
26009 5601 18742
50 6785 23942
6785 50 23942
23942 50 6785
19984 14433 20852
20852 14433 19984
14433 19984 20852
21016 28636 29590
28636 21016 29590
29590 21016 28636
11455 4866 10115
4866 10115 11455
10115 4866 11455
19013 933 21458
21458 933 19013
933 19013 21458
25831 8406 13208
8406 13208 25831
13208 8406 25831
16595 2122 21628
2122 16595 21628
21628 2122 16595
20866 9898 26297
26297 9898 20866
9898 20866 26297
24152 19195 27513
27513 19195 24152
19195 24152 27513
7735 726 10552
10552 726 7735
726 7735 10552
25337 957 5762
5762 957 25337
957 5762 25337
29278 11596 13196
13196 11596 29278
11596 13196 29278
15071 22205 24553
22205 15071 24553
24553 15071 22205
14941 4018 21315
4018 14941 21315
21315 4018 14941
10938 12097 29861
12097 10938 29861
29861 10938 12097
4740 15394 16983
15394 4740 16983
16983 4740 15394
17351 11235 28074
28074 11235 17351
11235 17351 28074
24323 21208 22107
22107 21208 24323
21208 22107 24323
9783 6757 19747
6757 9783 19747
19747 6757 9783
14743 4495 9828
9828 4495 14743
4495 9828 14743
6142 20192 29618
29618 6142 20192
20192 6142 29618
4 5073 5223
5073 4 5223
5223 4 5073
23638 14671 18222
14671 18222 23638
18222 14671 23638
4964 12448 22498
12448 4964 22498
22498 4964 12448
14291 6677 29435
6677 14291 29435
29435 6677 14291
25665 11082 27730
11082 25665 27730
27730 11082 25665
27510 14314 21309
21309 14314 27510
14314 21309 27510
7481 23360 27263
27263 7481 23360
23360 7481 27263
29293 11987 12475
11987 12475 29293
12475 11987 29293
17327 23811 25597
23811 17327 25597
25597 17327 23811
8227 2372 29988
2372 8227 29988
29988 2372 8227
23867 16702 27703
16702 23867 27703
27703 16702 23867
19384 10739 11568
10739 11568 19384
11568 10739 19384
25678 24386 24838
24386 24838 25678
24838 24386 25678
17666 2959 10053
10053 2959 17666
2959 10053 17666
272 1996 28560
28560 272 1996
1996 272 28560
11 3863 19889
3863 11 19889
19889 11 3863
25371 6383 17294
6383 17294 25371
17294 6383 25371
