195 176 201
176 195 201
201 176 195
165 123 255
123 165 255
255 123 165
7 100 191
191 7 100
100 7 191
67 36 300
36 67 300
300 36 67
59 173 258
258 59 173
173 59 258
15 198 265
265 15 198
198 15 265
252 153 232
232 153 252
153 232 252
68 88 183
183 68 88
88 68 183
35 75 128
75 35 128
128 35 75
81 103 290
103 81 290
290 81 103
118 213 216
216 118 213
213 118 216
262 43 129
43 129 262
129 43 262
205 86 190
86 190 205
190 86 205
222 203 268
203 222 268
268 203 222
26 24 106
24 26 106
106 24 26
208 172 197
172 197 208
197 172 208
161 9 263
9 161 263
263 9 161
278 87 121
87 121 278
121 87 278
109 12 78
78 12 109
12 78 109
17 145 156
145 17 156
156 17 145
271 44 175
44 175 271
175 44 271
85 46 130
130 46 85
46 85 130
211 105 141
141 105 211
105 141 211
61 57 192
192 57 61
57 61 192
66 219 280
280 66 219
219 66 280
162 187 200
200 162 187
187 162 200
33 22 110
22 33 110
110 22 33
132 185 226
185 132 226
226 132 185
77 39 179
39 77 179
179 39 77
275 89 217
217 89 275
89 217 275
102 37 189
189 37 102
37 102 189
151 38 166
38 151 166
166 38 151
94 207 230
207 94 230
230 94 207
84 21 125
21 84 125
125 21 84
233 51 101
101 51 233
51 101 233
16 71 120
71 16 120
120 16 71
202 116 131
131 116 202
116 131 202
159 10 251
251 10 159
10 159 251
18 27 73
73 18 27
27 18 73
91 243 259
243 91 259
259 91 243
155 63 181
63 155 181
181 63 155
5 14 143
143 5 14
14 5 143
55 31 136
31 55 136
136 31 55
111 54 147
147 54 111
54 111 147
133 11 65
65 11 133
11 65 133
114 180 289
180 114 289
289 114 180
240 235 293
293 235 240
235 240 293
248 20 97
97 20 248
20 97 248
148 2 277
2 148 277
277 2 148
96 29 80
29 80 96
80 29 96
209 62 117
62 117 209
117 62 209
186 250 257
257 186 250
250 186 257
23 49 93
49 23 93
93 23 49
249 60 288
60 249 288
288 60 249
218 41 99
41 99 218
99 41 218
291 58 170
170 58 291
58 170 291
245 107 152
107 152 245
152 107 245
261 124 282
282 124 261
124 261 282
238 52 215
215 52 238
52 215 238
119 242 247
242 119 247
247 119 242
40 56 126
56 40 126
126 40 56
267 115 139
139 115 267
115 139 267
286 92 292
92 286 292
292 92 286
196 32 140
32 140 196
140 32 196
236 256 287
256 236 287
287 236 256
112 225 298
298 112 225
225 112 298
108 19 223
19 108 223
223 19 108
163 70 253
253 70 163
70 163 253
260 72 237
72 237 260
237 72 260
6 98 127
98 6 127
127 6 98
231 138 174
138 174 231
174 138 231
154 8 158
8 154 158
158 8 154
194 3 276
3 194 276
276 3 194
182 95 228
228 95 182
95 182 228
53 264 299
299 53 264
264 53 299
297 137 272
272 137 297
137 272 297
48 149 295
149 48 295
295 48 149
34 30 204
204 30 34
30 34 204
193 64 229
229 64 193
64 193 229
76 184 269
269 76 184
184 76 269
266 279 281
279 266 281
281 266 279
50 188 285
188 50 285
285 50 188
241 79 296
296 79 241
79 241 296
214 206 239
239 206 214
206 214 239
160 171 244
244 160 171
171 160 244
274 90 142
90 142 274
142 90 274
199 47 157
47 157 199
157 47 199
135 134 294
294 134 135
134 135 294
283 4 74
74 4 283
4 74 283
25 234 284
234 25 284
284 25 234
122 83 150
150 83 122
83 122 150
212 177 246
246 177 212
177 212 246
220 104 210
104 210 220
210 104 220
254 69 113
113 69 254
69 113 254
42 146 224
146 42 224
224 42 146
1 168 227
168 1 227
227 1 168
45 144 178
144 45 178
178 45 144
164 28 221
221 28 164
28 164 221
270 13 82
13 82 270
82 13 270
167 169 273
273 167 169
169 167 273
