205 276 289
276 205 289
289 205 276
252 73 261
73 252 261
261 73 252
58 89 291
291 58 89
89 58 291
176 225 245
245 176 225
225 176 245
31 12 274
274 12 31
12 31 274
2 106 224
224 2 106
106 2 224
251 39 132
132 39 251
39 132 251
161 62 269
62 161 269
269 62 161
150 70 226
70 150 226
226 70 150
285 180 223
223 180 285
180 223 285
248 191 235
235 191 248
191 235 248
14 90 227
227 14 90
90 14 227
179 121 238
121 179 238
238 121 179
249 79 181
181 79 249
79 181 249
32 5 190
190 5 32
5 32 190
24 134 236
236 24 134
134 24 236
114 52 237
52 114 237
237 52 114
29 133 192
133 29 192
192 29 133
243 19 49
19 49 243
49 19 243
57 56 144
144 56 57
56 57 144
242 82 198
198 82 242
82 198 242
129 108 231
108 129 231
231 108 129
149 55 174
55 149 174
174 55 149
140 200 202
200 140 202
202 140 200
244 219 294
294 219 244
219 244 294
222 47 290
290 47 222
47 222 290
281 188 213
188 213 281
213 188 281
159 26 156
156 26 159
26 156 159
295 95 145
145 95 295
95 145 295
40 98 172
172 40 98
98 40 172
246 167 196
196 167 246
167 196 246
96 3 104
104 3 96
3 96 104
69 6 175
175 6 69
6 69 175
83 166 206
166 83 206
206 83 166
88 74 230
74 88 230
230 74 88
284 34 288
288 34 284
34 284 288
42 123 259
123 42 259
259 42 123
87 60 125
60 87 125
125 60 87
255 18 115
18 115 255
115 18 255
118 113 173
173 113 118
113 118 173
186 239 296
239 186 296
296 186 239
126 101 199
199 101 126
101 126 199
67 36 171
171 36 67
36 67 171
28 165 265
165 28 265
265 28 165
45 94 287
94 45 287
287 45 94
157 66 256
256 66 157
66 157 256
112 16 257
257 16 112
16 112 257
232 9 65
65 9 232
9 65 232
280 20 117
117 20 280
20 117 280
33 77 197
77 33 197
197 33 77
59 124 283
283 59 124
124 59 283
250 138 292
138 250 292
292 138 250
168 169 189
189 168 169
169 168 189
86 61 271
271 61 86
61 86 271
143 37 262
262 37 143
37 143 262
22 100 154
100 22 154
154 22 100
204 146 277
277 146 204
146 204 277
195 75 182
75 182 195
182 75 195
111 50 299
299 50 111
50 111 299
300 46 233
46 233 300
233 46 300
212 21 27
21 27 212
27 21 212
105 152 211
152 105 211
211 105 152
128 25 234
234 25 128
25 128 234
84 130 208
208 84 130
130 84 208
155 218 272
218 155 272
272 155 218
210 151 220
220 151 210
151 210 220
241 11 92
11 92 241
92 11 241
183 270 275
270 183 275
275 183 270
78 116 286
286 78 116
116 78 286
279 1 247
247 1 279
1 247 279
76 158 216
158 76 216
216 76 158
119 127 240
240 119 127
127 119 240
43 228 258
228 43 258
258 43 228
187 109 215
109 187 215
215 109 187
170 214 267
214 170 267
267 170 214
131 97 221
221 97 131
97 131 221
85 193 263
193 85 263
263 85 193
13 153 203
153 13 203
203 13 153
8 141 268
268 8 141
141 8 268
48 81 164
81 48 164
164 48 81
93 64 201
64 93 201
201 64 93
51 4 107
107 4 51
4 51 107
177 41 185
41 177 185
185 41 177
91 207 273
273 91 207
207 91 273
38 178 293
293 38 178
178 38 293
54 136 254
136 54 254
254 54 136
253 148 194
194 148 253
148 194 253
139 184 278
184 139 278
278 139 184
102 17 260
17 102 260
260 17 102
7 137 264
137 7 264
264 7 137
72 103 298
103 72 298
298 72 103
10 163 297
163 10 297
297 10 163
120 44 160
44 120 160
160 44 120
53 162 229
229 53 162
162 53 229
266 15 147
15 147 266
147 15 266
217 30 80
30 80 217
80 30 217
122 142 209
142 122 209
209 122 142
110 68 71
68 71 110
71 68 110
282 63 135
63 135 282
135 63 282
23 35 99
35 23 99
99 23 35
