1692 349 816
816 349 1692
349 816 1692
315 1260 1732
1260 315 1732
1732 315 1260
21 1120 2267
2267 21 1120
1120 21 2267
2186 916 1873
1873 916 2186
916 1873 2186
593 462 1615
462 593 1615
1615 462 593
433 287 809
809 287 433
287 433 809
2982 991 1614
1614 991 2982
991 1614 2982
1903 523 2881
2881 523 1903
523 1903 2881
407 833 981
833 407 981
981 407 833
2315 276 1613
276 1613 2315
1613 276 2315
440 1601 2610
1601 440 2610
2610 440 1601
1725 1106 2722
2722 1106 1725
1106 1725 2722
2980 2026 2948
2948 2026 2980
2026 2948 2980
2751 690 1426
690 1426 2751
1426 690 2751
559 492 2733
492 559 2733
2733 492 559
939 2255 2288
2255 939 2288
2288 939 2255
1559 117 760
760 117 1559
117 760 1559
2810 382 399
382 399 2810
399 382 2810
846 1548 2529
1548 846 2529
2529 846 1548
735 641 1768
641 735 1768
1768 641 735
2339 51 913
913 51 2339
51 913 2339
2009 1354 1480
1480 1354 2009
1354 1480 2009
2098 838 1649
838 1649 2098
1649 838 2098
2065 1688 2967
1688 2065 2967
2967 1688 2065
1222 136 1421
136 1222 1421
1421 136 1222
1492 736 1406
1406 736 1492
736 1406 1492
516 1538 2542
1538 516 2542
2542 516 1538
2286 1280 2366
2366 1280 2286
1280 2286 2366
113 508 2753
2753 113 508
508 113 2753
1619 744 2104
2104 744 1619
744 1619 2104
2847 1397 2415
2415 1397 2847
1397 2415 2847
443 597 1174
597 443 1174
1174 443 597
1191 305 409
409 305 1191
305 409 1191
979 232 1661
232 979 1661
1661 232 979
273 1102 1152
1102 273 1152
1152 273 1102
2412 1479 1849
1849 1479 2412
1479 1849 2412
2630 1045 2791
1045 2630 2791
2791 1045 2630
224 314 1782
1782 224 314
314 224 1782
1184 1162 1997
1162 1184 1997
1997 1162 1184
156 2165 2231
2165 156 2231
2231 156 2165
1420 2477 2757
2477 1420 2757
2757 1420 2477
1477 813 814
813 814 1477
814 813 1477
509 936 1422
936 509 1422
1422 509 936
212 815 2265
2265 212 815
815 212 2265
844 2904 2951
2951 844 2904
2904 844 2951
2270 1452 2655
2655 1452 2270
1452 2270 2655
2309 347 2746
347 2309 2746
2746 347 2309
709 964 1928
1928 709 964
964 709 1928
118 2050 2519
2050 118 2519
2519 118 2050
2795 270 1872
1872 270 2795
270 1872 2795
717 2282 2659
2659 717 2282
2282 717 2659
2404 84 2493
84 2404 2493
2493 84 2404
329 972 2971
2971 329 972
972 329 2971
1919 1398 2668
1398 1919 2668
2668 1398 1919
1733 100 721
100 721 1733
721 100 1733
1250 88 1913
88 1250 1913
1913 88 1250
1824 183 207
183 207 1824
207 183 1824
1234 200 2221
200 1234 2221
2221 200 1234
230 493 2051
493 230 2051
2051 230 493
1252 430 931
931 430 1252
430 931 1252
488 650 2761
650 488 2761
2761 488 650
863 151 1208
1208 151 863
151 863 1208
1385 1457 2035
1457 1385 2035
2035 1385 1457
1790 471 1475
1475 471 1790
471 1475 1790
1427 274 2582
2582 274 1427
274 1427 2582
79 1642 2535
2535 79 1642
1642 79 2535
365 1096 1347
1096 365 1347
1347 365 1096
541 222 1685
222 541 1685
1685 222 541
565 218 1695
1695 218 565
218 565 1695
15 384 1737
1737 15 384
384 15 1737
2465 1854 1979
1979 1854 2465
1854 1979 2465
2960 74 520
520 74 2960
74 520 2960
687 1112 2293
1112 687 2293
2293 687 1112
1330 722 2374
722 1330 2374
2374 722 1330
2588 2384 2686
2686 2384 2588
2384 2588 2686
779 1183 1730
1730 779 1183
1183 779 1730
531 653 2773
653 531 2773
2773 531 653
510 1078 1342
1078 510 1342
1342 510 1078
1813 1361 1660
1361 1660 1813
1660 1361 1813
81 821 2054
2054 81 821
821 81 2054
63 1093 2238
1093 63 2238
2238 63 1093
2089 344 576
344 576 2089
576 344 2089
2811 2246 2536
2246 2536 2811
2536 2246 2811
1070 575 2154
2154 575 1070
575 1070 2154
629 2064 2244
2244 629 2064
2064 629 2244
1917 1975 2363
1975 1917 2363
2363 1917 1975
2260 1493 2748
1493 2260 2748
2748 1493 2260
2367 199 2128
2128 199 2367
199 2128 2367
1534 264 1810
264 1534 1810
1810 264 1534
2715 1977 2809
1977 2715 2809
2809 1977 2715
1350 742 2341
742 1350 2341
2341 742 1350
766 618 2205
618 766 2205
2205 618 766
2556 216 1060
216 1060 2556
1060 216 2556
1845 780 1517
1517 780 1845
780 1517 1845
895 2502 2968
2968 895 2502
2502 895 2968
2067 2349 2499
2499 2067 2349
2349 2067 2499
1763 876 1803
1803 876 1763
876 1763 1803
363 1204 1918
1918 363 1204
1204 363 1918
2949 1116 2849
2849 1116 2949
1116 2849 2949
1287 1507 1862
1862 1287 1507
1507 1287 1862
1057 1864 2496
2496 1057 1864
1864 1057 2496
514 1240 2069
2069 514 1240
1240 514 2069
2099 27 1053
27 1053 2099
1053 27 2099
950 73 2924
2924 73 950
73 950 2924
1777 772 1720
772 1720 1777
1720 772 1777
1282 460 1159
460 1159 1282
1159 460 1282
706 476 2762
2762 476 706
476 706 2762
526 317 1939
1939 317 526
317 526 1939
2807 603 2744
603 2744 2807
2744 603 2807
2658 1518 1632
1518 1632 2658
1632 1518 2658
696 1999 2579
2579 696 1999
1999 696 2579
2557 205 578
205 578 2557
578 205 2557
2443 1961 2896
2896 1961 2443
1961 2443 2896
1095 380 2342
2342 380 1095
380 1095 2342
64 132 2760
132 64 2760
2760 64 132
2399 1241 1487
1487 1241 2399
1241 1487 2399
2462 595 2906
2906 595 2462
595 2462 2906
2008 327 1912
327 1912 2008
1912 327 2008
669 405 1188
1188 405 669
405 669 1188
1320 1117 1173
1117 1173 1320
1173 1117 1320
143 1545 1778
1545 143 1778
1778 143 1545
171 922 2786
2786 171 922
922 171 2786
1562 1678 2033
1678 1562 2033
2033 1562 1678
1248 248 2637
2637 248 1248
248 1248 2637
1896 1286 2577
1286 1896 2577
2577 1286 1896
2320 2468 2855
2855 2320 2468
2468 2320 2855
155 569 778
778 155 569
569 155 778
217 1223 2995
1223 217 2995
2995 217 1223
2769 739 1830
739 1830 2769
1830 739 2769
513 557 1826
1826 513 557
557 513 1826
600 818 1141
1141 600 818
818 600 1141
1579 311 1916
311 1579 1916
1916 311 1579
2911 42 999
999 42 2911
42 999 2911
2224 1058 1734
1734 1058 2224
1058 1734 2224
2049 2784 2990
2990 2049 2784
2784 2049 2990
2954 1069 1243
1243 1069 2954
1069 1243 2954
1414 166 210
210 166 1414
166 210 1414
69 2143 2463
2143 69 2463
2463 69 2143
2973 2372 2533
2372 2533 2973
2533 2372 2973
1215 743 2589
2589 743 1215
743 1215 2589
1515 398 1257
398 1257 1515
1257 398 1515
85 40 571
571 40 85
40 85 571
1324 2283 2578
2283 1324 2578
2578 1324 2283
326 1225 1806
1806 326 1225
1225 326 1806
2271 989 2665
2665 989 2271
989 2271 2665
1683 68 2431
2431 68 1683
68 1683 2431
1418 1023 1335
1023 1335 1418
1335 1023 1418
90 396 1938
1938 90 396
396 90 1938
283 1490 2290
2290 283 1490
1490 283 2290
837 2 1476
1476 2 837
2 837 1476
1425 2127 2820
2127 1425 2820
2820 1425 2127
1122 2296 2379
2296 1122 2379
2379 1122 2296
2597 649 2478
649 2478 2597
2478 649 2597
1337 532 1177
1177 532 1337
532 1177 1337
2700 1265 2726
2726 1265 2700
1265 2700 2726
1205 2188 2298
2188 1205 2298
2298 1205 2188
2252 376 1668
376 1668 2252
1668 376 2252
1160 1626 2142
1626 1160 2142
2142 1160 1626
1463 768 2200
768 1463 2200
2200 768 1463
2953 458 2680
458 2680 2953
2680 458 2953
83 1021 2106
2106 83 1021
1021 83 2106
2831 1011 1054
1054 1011 2831
1011 1054 2831
1877 1396 2403
2403 1396 1877
1396 1877 2403
2994 795 2985
795 2985 2994
2985 795 2994
1863 354 2025
354 1863 2025
2025 354 1863
2376 1311 2060
2060 1311 2376
1311 2060 2376
973 456 2997
2997 456 973
456 973 2997
1659 1423 1820
1820 1423 1659
1423 1659 1820
34 549 832
549 34 832
832 34 549
331 568 2445
568 331 2445
2445 331 568
1950 2886 2920
2886 1950 2920
2920 1950 2886
2435 555 623
623 555 2435
555 623 2435
946 1799 2730
2730 946 1799
1799 946 2730
1055 324 589
324 589 1055
589 324 1055
353 625 1937
1937 353 625
625 353 1937
1941 2031 2085
2085 1941 2031
2031 1941 2085
1831 1553 1574
1553 1574 1831
1574 1553 1831
691 1933 2484
1933 691 2484
2484 691 1933
1084 451 2187
2187 451 1084
451 1084 2187
1786 1392 2785
2785 1392 1786
1392 1786 2785
747 415 1682
1682 415 747
415 747 1682
724 958 2117
958 724 2117
2117 724 958
1513 1049 2175
2175 1049 1513
1049 1513 2175
194 2475 2694
2694 194 2475
2475 194 2694
944 674 1646
674 944 1646
1646 674 944
1132 18 678
678 18 1132
18 678 1132
890 822 1607
1607 822 890
822 890 1607
478 2138 2209
2209 478 2138
2138 478 2209
92 1503 2287
1503 92 2287
2287 92 1503
1729 3 2043
3 1729 2043
2043 3 1729
24 1716 2518
2518 24 1716
1716 24 2518
2093 1301 2977
2977 1301 2093
1301 2093 2977
36 764 1759
764 36 1759
1759 36 764
358 2211 2566
2566 358 2211
2211 358 2566
2633 984 1470
984 1470 2633
1470 984 2633
1973 588 1075
1075 588 1973
588 1075 1973
441 803 2006
803 441 2006
2006 441 803
1210 2506 2944
2506 1210 2944
2944 1210 2506
1568 635 2739
635 1568 2739
2739 635 1568
234 414 2580
414 234 2580
2580 234 414
2865 1573 1667
1573 1667 2865
1667 1573 2865
2935 124 2850
2850 124 2935
124 2850 2935
2456 855 1752
855 1752 2456
1752 855 2456
2488 191 612
612 191 2488
191 612 2488
871 1532 2891
1532 871 2891
2891 871 1532
2409 257 1429
1429 257 2409
257 1429 2409
99 1175 2179
2179 99 1175
1175 99 2179
2330 254 2381
2381 254 2330
254 2330 2381
1073 1991 2562
1991 1073 2562
2562 1073 1991
1934 197 2698
197 1934 2698
2698 197 1934
1067 1338 1654
1654 1067 1338
1338 1067 1654
1056 1181 2938
2938 1056 1181
1181 1056 2938
860 1469 2247
2247 860 1469
1469 860 2247
499 1259 2326
1259 499 2326
2326 499 1259
781 644 2422
2422 644 781
644 781 2422
2136 658 1293
658 1293 2136
1293 658 2136
335 424 2419
424 335 2419
2419 335 424
1251 455 2770
2770 455 1251
455 1251 2770
2531 1783 2310
2310 1783 2531
1783 2310 2531
2962 14 894
14 894 2962
894 14 2962
1500 342 841
841 342 1500
342 841 1500
1902 290 1610
1610 290 1902
290 1610 1902
823 2215 2489
2489 823 2215
2215 823 2489
961 1746 2344
2344 961 1746
1746 961 2344
2144 360 2664
2664 360 2144
360 2144 2664
2804 1098 2204
2204 1098 2804
1098 2204 2804
640 1017 1702
1702 640 1017
1017 640 1702
2925 2467 2627
2467 2627 2925
2627 2467 2925
2397 1675 2114
1675 2114 2397
2114 1675 2397
1271 2019 2111
2019 1271 2111
2111 1271 2019
1894 1680 1770
1680 1770 1894
1770 1680 1894
2464 697 889
697 889 2464
889 697 2464
2867 2545 2768
2768 2545 2867
2545 2768 2867
672 921 2476
2476 672 921
921 672 2476
611 2190 2838
2190 611 2838
2838 611 2190
1745 1378 1909
1378 1745 1909
1909 1378 1745
2251 343 485
343 485 2251
485 343 2251
2651 1940 2952
2952 1940 2651
1940 2651 2952
2538 1436 1595
1436 1595 2538
1595 1436 2538
1121 518 948
948 518 1121
518 948 1121
2992 173 2915
173 2915 2992
2915 173 2992
2654 1701 2602
2602 1701 2654
1701 2602 2654
2024 824 2333
2333 824 2024
824 2024 2333
1945 793 836
793 836 1945
836 793 1945
1291 141 1603
141 1291 1603
1603 141 1291
1857 178 1962
1962 178 1857
178 1857 1962
903 807 2728
807 903 2728
2728 807 903
1706 1833 2500
2500 1706 1833
1833 1706 2500
2661 261 2155
2155 261 2661
261 2155 2661
2621 560 1103
1103 560 2621
560 1103 2621
120 728 1761
1761 120 728
728 120 1761
1308 1 1399
1 1308 1399
1399 1 1308
2636 2350 2494
2494 2350 2636
2350 2494 2636
402 47 62
47 62 402
62 47 402
1249 2406 2913
2913 1249 2406
2406 1249 2913
2174 1591 2735
1591 2174 2735
2735 1591 2174
1666 2148 2921
2921 1666 2148
2148 1666 2921
1949 942 2105
942 1949 2105
2105 942 1949
2294 308 1288
1288 308 2294
308 1288 2294
1587 306 2110
306 1587 2110
2110 306 1587
564 1616 2081
2081 564 1616
1616 564 2081
2520 123 2361
2361 123 2520
123 2361 2520
1437 1329 2540
1329 1437 2540
2540 1329 1437
1555 330 1235
330 1235 1555
1235 330 1555
831 1409 2539
2539 831 1409
1409 831 2539
1772 2045 2145
2145 1772 2045
2045 1772 2145
751 1550 2314
1550 751 2314
2314 751 1550
2554 2196 2527
2196 2527 2554
2527 2196 2554
1383 1101 1590
1590 1101 1383
1101 1383 1590
2662 333 977
977 333 2662
333 977 2662
2874 1722 2455
2455 1722 2874
1722 2455 2874
1958 613 2880
613 1958 2880
2880 613 1958
2947 960 1059
960 1059 2947
1059 960 2947
817 1275 1885
1275 817 1885
1885 817 1275
1671 195 2312
2312 195 1671
195 1671 2312
1494 1365 2742
2742 1365 1494
1365 1494 2742
873 33 1794
33 873 1794
1794 33 873
1126 1881 2324
1881 1126 2324
2324 1126 1881
1677 867 2285
2285 867 1677
867 1677 2285
1858 586 2123
586 1858 2123
2123 586 1858
2132 1008 2570
2570 1008 2132
1008 2132 2570
1034 1900 1983
1900 1034 1983
1983 1034 1900
2189 2239 2608
2608 2189 2239
2239 2189 2608
1325 35 1300
1300 35 1325
35 1300 1325
130 125 2999
2999 125 130
125 130 2999
2279 632 1363
632 1363 2279
1363 632 2279
2818 1139 1944
1944 1139 2818
1139 1944 2818
238 765 2195
2195 238 765
765 238 2195
1583 879 1297
1297 879 1583
879 1297 1583
2047 164 2513
2513 164 2047
164 2047 2513
372 126 260
126 260 372
260 126 372
1771 1767 2159
1767 1771 2159
2159 1767 1771
2856 835 2774
835 2774 2856
2774 835 2856
2705 89 1460
89 1460 2705
1460 89 2705
609 1146 2629
1146 609 2629
2629 609 1146
356 388 2400
388 356 2400
2400 356 388
2331 105 439
439 105 2331
105 439 2331
1878 2078 2993
2078 1878 2993
2993 1878 2078
2549 1322 1639
1639 1322 2549
1322 1639 2549
506 1041 2552
1041 506 2552
2552 506 1041
54 710 1802
710 54 1802
1802 54 710
2996 1328 2805
1328 2805 2996
2805 1328 2996
2779 1924 2380
1924 2380 2779
2380 1924 2779
2936 1341 2647
1341 2647 2936
2647 1341 2936
695 437 1609
1609 437 695
437 695 1609
1498 1554 2402
1554 1498 2402
2402 1498 1554
929 718 2716
2716 718 929
718 929 2716
1631 1560 2975
2975 1560 1631
1560 1631 2975
1604 300 2561
2561 300 1604
300 1604 2561
2218 749 1390
1390 749 2218
749 1390 2218
1472 1028 1149
1028 1149 1472
1149 1028 1472
2243 2213 2521
2213 2243 2521
2521 2213 2243
660 101 1529
1529 101 660
101 660 1529
683 247 2523
2523 247 683
247 683 2523
880 714 1377
714 880 1377
1377 714 880
2230 657 2253
657 2230 2253
2253 657 2230
1278 394 410
394 410 1278
410 394 1278
1751 580 2687
2687 580 1751
580 1751 2687
420 1407 2281
2281 420 1407
1407 420 2281
1816 265 1202
265 1202 1816
1202 265 1816
756 161 1473
161 756 1473
1473 161 756
1719 1236 2388
1236 1719 2388
2388 1236 1719
2358 1773 2594
1773 2358 2594
2594 1773 2358
2605 2090 2418
2418 2090 2605
2090 2418 2605
351 945 1795
1795 351 945
945 351 1795
277 428 1489
428 277 1489
1489 277 428
2843 708 2600
2600 708 2843
708 2600 2843
2172 65 947
947 65 2172
65 947 2172
474 444 2503
444 474 2503
2503 444 474
149 55 898
55 149 898
898 55 149
902 2277 2555
2555 902 2277
2277 902 2555
1658 1043 2353
2353 1043 1658
1043 1658 2353
1334 2120 2894
2894 1334 2120
2120 1334 2894
235 804 2448
804 235 2448
2448 235 804
484 80 2548
80 484 2548
2548 80 484
2781 1368 1819
1819 1368 2781
1368 1819 2781
2596 1575 2663
1575 2596 2663
2663 1575 2596
1728 1850 2166
1850 1728 2166
2166 1728 1850
2959 448 1467
448 1467 2959
1467 448 2959
1030 96 1105
96 1030 1105
1105 96 1030
258 442 1039
442 258 1039
1039 258 442
1731 262 1694
1694 262 1731
262 1694 1731
1956 810 2641
810 1956 2641
2641 810 1956
1578 1853 2327
2327 1578 1853
1853 1578 2327
1651 438 1815
438 1651 1815
1815 438 1651
44 688 2306
688 44 2306
2306 44 688
2413 542 2446
2446 542 2413
542 2413 2446
1066 1384 2912
2912 1066 1384
1384 1066 2912
1563 53 97
53 97 1563
97 53 1563
702 46 1373
46 702 1373
1373 46 702
2334 2261 2672
2672 2261 2334
2261 2334 2672
2401 23 1710
23 1710 2401
1710 23 2401
642 374 865
865 374 642
374 642 865
2183 383 1897
1897 383 2183
383 1897 2183
554 1546 1760
1546 554 1760
1760 554 1546
1911 26 1018
26 1018 1911
1018 26 1911
2002 1800 2416
1800 2002 2416
2416 1800 2002
2976 2712 2782
2712 2782 2976
2782 2712 2976
539 1238 2171
1238 539 2171
2171 539 1238
1267 2139 2201
2139 1267 2201
2201 1267 2139
1704 630 689
689 630 1704
630 689 1704
2100 2495 2609
2495 2100 2609
2609 2100 2495
1736 2335 2869
2869 1736 2335
2335 1736 2869
1201 1004 2125
2125 1004 1201
1004 1201 2125
2919 933 1486
1486 933 2919
933 1486 2919
2305 1901 2514
1901 2305 2514
2514 1901 2305
2141 1796 2708
2708 1796 2141
1796 2141 2708
966 413 590
413 590 966
590 413 966
1228 1299 1596
1596 1228 1299
1299 1228 1596
1638 4 1277
4 1277 1638
1277 4 1638
425 1094 2679
2679 425 1094
1094 425 2679
951 1612 2452
2452 951 1612
1612 951 2452
339 226 1166
1166 226 339
226 339 1166
2777 1976 2743
1976 2743 2777
2743 1976 2777
1356 583 2987
2987 583 1356
583 1356 2987
2340 1318 2721
1318 2340 2721
2721 1318 2340
2767 302 1230
302 1230 2767
1230 302 2767
2675 2226 2639
2226 2639 2675
2639 2226 2675
566 665 783
783 566 665
665 566 783
2354 2304 2321
2321 2304 2354
2304 2321 2354
1676 2345 2711
2345 1676 2711
2711 1676 2345
1808 909 2059
2059 909 1808
909 1808 2059
385 1187 1541
1541 385 1187
1187 385 1541
608 1508 2322
2322 608 1508
1508 608 2322
712 220 685
220 685 712
685 220 712
229 1886 2755
2755 229 1886
1886 229 2755
390 249 521
249 390 521
521 249 390
2673 729 1388
729 1388 2673
1388 729 2673
1829 1686 2392
1686 1829 2392
2392 1686 1829
1581 28 192
28 192 1581
192 28 1581
1062 2508 2826
2826 1062 2508
2508 1062 2826
304 2532 2937
2532 304 2937
2937 304 2532
251 561 671
671 251 561
561 251 671
2750 285 733
285 733 2750
733 285 2750
312 551 2650
2650 312 551
551 312 2650
2926 799 1818
799 1818 2926
1818 799 2926
2763 1990 2569
1990 2569 2763
2569 1990 2763
2329 582 2690
2690 582 2329
582 2329 2690
1168 1630 2470
1630 1168 2470
2470 1168 1630
2407 2471 2684
2471 2407 2684
2684 2407 2471
2897 70 1684
70 1684 2897
1684 70 2897
1428 352 2063
352 1428 2063
2063 352 1428
2745 2194 2328
2194 2328 2745
2328 2194 2745
2012 1000 2410
2410 1000 2012
1000 2012 2410
1203 237 1633
237 1203 1633
1633 237 1203
1750 626 2458
626 1750 2458
2458 626 1750
949 1154 2275
2275 949 1154
1154 949 2275
1923 552 1484
552 1484 1923
1484 552 1923
1189 1343 1993
1993 1189 1343
1343 1189 1993
1717 1644 2887
1644 1717 2887
2887 1644 1717
971 165 802
802 165 971
165 802 971
1506 133 2981
2981 133 1506
133 1506 2981
2703 2222 2765
2222 2703 2765
2765 2222 2703
447 378 540
540 378 447
378 447 540
1224 432 2357
2357 432 1224
432 1224 2357
1148 1080 1533
1080 1148 1533
1533 1080 1148
1499 679 2234
679 1499 2234
2234 679 1499
1650 614 628
628 614 1650
614 628 1650
2724 1090 2010
1090 2010 2724
2010 1090 2724
1131 786 2876
786 1131 2876
2876 786 1131
1707 1549 2808
1549 1707 2808
2808 1549 1707
350 1309 1435
1435 350 1309
1309 350 1435
675 50 666
666 50 675
50 666 675
1192 2160 2800
2160 1192 2800
2800 1192 2160
368 1431 1841
1841 368 1431
1431 368 1841
242 2734 2916
2734 242 2916
2916 242 2734
1312 645 1572
1572 645 1312
645 1312 1572
2492 1456 1968
1968 1456 2492
1456 1968 2492
271 1835 2325
2325 271 1835
1835 271 2325
2225 2229 2437
2437 2225 2229
2229 2225 2437
2998 457 1147
1147 457 2998
457 1147 2998
1895 1158 1206
1206 1158 1895
1158 1206 1895
1847 1245 2793
2793 1245 1847
1245 1847 2793
2732 1599 2824
1599 2732 2824
2824 1599 2732
1699 450 1926
1926 450 1699
450 1699 1926
864 169 2369
2369 169 864
169 864 2369
1327 919 1292
919 1292 1327
1292 919 1327
1089 1468 2040
1468 1089 2040
2040 1089 1468
1433 112 1344
112 1344 1433
1344 112 1433
1804 910 1565
1565 910 1804
910 1565 1804
839 214 2928
2928 214 839
214 839 2928
2162 573 1921
1921 573 2162
573 1921 2162
2029 477 1496
1496 477 2029
477 1496 2029
1186 969 2386
969 1186 2386
2386 969 1186
2846 1391 1718
1718 1391 2846
1391 1718 2846
2788 1068 1967
1967 1068 2788
1068 1967 2788
1920 1910 2236
2236 1910 1920
1910 1920 2236
2156 1712 2016
1712 2016 2156
2016 1712 2156
886 279 2153
279 886 2153
2153 279 886
2719 1608 2909
2909 1608 2719
1608 2719 2909
2483 239 1375
239 1375 2483
1375 239 2483
1478 1107 2879
2879 1107 1478
1107 1478 2879
2710 1169 1213
1169 1213 2710
1213 1169 2710
1739 1323 2772
1323 1739 2772
2772 1323 1739
52 1869 2453
1869 52 2453
2453 52 1869
1740 2423 2845
2845 1740 2423
2423 1740 2845
2108 1046 1822
1822 1046 2108
1046 1822 2108
2485 1218 2681
2681 1218 2485
1218 2485 2681
108 1621 2303
2303 108 1621
1621 108 2303
2833 170 1971
170 1971 2833
1971 170 2833
461 29 2082
29 461 2082
2082 29 461
877 1582 2573
1582 877 2573
2573 877 1582
59 1696 2522
1696 59 2522
2522 59 1696
1670 2447 2676
2447 1670 2676
2676 1670 2447
2301 157 639
157 639 2301
639 157 2301
2268 45 2706
45 2268 2706
2706 45 2268
1123 397 2839
2839 397 1123
397 1123 2839
2264 323 757
323 757 2264
757 323 2264
2946 309 940
940 309 2946
309 940 2946
719 181 1698
1698 181 719
181 719 1698
2075 2046 2263
2263 2046 2075
2046 2075 2263
601 114 2295
114 601 2295
2295 114 601
2509 787 2131
2131 787 2509
787 2131 2509
1074 1700 2870
2870 1074 1700
1700 1074 2870
1316 993 1690
1690 993 1316
993 1316 1690
975 12 1558
1558 12 975
12 975 1558
1310 1010 1446
1446 1010 1310
1010 1310 1446
498 86 2233
86 498 2233
2233 86 498
888 1624 2965
1624 888 2965
2965 888 1624
158 604 840
604 158 840
840 158 604
2584 411 1001
411 1001 2584
1001 411 2584
1295 1352 2640
1352 1295 2640
2640 1295 1352
1981 819 2393
819 1981 2393
2393 819 1981
2524 241 1285
241 1285 2524
1285 241 2524
1284 769 2790
2790 769 1284
769 1284 2790
784 140 1519
1519 140 784
140 784 1519
2707 661 1220
1220 661 2707
661 1220 2707
2459 1432 1443
1443 1432 2459
1432 1443 2459
211 400 1600
400 211 1600
1600 211 400
38 598 869
598 38 869
869 38 598
2373 646 1022
646 1022 2373
1022 646 2373
298 621 826
621 298 826
826 298 621
176 943 1758
943 176 1758
1758 176 943
2180 1775 2193
1775 2180 2193
2193 1775 2180
202 2764 2958
2764 202 2958
2958 202 2764
301 651 2055
651 301 2055
2055 301 651
1663 938 2872
938 1663 2872
2872 938 1663
622 348 1851
1851 348 622
348 622 1851
746 2113 2417
2113 746 2417
2417 746 2113
2481 529 2632
529 2481 2632
2632 529 2481
918 1823 2126
2126 918 1823
1823 918 2126
426 906 2507
2507 426 906
906 426 2507
1281 1713 1899
1713 1281 1899
1899 1281 1713
615 150 2737
2737 150 615
150 615 2737
1537 1948 2957
1948 1537 2957
2957 1537 1948
2525 1313 2801
2801 1313 2525
1313 2525 2801
2219 174 1787
174 1787 2219
1787 174 2219
2893 524 1539
524 1539 2893
1539 524 2893
129 927 976
976 129 927
927 129 976
1602 592 1747
1747 592 1602
592 1602 1747
606 144 1776
144 606 1776
1776 144 606
2319 1458 2451
1458 2319 2451
2451 1458 2319
58 579 2212
2212 58 579
579 58 2212
1525 2678 2914
2678 1525 2914
2914 1525 2678
897 1744 2776
2776 897 1744
1744 897 2776
2693 930 2272
2272 930 2693
930 2272 2693
2337 1227 2840
1227 2337 2840
2840 1227 2337
297 952 2157
2157 297 952
952 297 2157
1757 1332 2859
2859 1332 1757
1332 1757 2859
1088 475 1194
1194 475 1088
475 1088 1194
2709 776 928
776 928 2709
928 776 2709
2182 1290 2313
2313 1290 2182
1290 2182 2313
2149 2228 2868
2228 2149 2868
2868 2149 2228
2823 1535 2682
1535 2682 2823
2682 1535 2823
2884 1594 2408
1594 2408 2884
2408 1594 2884
511 104 2241
104 511 2241
2241 104 511
2616 184 2198
2198 184 2616
184 2198 2616
1798 196 1505
1505 196 1798
196 1505 1798
1986 1448 2866
1448 1986 2866
2866 1448 1986
503 797 1454
1454 503 797
797 503 1454
633 206 767
767 206 633
206 633 767
37 1483 1567
1567 37 1483
1483 37 1567
1738 459 2151
459 1738 2151
2151 459 1738
1774 367 1893
367 1774 1893
1893 367 1774
1138 1244 2150
1244 1138 2150
2150 1138 1244
1357 2116 2978
2978 1357 2116
2116 1357 2978
2444 862 1793
862 1793 2444
1793 862 2444
965 1882 2797
2797 965 1882
1882 965 2797
2863 585 2421
2421 585 2863
585 2421 2863
974 17 2587
17 974 2587
2587 17 974
1955 1927 2560
2560 1927 1955
1927 1955 2560
325 935 2963
2963 325 935
935 325 2963
885 875 2864
2864 875 885
875 885 2864
806 992 2083
992 806 2083
2083 806 992
1254 1982 1996
1982 1254 1996
1996 1254 1982
887 187 2070
187 887 2070
2070 187 887
1689 61 1935
1935 61 1689
61 1689 1935
2480 750 2362
750 2362 2480
2362 750 2480
1995 1966 2943
2943 1966 1995
1966 1995 2943
2346 1543 2041
1543 2041 2346
2041 1543 2346
465 1274 2813
1274 465 2813
2813 465 1274
2796 1669 2245
2245 1669 2796
1669 2245 2796
1353 293 868
293 868 1353
868 293 1353
1071 904 1788
1788 904 1071
904 1071 1788
1317 2685 2871
2871 1317 2685
2685 1317 2871
341 470 1033
470 341 1033
1033 341 470
1412 1905 2206
1905 1412 2206
2206 1412 1905
1860 1216 1580
1580 1216 1860
1216 1580 1860
1985 2011 2014
2011 1985 2014
2014 1985 2011
94 359 1664
1664 94 359
359 94 1664
1931 812 2988
812 1931 2988
2988 812 1931
245 1643 2697
1643 245 2697
2697 245 1643
2652 452 517
517 452 2652
452 517 2652
30 2066 2583
2583 30 2066
2066 30 2583
1272 275 2604
275 1272 2604
2604 275 1272
1382 536 1705
1705 536 1382
536 1382 1705
1263 473 1637
1637 473 1263
473 1263 1637
209 93 2789
2789 93 209
93 209 2789
288 912 1179
1179 288 912
912 288 1179
2643 467 2383
2383 467 2643
467 2383 2643
95 2004 2022
2004 95 2022
2022 95 2004
208 1743 2510
1743 208 2510
2510 208 1743
1585 25 2441
2441 25 1585
25 1585 2441
1755 1856 2927
2927 1755 1856
1856 1755 2927
7 2203 2961
2203 7 2961
2961 7 2203
2688 1155 2780
1155 2688 2780
2780 1155 2688
1481 2405 2434
2434 1481 2405
2405 1481 2434
2135 223 225
225 223 2135
223 225 2135
1978 289 1556
1556 289 1978
289 1556 1978
2571 337 419
337 419 2571
419 337 2571
2695 1376 1904
1376 1904 2695
1904 1376 2695
1915 1424 2691
2691 1424 1915
1424 1915 2691
2612 1040 2972
2972 1040 2612
1040 2612 2972
346 932 2280
2280 346 932
932 346 2280
481 636 953
953 481 636
636 481 953
1839 1943 2030
1943 1839 2030
2030 1839 1943
145 1634 1711
1634 145 1711
1711 145 1634
2970 1749 2940
2940 1749 2970
1749 2940 2970
2249 72 2137
2137 72 2249
72 2137 2249
1879 1576 1936
1576 1879 1936
1936 1576 1879
1964 811 2168
2168 811 1964
811 1964 2168
891 1561 2068
2068 891 1561
1561 891 2068
920 1231 2365
2365 920 1231
1231 920 2365
1014 219 1972
219 1014 1972
1972 219 1014
1258 686 1817
1817 686 1258
686 1258 1817
533 355 1501
355 533 1501
1501 355 533
1846 179 2414
179 1846 2414
2414 179 1846
2945 371 1339
1339 371 2945
371 1339 2945
2020 883 2433
883 2020 2433
2433 883 2020
2122 1840 2473
1840 2122 2473
2473 1840 2122
2208 1511 2666
1511 2208 2666
2666 1511 2208
1645 373 2396
373 1645 2396
2396 373 1645
2185 1408 1441
1441 1408 2185
1408 1441 2185
1544 1087 1345
1087 1345 1544
1345 1087 1544
2044 501 2794
2794 501 2044
501 2044 2794
2873 1077 2848
1077 2848 2873
2848 1077 2873
2740 545 801
801 545 2740
545 801 2740
673 1092 2821
1092 673 2821
2821 673 1092
1843 587 737
737 587 1843
587 737 1843
805 479 1540
1540 479 805
479 805 1540
572 577 634
634 572 577
577 572 634
1156 808 1367
1367 808 1156
808 1156 1367
2671 987 1214
987 1214 2671
1214 987 2671
127 771 2289
2289 127 771
771 127 2289
1992 1362 2217
2217 1362 1992
1362 1992 2217
667 1401 1657
1401 667 1657
1657 667 1401
2590 2164 2220
2164 2220 2590
2220 2164 2590
8 1474 1531
1474 8 1531
1531 8 1474
2023 1811 2752
2752 1811 2023
1811 2023 2752
1307 177 1887
1887 177 1307
177 1307 1887
332 491 1465
1465 332 491
491 332 1465
188 607 2729
607 188 2729
2729 188 607
1129 1620 1951
1951 1129 1620
1620 1129 1951
422 827 1333
1333 422 827
827 422 1333
1521 393 1960
393 1521 1960
1960 393 1521
1876 2032 2058
2032 1876 2058
2058 1876 2032
2713 1387 2929
2929 1387 2713
1387 2713 2929
256 77 1079
77 256 1079
1079 77 256
2851 711 1883
1883 711 2851
711 1883 2851
2129 121 788
121 788 2129
788 121 2129
2428 198 1821
198 1821 2428
1821 198 2428
2834 281 468
281 468 2834
468 281 2834
284 1303 2858
2858 284 1303
1303 284 2858
798 266 2677
266 798 2677
2677 266 798
1108 1797 1953
1953 1108 1797
1797 1108 1953
2352 1411 2528
2528 1411 2352
1411 2352 2528
1044 496 2593
496 1044 2593
2593 496 1044
2348 914 2084
2084 914 2348
914 2084 2348
1914 2102 2436
2436 1914 2102
2102 1914 2436
800 507 704
704 507 800
507 704 800
1837 725 1724
725 1724 1837
1724 725 1837
1052 1172 1453
1172 1052 1453
1453 1052 1172
1417 2077 2692
2692 1417 2077
2077 1417 2692
1994 1035 1136
1035 1136 1994
1136 1035 1994
1784 286 421
286 421 1784
421 286 1784
1416 1727 2653
1727 1416 2653
2653 1416 1727
2626 303 2382
2382 303 2626
303 2382 2626
429 1959 2606
2606 429 1959
1959 429 2606
1157 1109 2592
1109 1157 2592
2592 1109 1157
1522 676 692
676 692 1522
692 676 1522
1256 482 2256
482 1256 2256
2256 482 1256
2852 131 1197
1197 131 2852
131 1197 2852
1217 375 1305
1305 375 1217
375 1217 1305
102 1110 1190
1190 102 1110
1110 102 1190
1597 872 2161
2161 872 1597
872 1597 2161
2787 142 2027
2027 142 2787
142 2027 2787
2262 1031 1598
1598 1031 2262
1031 1598 2262
1861 463 2828
463 1861 2828
2828 463 1861
2558 900 2955
2955 900 2558
900 2558 2955
401 446 1471
1471 401 446
446 401 1471
1693 2000 2674
2674 1693 2000
2000 1693 2674
624 322 366
366 322 624
322 366 624
1355 268 899
268 899 1355
899 268 1355
620 250 1681
1681 250 620
250 620 1681
1627 162 1455
1455 162 1627
162 1455 1627
1346 828 2240
828 1346 2240
2240 828 1346
1586 340 638
340 638 1586
638 340 1586
2942 917 1748
1748 917 2942
917 1748 2942
893 263 495
263 495 893
495 263 893
522 2537 2717
2537 522 2717
2717 522 2537
1764 119 408
119 408 1764
408 119 1764
535 389 1523
389 535 1523
1523 389 535
1340 221 2526
2526 221 1340
221 1340 2526
1253 2646 2862
2646 1253 2862
2862 1253 2646
705 738 1514
738 705 1514
1514 705 738
2778 1036 1450
1450 1036 2778
1036 1450 2778
128 60 752
752 60 128
60 128 752
694 71 700
71 694 700
700 71 694
2822 182 2424
2424 182 2822
182 2424 2822
1167 1884 2087
2087 1167 1884
1884 1167 2087
1871 1020 1880
1020 1871 1880
1880 1020 1871
1647 748 1326
748 1326 1647
1326 748 1647
2601 1395 2036
1395 2036 2601
2036 1395 2601
2759 386 558
386 558 2759
558 386 2759
2130 98 1625
98 1625 2130
1625 98 2130
2297 215 850
850 215 2297
215 850 2297
1013 908 996
996 908 1013
908 996 1013
2347 548 1584
548 1584 2347
1584 548 2347
445 316 1140
1140 316 445
316 445 1140
2835 2163 2250
2163 2250 2835
2250 2163 2835
338 734 2420
2420 338 734
734 338 2420
2080 2237 2983
2983 2080 2237
2237 2080 2983
761 659 2704
659 761 2704
2704 659 761
2644 829 1762
829 1762 2644
1762 829 2644
2966 594 720
594 720 2966
720 594 2966
2819 684 2482
684 2482 2819
2482 684 2819
1509 1814 2254
2254 1509 1814
1814 1509 2254
663 361 1970
1970 361 663
361 663 1970
2969 6 1974
1974 6 2969
6 1974 2969
1025 619 1785
619 1025 1785
1785 619 1025
5 137 469
137 5 469
469 5 137
843 537 1226
537 843 1226
1226 537 843
1691 1237 1557
1237 1557 1691
1557 1237 1691
2702 321 2001
2001 321 2702
321 2001 2702
1298 497 2516
497 1298 2516
2516 497 1298
2974 416 1444
416 1444 2974
1444 416 2974
146 10 954
10 146 954
954 10 146
923 48 2885
48 923 2885
2885 48 923
2169 656 1892
656 1892 2169
1892 656 2169
2214 1200 1495
1495 1200 2214
1200 1495 2214
1653 1221 1888
1888 1221 1653
1221 1653 1888
466 1063 1655
1063 466 1655
1655 466 1063
1451 547 2553
547 1451 2553
2553 547 1451
1125 1929 2617
2617 1125 1929
1929 1125 2617
106 57 1965
1965 57 106
57 106 1965
617 2625 2923
2923 617 2625
2625 617 2923
2034 562 1104
562 1104 2034
1104 562 2034
1464 662 1440
1440 662 1464
662 1440 1464
2802 1577 2385
2385 1577 2802
1577 2385 2802
1374 2192 2359
2192 1374 2359
2359 1374 2192
2207 1898 2360
1898 2207 2360
2360 1898 2207
2901 1874 2815
1874 2815 2901
2815 1874 2901
2832 1741 2072
2072 1741 2832
1741 2072 2832
1212 253 1170
253 1170 1212
1170 253 1212
1566 1674 2806
2806 1566 1674
1674 1566 2806
1115 570 2042
570 1115 2042
2042 570 1115
567 758 1304
758 567 1304
1304 567 758
328 231 584
584 231 328
231 328 584
2227 115 362
115 362 2227
362 115 2227
726 13 2902
13 726 2902
2902 13 726
2005 296 1182
296 1182 2005
1182 296 2005
2559 1628 1687
1687 1628 2559
1628 1687 2559
2021 1306 1805
1805 1306 2021
1306 1805 2021
2581 1336 1652
1336 1652 2581
1652 1336 2581
1255 962 2387
962 1255 2387
2387 962 1255
512 1002 1812
1002 512 1812
1812 512 1002
2003 1781 2931
2931 1781 2003
1781 2003 2931
1439 138 1142
1142 138 1439
138 1142 1439
1150 777 1827
777 1150 1827
1827 777 1150
2860 2073 2766
2073 2766 2860
2766 2073 2860
983 1482 3000
3000 983 1482
1482 983 3000
2933 1726 2210
1726 2210 2933
2210 1726 2933
2574 741 2438
741 2438 2574
2438 741 2574
924 403 1434
403 924 1434
1434 403 924
925 1665 1828
1828 925 1665
1665 925 1828
2048 1012 1047
1012 1047 2048
1047 1012 2048
2140 41 731
731 41 2140
41 731 2140
1673 794 1037
794 1037 1673
1037 794 1673
1709 78 2986
2986 78 1709
78 1709 2986
581 43 107
107 43 581
43 107 581
1348 227 715
715 227 1348
227 715 1348
168 16 1124
16 168 1124
1124 16 168
978 1082 1866
1866 978 1082
1082 978 1866
2837 1908 2173
2173 1908 2837
1908 2173 2837
2007 825 2964
2964 825 2007
825 2007 2964
240 911 2466
2466 240 911
911 240 2466
233 404 2284
2284 233 404
404 233 2284
1003 291 2689
2689 291 1003
291 1003 2689
1656 1091 1430
1091 1430 1656
1430 1091 1656
1229 1163 1679
1163 1229 1679
1679 1163 1229
1133 997 2181
997 1133 2181
2181 997 1133
1359 1379 2792
2792 1359 1379
1379 1359 2792
2591 2094 2308
2308 2094 2591
2094 2308 2591
2771 502 1400
1400 502 2771
502 1400 2771
681 418 2107
418 681 2107
2107 418 681
2586 122 2989
122 2586 2989
2989 122 2586
500 1016 1319
1319 500 1016
1016 500 1319
1459 631 2725
2725 631 1459
631 1459 2725
773 32 680
680 32 773
32 680 773
1708 2096 2292
2292 1708 2096
2096 1708 2292
2017 655 682
682 655 2017
655 682 2017
990 848 2642
848 990 2642
2642 848 990
2918 75 2395
75 2395 2918
2395 75 2918
336 2505 2723
2505 336 2723
2723 336 2505
2615 2191 2714
2714 2191 2615
2191 2615 2714
2749 723 2259
723 2259 2749
2259 723 2749
1315 310 1906
1906 310 1315
310 1315 1906
2356 1164 2534
2534 1164 2356
1164 2356 2534
357 1134 1947
1947 357 1134
1134 357 1947
2299 866 1262
866 1262 2299
1262 866 2299
1984 2258 2727
2727 1984 2258
2258 1984 2727
905 861 2112
2112 861 905
861 905 2112
732 2170 2844
2170 732 2844
2844 732 2170
754 76 1314
76 754 1314
1314 76 754
2667 982 2269
982 2269 2667
2269 982 2667
369 175 486
175 369 486
486 175 369
2551 1233 1756
1756 1233 2551
1233 1756 2551
1081 2158 2278
2158 1081 2278
2278 1081 2158
1807 153 280
280 153 1807
153 280 1807
2076 616 1051
616 1051 2076
1051 616 2076
2442 602 1516
602 1516 2442
1516 602 2442
2895 1119 2307
2307 1119 2895
1119 2307 2895
637 544 2177
544 637 2177
2177 544 637
1207 111 2660
111 1207 2660
2660 111 1207
1922 427 2223
427 1922 2223
2223 427 1922
2546 1009 2103
2103 1009 2546
1009 2103 2546
1672 647 1199
1199 647 1672
647 1199 1672
1026 851 2598
2598 851 1026
851 1026 2598
1219 1510 2086
1510 1219 2086
2086 1219 1510
1491 406 830
406 830 1491
830 406 1491
2875 1005 2343
2343 1005 2875
1005 2343 2875
189 796 970
796 189 970
970 189 796
2857 1185 1593
1593 1185 2857
1185 1593 2857
677 2302 2311
2311 677 2302
2302 677 2311
1703 172 1530
172 1530 1703
1530 172 1703
1114 1792 2440
1792 1114 2440
2440 1114 1792
1178 2898 2950
2950 1178 2898
2898 1178 2950
1648 1838 2167
1838 1648 2167
2167 1648 1838
2274 884 2618
884 2274 2618
2618 884 2274
243 436 1127
436 243 1127
1127 243 436
2775 193 395
193 395 2775
395 193 2775
1502 1099 2176
1099 1502 2176
2176 1099 1502
2074 2088 2817
2817 2074 2088
2088 2074 2817
1294 295 648
648 295 1294
295 648 1294
1372 163 2624
163 1372 2624
2624 163 1372
244 320 2623
320 244 2623
2623 244 320
1198 530 1721
530 1198 1721
1721 530 1198
1276 716 2576
2576 716 1276
716 1276 2576
1891 556 2378
556 1891 2378
2378 556 1891
1526 701 2061
701 1526 2061
2061 701 1526
528 1742 1791
1742 528 1791
1791 528 1742
2015 791 892
892 791 2015
791 892 2015
483 379 1415
379 483 1415
1415 379 483
2827 282 1852
1852 282 2827
282 1852 2827
1606 1364 1753
1364 1606 1753
1753 1364 1606
849 2146 2266
2146 849 2266
2266 849 2146
2563 431 1442
1442 431 2563
431 1442 2563
1242 1085 1269
1269 1085 1242
1085 1242 1269
255 782 1848
1848 255 782
782 255 1848
31 1209 2202
1209 31 2202
2202 31 1209
2917 1836 2614
1836 2614 2917
2614 1836 2917
1128 1662 2861
1662 1128 2861
2861 1128 1662
1780 2425 2934
2425 1780 2934
2934 1780 2425
759 1419 2242
2242 759 1419
1419 759 2242
2829 881 1527
881 1527 2829
1527 881 2829
2232 740 1551
740 1551 2232
1551 740 2232
1987 160 1714
1714 160 1987
160 1714 1987
941 1635 2631
2631 941 1635
1635 941 2631
2799 755 1113
1113 755 2799
755 1113 2799
988 882 1723
1723 882 988
882 988 1723
1588 116 2469
2469 116 1588
116 1588 2469
2565 1447 1504
1504 1447 2565
1447 1504 2565
2669 109 2134
2134 109 2669
109 2134 2669
2758 596 1019
1019 596 2758
596 1019 2758
292 159 2907
159 292 2907
2907 159 292
2028 1875 2235
2235 1875 2028
1875 2028 2235
1832 2291 2439
2291 1832 2439
2439 1832 2291
417 1542 2595
2595 417 1542
1542 417 2595
2905 534 1076
1076 534 2905
534 1076 2905
934 2118 2317
2118 934 2317
2317 934 2118
1366 538 2056
538 1366 2056
2056 538 1366
1371 377 2479
377 1371 2479
2479 377 1371
87 1161 1622
1622 87 1161
1161 87 1622
480 1697 2199
2199 480 1697
1697 480 2199
1570 180 847
180 847 1570
847 180 1570
926 546 2487
2487 546 926
546 926 2487
2460 1349 1844
1349 1844 2460
1844 1349 2460
2426 167 605
605 167 2426
167 605 2426
2607 204 1386
204 1386 2607
1386 204 2607
1413 435 2908
435 1413 2908
2908 435 1413
1193 345 2888
345 1193 2888
2888 345 1193
1868 66 228
228 66 1868
66 228 1868
2696 699 1029
1029 699 2696
699 1029 2696
2622 1859 2756
2756 1859 2622
1859 2622 2756
762 1048 1988
1048 762 1988
1988 762 1048
2018 1024 1930
1930 1024 2018
1024 1930 2018
730 789 2370
2370 730 789
789 730 2370
1381 915 955
955 915 1381
915 955 1381
1552 852 1998
852 1552 1998
1998 852 1552
2216 487 2491
2491 487 2216
487 2216 2491
381 1264 1946
1264 381 1946
1946 381 1264
2941 20 1027
1027 20 2941
20 1027 2941
2754 2814 2877
2877 2754 2814
2814 2754 2877
986 2152 2883
2152 986 2883
2883 986 2152
2930 1061 2543
1061 2543 2930
2543 1061 2930
472 519 1165
519 472 1165
1165 472 519
1144 1618 2133
2133 1144 1618
1618 1144 2133
745 1321 2332
2332 745 1321
1321 745 2332
259 693 2701
2701 259 693
693 259 2701
1296 627 1403
627 1296 1403
1403 627 1296
1246 654 727
654 727 1246
727 654 1246
2575 858 2568
858 2568 2575
2568 858 2575
980 1488 1942
1488 980 1942
1942 980 1488
1512 236 550
550 236 1512
236 550 1512
1438 190 505
505 190 1438
190 505 1438
19 1145 2550
1145 19 2550
2550 19 1145
859 668 1623
1623 668 859
668 859 1623
272 246 2649
2649 246 272
246 272 2649
2599 412 967
967 412 2599
412 967 2599
2842 1097 2101
2101 1097 2842
1097 2101 2842
152 134 1842
134 152 1842
1842 134 152
985 670 854
670 854 985
854 670 985
937 1641 2389
1641 937 2389
2389 937 1641
2432 1765 2427
2427 1765 2432
1765 2427 2432
1331 391 1536
391 1331 1536
1536 391 1331
1636 1232 2355
1232 1636 2355
2355 1232 1636
2454 1100 2323
2323 1100 2454
1100 2323 2454
423 2511 2854
2511 423 2854
2854 423 2511
2956 392 1629
1629 392 2956
392 1629 2956
2115 387 1402
387 1402 2115
1402 387 2115
1605 1932 2394
2394 1605 1932
1932 1605 2394
998 1086 2461
1086 998 2461
2461 998 1086
2092 1143 1809
1143 1809 2092
1809 1143 2092
1261 2037 2922
2922 1261 2037
2037 1261 2922
856 2276 2377
2276 856 2377
2377 856 2276
2474 870 959
870 959 2474
959 870 2474
1360 664 1118
664 1118 1360
1118 664 1360
2910 878 1485
1485 878 2910
878 1485 2910
2656 1153 1449
1449 1153 2656
1153 1449 2656
1989 1754 2878
2878 1754 1989
1754 1989 2878
2052 294 1370
1370 294 2052
294 1370 2052
1171 2517 2903
2517 1171 2903
2903 1171 2517
1466 1380 1547
1547 1380 1466
1380 1466 1547
1404 1266 2747
1266 1404 2747
2747 1266 1404
1969 1289 2889
2889 1289 1969
1289 1969 2889
1006 1279 2124
1279 1006 2124
2124 1006 1279
1195 901 1042
1042 901 1195
901 1042 1195
2731 299 1889
299 1889 2731
1889 299 2731
1925 9 2449
9 1925 2449
2449 9 1925
2398 203 2841
2841 203 2398
203 2398 2841
1870 643 1855
643 1855 1870
1855 643 1870
103 454 2683
2683 103 454
454 103 2683
2620 1270 1358
1358 1270 2620
1270 1358 2620
1394 1137 2184
1137 1394 2184
2184 1137 1394
1520 464 994
994 464 1520
464 994 1520
2635 148 1247
1247 148 2635
148 1247 2635
82 56 2544
56 82 2544
2544 56 82
1050 2611 2699
2699 1050 2611
2611 1050 2699
1963 770 1954
770 1954 1963
1954 770 1963
842 213 1389
1389 213 842
213 842 1389
2368 1715 2736
1715 2368 2736
2736 1715 2368
135 1769 2338
1769 135 2338
2338 135 1769
1032 774 790
774 790 1032
790 774 1032
504 1015 2273
1015 504 2273
2273 504 1015
956 489 2899
2899 489 956
489 956 2899
1766 2257 2429
2429 1766 2257
2257 1766 2429
267 763 2121
2121 267 763
763 267 2121
2892 1569 2830
2830 1569 2892
1569 2830 2892
2572 907 1952
1952 907 2572
907 1952 2572
2836 845 1038
1038 845 2836
845 1038 2836
1064 252 857
857 252 1064
252 857 1064
527 364 1065
1065 364 527
364 527 1065
2109 775 2541
775 2109 2541
2541 775 2109
2619 1273 1592
1273 1592 2619
1592 1273 2619
313 2364 2564
2564 313 2364
2364 313 2564
2932 2053 2803
2803 2053 2932
2053 2803 2932
591 2411 2900
2411 591 2900
2900 591 2411
1351 1135 1369
1369 1135 1351
1135 1351 1369
2991 91 1589
91 1589 2991
1589 91 2991
2336 1611 2613
2613 1611 2336
1611 2336 2613
2547 1789 2645
1789 2547 2645
2645 1789 2547
2300 968 1980
1980 968 2300
968 1980 2300
1801 896 1779
1779 896 1801
896 1779 1801
2634 874 1111
1111 874 2634
874 1111 2634
2939 434 2457
2457 434 2939
434 2457 2939
2091 1640 2515
1640 2091 2515
2515 1640 2091
2567 1180 1865
1865 1180 2567
1180 1865 2567
2853 269 334
334 269 2853
269 334 2853
785 543 2430
543 785 2430
2430 543 785
1239 2638 2882
