365 929 1496
1496 365 929
929 365 1496
1213 163 236
236 163 1213
163 236 1213
173 757 1123
757 173 1123
1123 173 757
830 21 345
345 21 830
21 345 830
1455 810 1139
1139 810 1455
810 1139 1455
626 68 128
128 68 626
68 128 626
769 64 138
64 138 769
138 64 769
899 552 1216
1216 552 899
552 899 1216
1482 549 981
981 549 1482
549 981 1482
294 131 917
917 131 294
131 294 917
447 117 651
117 447 651
651 117 447
116 768 794
794 116 768
768 116 794
628 622 1097
1097 622 628
622 628 1097
878 511 913
913 511 878
511 878 913
200 831 840
840 200 831
831 200 840
717 244 867
867 244 717
244 717 867
920 812 1490
1490 812 920
812 920 1490
1023 1396 1491
1396 1023 1491
1491 1023 1396
604 86 374
86 374 604
374 86 604
1372 772 1342
1342 772 1372
772 1342 1372
1151 234 943
234 943 1151
943 234 1151
280 124 1432
124 280 1432
1432 124 280
289 168 1237
1237 168 289
168 289 1237
1453 881 1229
881 1229 1453
1229 881 1453
484 606 1238
1238 484 606
606 484 1238
78 758 821
821 78 758
758 78 821
1018 926 1400
926 1018 1400
1400 926 1018
887 269 1377
269 887 1377
1377 269 887
526 175 1433
175 526 1433
1433 175 526
161 354 451
354 161 451
451 161 354
829 1154 1444
1154 829 1444
1444 829 1154
149 1271 1416
1416 149 1271
1271 149 1416
1157 505 1359
505 1157 1359
1359 505 1157
691 921 1235
1235 691 921
921 691 1235
1272 1164 1290
1164 1272 1290
1290 1164 1272
637 754 1330
754 637 1330
1330 637 754
457 1003 1058
1058 457 1003
1003 457 1058
462 1190 1317
1317 462 1190
1190 462 1317
296 90 1197
1197 90 296
90 296 1197
919 819 1230
1230 819 919
819 919 1230
965 863 1232
863 965 1232
1232 863 965
321 449 1038
1038 321 449
449 321 1038
631 487 1046
1046 487 631
487 631 1046
1303 160 311
311 160 1303
160 311 1303
883 627 1070
627 883 1070
1070 627 883
789 471 1313
471 789 1313
1313 471 789
315 515 1345
1345 315 515
515 315 1345
1296 698 1028
698 1028 1296
1028 698 1296
178 119 813
813 119 178
119 178 813
928 120 1420
120 928 1420
1420 120 928
193 143 1339
1339 143 193
143 193 1339
677 395 610
610 395 677
395 610 677
1209 908 999
908 999 1209
999 908 1209
222 309 1014
309 222 1014
1014 222 309
60 1298 1412
1298 60 1412
1412 60 1298
1040 468 779
468 779 1040
779 468 1040
780 188 1122
188 780 1122
1122 188 780
764 1120 1141
1141 764 1120
1120 764 1141
202 52 1112
52 202 1112
1112 52 202
575 748 1246
748 575 1246
1246 575 748
1256 519 827
519 827 1256
827 519 1256
767 96 1439
1439 96 767
96 767 1439
635 595 1458
595 635 1458
1458 595 635
1031 3 224
224 3 1031
3 224 1031
528 1084 1354
1354 528 1084
1084 528 1354
694 324 937
324 694 937
937 324 694
741 931 1198
1198 741 931
931 741 1198
1051 126 410
126 410 1051
410 126 1051
1242 135 229
229 135 1242
135 229 1242
1386 139 391
139 391 1386
391 139 1386
353 860 1485
1485 353 860
860 353 1485
97 759 879
879 97 759
759 97 879
870 302 1446
302 870 1446
1446 302 870
330 874 1081
1081 330 874
874 330 1081
785 45 1347
45 785 1347
1347 45 785
1315 479 1388
1388 479 1315
479 1315 1388
44 408 416
408 44 416
416 44 408
669 418 1116
418 669 1116
1116 418 669
816 1257 1461
1257 816 1461
1461 816 1257
474 355 624
624 355 474
355 474 624
641 542 755
755 542 641
542 641 755
1295 580 586
580 586 1295
586 580 1295
362 894 1447
894 362 1447
1447 362 894
241 329 1114
1114 241 329
329 241 1114
414 1370 1500
1370 414 1500
1500 414 1370
647 217 705
217 647 705
705 217 647
571 403 1312
1312 403 571
403 571 1312
279 750 1094
1094 279 750
750 279 1094
344 87 1146
87 344 1146
1146 87 344
1079 153 347
153 347 1079
347 153 1079
1172 93 1086
93 1086 1172
1086 93 1172
873 174 884
884 174 873
174 873 884
1168 861 1082
861 1082 1168
1082 861 1168
1101 291 461
461 291 1101
291 461 1101
1244 57 721
721 57 1244
57 721 1244
429 742 989
742 429 989
989 429 742
945 267 1183
267 945 1183
1183 267 945
1305 272 276
276 272 1305
272 276 1305
9 56 145
56 9 145
145 9 56
825 299 853
853 299 825
299 825 853
857 256 862
862 256 857
256 857 862
1068 634 1148
634 1068 1148
1148 634 1068
1254 835 1402
835 1254 1402
1402 835 1254
1349 107 278
278 107 1349
107 278 1349
415 564 797
564 415 797
797 415 564
476 854 1310
1310 476 854
854 476 1310
1329 625 953
625 953 1329
953 625 1329
501 710 1292
1292 501 710
710 501 1292
563 384 687
687 384 563
384 563 687
134 454 997
997 134 454
454 134 997
470 73 1488
1488 73 470
73 470 1488
747 1323 1437
1437 747 1323
1323 747 1437
265 151 1165
1165 151 265
151 265 1165
1475 252 1258
1258 252 1475
252 1258 1475
611 61 463
61 463 611
463 61 611
137 522 663
522 137 663
663 137 522
170 638 1054
1054 170 638
638 170 1054
65 1178 1358
1358 65 1178
1178 65 1358
508 84 1179
84 508 1179
1179 84 508
1294 1073 1191
1191 1073 1294
1073 1191 1294
1128 1140 1440
1440 1128 1140
1140 1128 1440
795 361 1053
1053 361 795
361 795 1053
239 786 1469
1469 239 786
786 239 1469
901 969 1147
1147 901 969
969 901 1147
1126 652 1239
652 1126 1239
1239 652 1126
1486 277 713
713 277 1486
277 713 1486
428 720 727
720 428 727
727 428 720
1176 435 437
435 437 1176
437 435 1176
964 43 895
43 895 964
895 43 964
918 836 1408
1408 836 918
836 918 1408
597 310 1397
1397 310 597
310 597 1397
513 730 803
803 513 730
730 513 803
316 207 712
712 207 316
207 316 712
370 1174 1326
1174 370 1326
1326 370 1174
95 30 1464
30 95 1464
1464 30 95
1015 1075 1308
1075 1015 1308
1308 1015 1075
688 809 1391
1391 688 809
809 688 1391
1121 338 1218
338 1121 1218
1218 338 1121
158 848 951
951 158 848
848 158 951
520 212 1134
1134 212 520
212 520 1134
996 912 1245
912 996 1245
1245 912 996
1443 2 340
340 2 1443
2 340 1443
630 952 1215
1215 630 952
952 630 1215
427 576 623
576 427 623
623 427 576
674 76 583
583 76 674
76 583 674
290 493 532
493 290 532
532 290 493
1049 53 591
591 53 1049
53 591 1049
891 977 1119
977 891 1119
1119 891 977
643 227 1170
227 643 1170
1170 227 643
356 619 801
619 356 801
801 356 619
1422 442 939
442 939 1422
939 442 1422
675 972 1032
1032 675 972
972 675 1032
1144 599 1497
1497 599 1144
599 1144 1497
1356 11 1196
11 1196 1356
1196 11 1356
419 504 531
504 419 531
531 419 504
1382 288 525
288 525 1382
525 288 1382
822 142 1033
142 822 1033
1033 142 822
1034 475 1135
1135 475 1034
475 1034 1135
976 71 925
925 71 976
71 925 976
1445 596 615
615 596 1445
596 615 1445
1012 245 436
245 436 1012
436 245 1012
543 642 1415
642 543 1415
1415 543 642
386 343 1153
1153 343 386
343 386 1153
1133 183 1473
183 1133 1473
1473 183 1133
718 689 793
793 689 718
689 718 793
1284 781 1131
781 1131 1284
1131 781 1284
834 510 1311
510 834 1311
1311 510 834
1047 231 448
231 448 1047
448 231 1047
220 911 968
968 220 911
911 220 968
980 378 1042
378 980 1042
1042 378 980
251 249 545
545 249 251
249 251 545
303 849 1160
849 303 1160
1160 303 849
104 5 230
5 104 230
230 5 104
947 387 421
421 387 947
387 421 947
465 736 1228
736 465 1228
1228 465 736
106 1224 1281
1224 106 1281
1281 106 1224
617 633 680
680 617 633
633 617 680
1355 20 876
20 876 1355
876 20 1355
1467 58 676
58 676 1467
676 58 1467
837 938 1193
938 837 1193
1193 837 938
656 140 1020
140 656 1020
1020 140 656
1096 440 649
440 649 1096
649 440 1096
941 509 949
509 941 949
949 509 941
711 359 423
423 359 711
359 423 711
671 608 1350
1350 608 671
608 671 1350
286 381 672
381 286 672
672 286 381
871 248 262
262 248 871
248 262 871
129 101 832
101 129 832
832 101 129
1041 115 948
948 115 1041
115 948 1041
1048 974 1100
1100 974 1048
974 1048 1100
1092 389 766
389 766 1092
766 389 1092
1150 699 1262
699 1150 1262
1262 699 1150
1060 102 792
102 792 1060
792 102 1060
1000 728 1253
728 1000 1253
1253 728 1000
1185 148 1316
148 1185 1316
1316 148 1185
869 1357 1487
1487 869 1357
1357 869 1487
530 844 1481
844 530 1481
1481 530 844
213 1255 1334
1255 213 1334
1334 213 1255
1321 314 1325
314 1321 1325
1325 314 1321
1411 7 164
7 164 1411
164 7 1411
1109 732 904
732 904 1109
904 732 1109
1252 1278 1309
1309 1252 1278
1278 1252 1309
646 322 706
322 646 706
706 322 646
1017 172 1286
1286 172 1017
172 1017 1286
1288 1078 1186
1186 1078 1288
1078 1186 1288
432 55 1340
1340 55 432
55 432 1340
783 35 325
35 325 783
325 35 783
480 569 1463
569 480 1463
1463 480 569
420 445 855
855 420 445
445 420 855
301 1319 1399
1399 301 1319
1319 301 1399
162 550 902
902 162 550
550 162 902
328 1335 1457
1335 328 1457
1457 328 1335
402 1061 1095
1061 402 1095
1095 402 1061
914 70 469
70 469 914
469 70 914
1093 298 585
298 585 1093
585 298 1093
498 16 985
985 16 498
16 498 985
181 152 452
452 152 181
152 181 452
424 413 1104
413 424 1104
1104 413 424
1468 203 889
889 203 1468
203 889 1468
211 233 1207
233 211 1207
1207 211 233
1452 995 1332
1332 995 1452
995 1332 1452
1030 375 1373
375 1030 1373
1373 375 1030
360 98 639
639 98 360
98 360 639
1125 394 886
886 394 1125
394 886 1125
19 892 1201
1201 19 892
892 19 1201
1260 472 936
936 472 1260
472 936 1260
285 665 1494
665 285 1494
1494 285 665
363 1039 1465
1465 363 1039
1039 363 1465
281 1105 1306
1306 281 1105
1105 281 1306
191 1322 1479
1479 191 1322
1322 191 1479
805 263 1495
1495 263 805
263 805 1495
1220 36 397
397 36 1220
36 397 1220
396 1159 1395
1395 396 1159
1159 396 1395
25 845 1403
845 25 1403
1403 25 845
1118 327 527
327 527 1118
527 327 1118
189 47 629
629 47 189
47 189 629
1181 668 1005
668 1005 1181
1005 668 1181
215 612 725
725 215 612
612 215 725
1499 380 734
734 380 1499
380 734 1499
807 171 393
171 393 807
393 171 807
376 692 1353
1353 376 692
692 376 1353
1080 382 492
492 382 1080
382 492 1080
1234 601 1478
1478 601 1234
601 1234 1478
1259 28 246
246 28 1259
28 246 1259
34 1301 1336
1301 34 1336
1336 34 1301
49 38 1264
1264 38 49
38 49 1264
1211 922 975
975 922 1211
922 975 1211
23 275 1378
275 23 1378
1378 23 275
1187 815 890
815 890 1187
890 815 1187
398 984 1221
1221 398 984
984 398 1221
1130 127 715
715 127 1130
127 715 1130
1248 308 796
796 308 1248
308 796 1248
1076 426 1406
426 1076 1406
1406 426 1076
991 111 114
114 111 991
111 114 991
1098 1077 1472
1077 1098 1472
1472 1077 1098
572 828 1414
828 572 1414
1414 572 828
787 159 1327
1327 159 787
159 787 1327
724 621 1450
1450 621 724
621 724 1450
537 182 763
763 182 537
182 537 763
185 847 992
847 185 992
992 185 847
1387 1138 1362
1138 1362 1387
1362 1138 1387
312 29 1227
1227 29 312
29 312 1227
287 506 1217
506 287 1217
1217 287 506
600 1083 1331
1083 600 1331
1331 600 1083
987 962 990
990 962 987
962 987 990
283 383 1263
383 283 1263
1263 283 383
802 259 548
259 548 802
548 259 802
697 503 1247
503 697 1247
1247 503 697
753 1087 1236
1236 753 1087
1087 753 1236
935 1111 1456
1456 935 1111
1111 935 1456
1059 866 1251
1251 866 1059
866 1059 1251
582 223 906
223 582 906
906 223 582
851 722 1188
722 851 1188
1188 722 851
1361 392 751
392 751 1361
751 392 1361
594 6 368
6 368 594
368 6 594
868 667 1405
1405 667 868
667 868 1405
292 518 950
518 292 950
950 292 518
756 32 1110
1110 32 756
32 756 1110
1019 1103 1424
1103 1019 1424
1424 1019 1103
589 814 1393
814 589 1393
1393 589 814
1195 305 1314
305 1195 1314
1314 305 1195
80 826 1182
826 80 1182
1182 80 826
934 1069 1243
1243 934 1069
1069 934 1243
558 109 247
109 247 558
247 109 558
1379 295 1057
1057 295 1379
295 1057 1379
1285 1318 1429
1429 1285 1318
1318 1285 1429
1169 197 453
453 197 1169
197 453 1169
15 933 1273
1273 15 933
933 15 1273
48 136 494
494 48 136
136 48 494
1129 8 1206
1206 8 1129
8 1129 1206
333 196 460
460 196 333
196 333 460
966 4 1438
1438 4 966
4 966 1438
1107 1035 1436
1436 1035 1107
1035 1107 1436
573 678 957
678 573 957
957 573 678
486 1333 1462
1333 486 1462
1462 486 1333
50 342 1428
342 50 1428
1428 50 342
206 264 1363
264 206 1363
1363 206 264
232 125 749
749 125 232
125 232 749
1006 817 915
817 915 1006
915 817 1006
319 620 1320
620 319 1320
1320 319 620
82 578 673
673 82 578
578 82 673
823 450 1371
1371 450 823
450 823 1371
208 1088 1099
1099 208 1088
1088 208 1099
773 326 771
326 771 773
771 326 773
579 482 1136
1136 482 579
482 579 1136
225 150 496
496 150 225
150 225 496
379 824 1276
824 379 1276
1276 379 824
1074 916 1417
1417 916 1074
916 1074 1417
804 841 971
841 804 971
971 804 841
1289 62 1441
62 1289 1441
1441 62 1289
1007 682 1283
682 1007 1283
1283 682 1007
1026 588 967
588 967 1026
967 588 1026
973 404 1365
1365 404 973
404 973 1365
1409 186 738
186 738 1409
738 186 1409
944 350 776
350 776 944
776 350 944
714 91 99
99 91 714
91 99 714
799 268 702
702 268 799
268 702 799
1113 765 1184
765 1113 1184
1184 765 1113
690 533 1010
1010 533 690
533 690 1010
192 439 1293
439 192 1293
1293 192 439
946 317 696
696 317 946
317 696 946
538 69 551
69 538 551
551 69 538
900 273 1085
273 900 1085
1085 273 900
838 695 1163
695 838 1163
1163 695 838
1162 655 664
655 664 1162
664 655 1162
777 235 257
257 235 777
235 257 777
565 133 872
872 133 565
133 565 872
1381 13 1466
1466 13 1381
13 1381 1466
198 165 201
165 198 201
201 165 198
909 446 1137
446 909 1137
1137 446 909
1161 686 1132
1132 686 1161
686 1132 1161
1226 85 1477
1477 85 1226
85 1226 1477
307 118 1158
118 307 1158
1158 118 307
67 195 1063
1063 67 195
195 67 1063
1324 782 1470
782 1324 1470
1470 782 1324
459 94 1124
1124 94 459
94 459 1124
105 253 693
253 105 693
693 105 253
425 746 1480
746 425 1480
1480 425 746
1127 190 488
488 190 1127
190 488 1127
1489 521 670
670 521 1489
521 670 1489
535 1056 1426
1056 535 1426
1426 535 1056
156 1004 1155
1004 156 1155
1155 156 1004
1016 146 1471
1471 146 1016
146 1016 1471
266 407 1036
1036 266 407
407 266 1036
1055 255 568
255 568 1055
568 255 1055
1375 24 1270
1270 24 1375
24 1270 1375
51 1022 1145
1022 51 1145
1145 51 1022
1291 774 1492
774 1291 1492
1492 774 1291
176 800 839
839 176 800
800 176 839
331 473 607
473 331 607
607 331 473
729 243 988
988 243 729
243 729 988
1089 434 1067
1067 434 1089
434 1067 1089
1200 332 893
332 893 1200
893 332 1200
1346 154 685
685 154 1346
154 685 1346
1233 986 1442
1442 986 1233
986 1233 1442
497 731 1449
731 497 1449
1449 497 731
1177 1091 1205
1091 1177 1205
1205 1091 1177
1167 250 1407
1407 250 1167
250 1167 1407
1430 66 818
818 66 1430
66 818 1430
1265 650 1338
650 1265 1338
1338 650 1265
1328 979 1261
979 1261 1328
1261 979 1328
1072 547 778
778 547 1072
547 778 1072
1390 39 40
40 39 1390
39 40 1390
456 385 1231
1231 385 456
385 456 1231
955 320 1117
320 955 1117
1117 320 955
1419 304 1001
1001 304 1419
304 1001 1419
998 390 1222
1222 390 998
390 998 1222
238 1280 1418
1418 238 1280
1280 238 1418
896 357 880
880 357 896
357 880 896
406 258 546
258 406 546
546 258 406
1199 270 666
270 666 1199
666 270 1199
92 557 940
940 92 557
557 92 940
745 438 958
438 745 958
958 438 745
297 204 541
541 204 297
204 297 541
261 88 228
228 88 261
88 228 261
570 888 1300
888 570 1300
1300 570 888
373 184 1266
184 373 1266
1266 184 373
536 616 1203
1203 536 616
616 536 1203
1152 18 500
500 18 1152
18 500 1152
1348 566 709
709 566 1348
566 709 1348
903 209 221
209 221 903
221 209 903
1364 100 1297
100 1297 1364
1297 100 1364
477 798 1219
798 477 1219
1219 477 798
603 155 179
155 179 603
179 155 603
658 113 271
113 271 658
271 113 658
1212 562 587
562 587 1212
587 562 1212
1384 75 850
75 850 1384
850 75 1384
132 441 1090
1090 132 441
441 132 1090
489 553 1351
553 489 1351
1351 489 553
581 507 1427
507 581 1427
1427 507 581
81 112 584
112 81 584
584 81 112
1013 660 1277
1277 660 1013
660 1013 1277
483 524 1143
1143 483 524
524 483 1143
683 1214 1352
1214 683 1352
1352 683 1214
983 644 1180
1180 644 983
644 983 1180
679 898 1192
1192 679 898
898 679 1192
820 1106 1171
1106 820 1171
1171 820 1106
613 89 577
577 89 613
89 577 613
716 348 1368
1368 348 716
348 716 1368
1175 653 1304
1304 653 1175
653 1175 1304
1421 409 790
790 409 1421
409 790 1421
614 455 993
993 455 614
455 614 993
556 300 1423
1423 300 556
300 556 1423
593 737 1383
1383 593 737
737 593 1383
970 791 1451
791 970 1451
1451 791 970
481 366 1021
366 481 1021
1021 366 481
166 54 1240
54 166 1240
1240 54 166
1498 733 942
733 942 1498
942 733 1498
458 399 598
598 399 458
399 458 598
704 443 846
443 704 846
846 443 704
1149 561 659
561 659 1149
659 561 1149
1484 788 885
885 788 1484
788 885 1484
602 216 1268
1268 216 602
216 602 1268
852 1223 1493
1493 852 1223
1223 852 1493
560 123 274
123 274 560
274 123 560
534 761 1029
761 534 1029
1029 534 761
1366 46 260
260 46 1366
46 260 1366
1413 726 784
784 726 1413
726 784 1413
1269 74 775
775 74 1269
74 775 1269
144 346 1380
346 144 1380
1380 144 346
336 1102 1156
1102 336 1156
1156 336 1102
1385 856 1337
856 1337 1385
1337 856 1385
79 177 1071
1071 79 177
177 79 1071
1241 405 1431
405 1241 1431
1431 405 1241
897 662 843
843 662 897
662 843 897
540 959 1367
959 540 1367
1367 540 959
485 466 924
466 485 924
924 466 485
1043 12 636
12 636 1043
636 12 1043
760 491 1274
491 760 1274
1274 491 760
240 1025 1225
1225 240 1025
1025 240 1225
1115 739 882
882 739 1115
739 882 1115
1369 752 1002
752 1002 1369
1002 752 1369
514 242 1011
242 514 1011
1011 242 514
293 31 554
31 293 554
554 31 293
927 306 401
401 306 927
306 401 927
1052 352 1476
352 1052 1476
1476 352 1052
961 371 377
371 377 961
377 371 961
982 141 963
963 141 982
141 963 982
1044 433 1341
433 1044 1341
1341 433 1044
502 574 723
574 502 723
723 502 574
27 618 1064
618 27 1064
1064 27 618
214 14 121
121 14 214
14 121 214
205 26 875
875 26 205
26 205 875
932 180 388
180 388 932
388 180 932
1210 122 555
555 122 1210
122 555 1210
1065 108 282
282 108 1065
108 282 1065
1483 544 1208
1208 544 1483
544 1208 1483
1454 1 978
978 1 1454
1 978 1454
323 592 661
661 323 592
592 323 661
609 640 681
640 609 681
681 609 640
512 37 444
444 37 512
37 444 512
1009 523 1343
1343 523 1009
523 1009 1343
740 1050 1275
1275 740 1050
1050 740 1275
464 110 648
110 464 648
648 110 464
59 1360 1448
1360 59 1448
1448 59 1360
103 707 1435
1435 103 707
707 103 1435
284 42 72
42 72 284
72 42 284
1037 605 1425
1425 605 1037
605 1037 1425
337 431 1398
431 337 1398
1398 337 431
735 364 1389
364 735 1389
1389 364 735
1045 430 701
430 701 1045
701 430 1045
1401 77 516
77 516 1401
516 77 1401
539 417 1302
1302 417 539
417 539 1302
1173 994 1392
994 1173 1392
1392 994 1173
478 1166 1394
1394 478 1166
1166 478 1394
859 22 654
22 654 859
654 22 859
1376 63 341
341 63 1376
63 341 1376
858 657 703
657 703 858
703 657 858
930 865 1460
1460 865 930
865 930 1460
367 41 349
349 41 367
41 349 367
1299 499 1410
499 1299 1410
1410 499 1299
684 833 877
833 684 877
877 684 833
590 559 1404
559 590 1404
1404 559 590
1459 210 1287
1287 210 1459
210 1287 1459
1282 905 1344
1344 905 1282
905 1282 1344
400 147 495
147 400 495
495 147 400
335 743 960
743 335 960
960 335 743
1279 334 412
412 334 1279
334 412 1279
490 226 372
372 226 490
226 372 490
700 218 1108
218 700 1108
1108 218 700
811 1374 1434
1374 811 1434
1434 811 1374
762 645 1474
645 762 1474
1474 645 762
1062 194 954
954 194 1062
194 954 1062
358 369 864
864 358 369
369 358 864
910 808 1189
1189 808 910
808 910 1189
1066 517 1267
1267 517 1066
517 1066 1267
33 422 1142
422 33 1142
1142 33 422
1202 770 1249
770 1202 1249
1249 770 1202
130 169 1024
169 130 1024
1024 130 169
313 219 529
529 219 313
219 313 529
339 351 956
351 339 956
956 339 351
411 1008 1204
1204 411 1008
1008 411 1204
744 199 1307
1307 199 744
199 744 1307
1250 567 719
567 719 1250
719 567 1250
10 254 708
708 10 254
254 10 708
842 318 632
632 318 842
318 632 842
1027 923 1194
923 1027 1194
1194 923 1027
167 17 806
17 167 806
806 17 167
237 157 187
157 187 237
187 157 237
467 83 907
83 467 907
907 83 467
