1316 180 1129
1129 180 1316
180 1129 1316
1330 520 1472
520 1330 1472
1472 520 1330
555 145 1466
145 555 1466
1466 145 555
56 773 1302
773 56 1302
1302 56 773
1132 131 182
182 131 1132
131 182 1132
996 674 1423
674 996 1423
1423 674 996
327 196 1183
196 327 1183
1183 196 327
626 703 1238
703 626 1238
1238 626 703
605 61 132
132 61 605
61 132 605
1214 385 788
385 788 1214
788 385 1214
1375 721 928
721 928 1375
928 721 1375
1284 1248 1388
1248 1284 1388
1388 1248 1284
13 203 1178
203 13 1178
1178 13 203
490 506 551
506 490 551
551 490 506
51 474 1338
1338 51 474
474 51 1338
50 366 761
761 50 366
366 50 761
99 394 1200
394 99 1200
1200 99 394
41 719 973
973 41 719
719 41 973
1160 487 981
981 487 1160
487 981 1160
1477 216 575
575 216 1477
216 575 1477
1390 60 690
60 690 1390
690 60 1390
1095 246 302
302 246 1095
246 302 1095
1322 489 600
600 489 1322
489 600 1322
685 571 1450
571 685 1450
1450 571 685
811 1218 1371
1371 811 1218
1218 811 1371
995 64 74
74 64 995
64 74 995
1452 301 1483
301 1452 1483
1483 301 1452
275 274 913
274 275 913
913 274 275
615 991 1403
1403 615 991
991 615 1403
1174 462 1077
1077 462 1174
462 1077 1174
106 290 660
290 106 660
660 106 290
963 1024 1274
1024 963 1274
1274 963 1024
1380 616 942
616 942 1380
942 616 1380
958 258 815
258 815 958
815 258 958
206 202 927
202 206 927
927 202 206
318 129 1296
1296 129 318
129 318 1296
27 471 918
471 27 918
918 27 471
468 676 1137
1137 468 676
676 468 1137
1433 159 1145
1145 159 1433
159 1145 1433
1365 746 1254
746 1254 1365
1254 746 1365
1283 1252 1434
1252 1283 1434
1434 1252 1283
1161 884 1292
1292 884 1161
884 1161 1292
1265 545 683
683 545 1265
545 683 1265
378 860 1418
1418 378 860
860 378 1418
989 78 604
604 78 989
78 604 989
1041 1241 1289
1289 1041 1241
1241 1041 1289
207 183 985
183 207 985
985 183 207
1387 122 1478
122 1387 1478
1478 122 1387
1128 73 1389
73 1128 1389
1389 73 1128
191 361 1259
361 191 1259
1259 191 361
1436 1031 1071
1031 1071 1436
1071 1031 1436
713 169 1326
1326 169 713
169 713 1326
1391 90 795
90 795 1391
795 90 1391
873 189 668
668 189 873
189 668 873
787 8 465
465 8 787
8 465 787
44 65 136
136 44 65
65 44 136
807 36 251
36 251 807
251 36 807
224 389 499
499 224 389
389 224 499
392 776 1269
1269 392 776
776 392 1269
212 205 1175
1175 205 212
205 212 1175
636 79 799
79 636 799
799 79 636
267 236 1293
1293 236 267
236 267 1293
1256 850 1152
1152 850 1256
850 1152 1256
1494 233 734
734 233 1494
233 734 1494
17 45 951
951 17 45
45 17 951
1441 479 1219
1219 479 1441
479 1219 1441
732 85 208
85 208 732
208 85 732
726 308 1076
308 726 1076
1076 308 726
1266 87 872
872 87 1266
87 872 1266
1250 579 994
579 994 1250
994 579 1250
541 408 430
430 408 541
408 430 541
1088 500 952
500 952 1088
952 500 1088
503 332 1273
332 503 1273
1273 332 503
1500 362 564
362 564 1500
564 362 1500
442 820 1278
1278 442 820
820 442 1278
177 1027 1348
1027 177 1348
1348 177 1027
329 158 1202
158 329 1202
1202 158 329
152 476 781
781 152 476
476 152 781
1147 482 1126
482 1126 1147
1126 482 1147
519 617 1419
617 519 1419
1419 519 617
892 240 1417
240 892 1417
1417 240 892
742 29 138
138 29 742
29 138 742
1173 59 1443
1443 59 1173
59 1173 1443
226 687 1465
1465 226 687
687 226 1465
402 310 454
454 310 402
310 402 454
922 478 771
771 478 922
478 771 922
695 53 496
496 53 695
53 496 695
62 188 825
188 62 825
825 62 188
427 215 1413
215 427 1413
1413 215 427
805 903 1044
903 805 1044
1044 805 903
1447 959 1143
1143 959 1447
959 1143 1447
939 424 902
424 902 939
902 424 939
877 1311 1404
1404 877 1311
1311 877 1404
886 867 1053
1053 867 886
867 886 1053
1235 285 1271
1271 285 1235
285 1235 1271
829 322 933
322 829 933
933 322 829
693 774 1072
1072 693 774
774 693 1072
112 306 845
845 112 306
306 112 845
752 817 1086
817 752 1086
1086 752 817
1014 977 988
988 977 1014
977 988 1014
187 812 1308
812 187 1308
1308 187 812
1140 1120 1222
1222 1120 1140
1120 1140 1222
1439 24 1134
24 1134 1439
1134 24 1439
49 345 1456
1456 49 345
345 49 1456
573 325 1325
1325 325 573
325 573 1325
397 18 912
912 18 397
18 397 912
102 457 612
612 102 457
457 102 612
813 866 1409
866 813 1409
1409 813 866
1211 473 1298
473 1211 1298
1298 473 1211
1181 381 1461
381 1181 1461
1461 381 1181
729 823 849
823 729 849
849 729 823
1438 300 529
300 529 1438
529 300 1438
664 197 962
962 197 664
197 664 962
722 766 1157
766 722 1157
1157 722 766
706 161 767
767 161 706
161 706 767
599 1180 1194
1194 599 1180
1180 599 1194
1411 580 675
580 675 1411
675 580 1411
588 684 1304
1304 588 684
684 588 1304
983 120 533
533 120 983
120 533 983
889 904 943
943 889 904
904 889 943
1496 105 935
935 105 1496
105 935 1496
954 432 1329
432 954 1329
1329 432 954
834 220 1138
220 834 1138
1138 220 834
882 294 908
908 294 882
294 882 908
435 118 777
118 435 777
777 118 435
1480 282 723
282 723 1480
723 282 1480
917 393 711
393 711 917
711 393 917
654 344 1276
1276 344 654
344 654 1276
315 491 803
803 315 491
491 315 803
371 214 894
214 371 894
894 214 371
655 844 1243
844 655 1243
1243 655 844
809 272 1187
272 809 1187
1187 272 809
268 168 727
727 168 268
168 268 727
147 601 1263
601 147 1263
1263 147 601
1001 7 517
517 7 1001
7 517 1001
980 54 1118
1118 54 980
54 980 1118
1421 1050 1324
1324 1050 1421
1050 1324 1421
1458 116 1397
1397 116 1458
116 1397 1458
937 343 597
597 343 937
343 597 937
531 1230 1353
1230 531 1353
1353 531 1230
806 133 134
133 134 806
134 133 806
1280 66 1373
1373 66 1280
66 1280 1373
488 401 593
401 488 593
593 401 488
702 772 1253
1253 702 772
772 702 1253
1352 663 1396
1396 663 1352
663 1352 1396
802 266 1488
1488 266 802
266 802 1488
611 659 1042
1042 611 659
659 611 1042
367 673 1285
673 367 1285
1285 367 673
1332 652 739
739 652 1332
652 739 1332
194 2 1195
1195 2 194
2 194 1195
511 502 987
502 511 987
987 502 511
1408 198 763
198 763 1408
763 198 1408
492 151 1430
1430 151 492
151 492 1430
1334 94 869
869 94 1334
94 869 1334
420 229 288
288 229 420
229 288 420
1015 1020 1079
1020 1015 1079
1079 1015 1020
1301 200 728
728 200 1301
200 728 1301
507 901 1135
1135 507 901
901 507 1135
1249 98 1469
1469 98 1249
98 1249 1469
969 382 775
382 775 969
775 382 969
661 101 1184
101 661 1184
1184 101 661
1035 686 1221
686 1035 1221
1221 686 1035
417 35 63
63 35 417
35 63 417
1381 88 667
88 667 1381
667 88 1381
1270 480 936
480 936 1270
936 480 1270
237 140 351
140 237 351
351 140 237
619 350 1080
350 619 1080
1080 350 619
303 223 1204
223 303 1204
1204 223 303
999 452 547
547 452 999
452 547 999
1058 890 1349
890 1058 1349
1349 890 1058
701 222 895
222 701 895
895 222 701
1114 296 1313
1313 296 1114
296 1114 1313
1377 433 1146
433 1146 1377
1146 433 1377
768 879 1008
1008 768 879
879 768 1008
749 48 363
48 363 749
363 48 749
920 1002 1412
1412 920 1002
1002 920 1412
1386 164 1030
1030 164 1386
164 1030 1386
81 1182 1295
1295 81 1182
1182 81 1295
1468 558 764
558 764 1468
764 558 1468
1427 679 841
841 679 1427
679 841 1427
119 360 380
380 119 360
360 119 380
297 110 1239
1239 110 297
110 297 1239
124 160 184
160 124 184
184 124 160
1078 1300 1303
1303 1078 1300
1300 1078 1303
880 639 1216
639 880 1216
1216 639 880
501 944 1457
1457 501 944
944 501 1457
376 217 630
217 376 630
630 217 376
337 587 1127
1127 337 587
587 337 1127
143 1162 1224
1162 143 1224
1224 143 1162
170 1003 1479
1003 170 1479
1479 170 1003
1 369 1232
369 1 1232
1232 1 369
162 550 670
550 162 670
670 162 550
1343 891 1068
1068 891 1343
891 1068 1343
1105 172 1223
172 1105 1223
1223 172 1105
167 289 1176
289 167 1176
1176 167 289
915 699 859
859 699 915
699 859 915
104 852 1382
1382 104 852
852 104 1382
1415 948 1297
1297 948 1415
948 1297 1415
930 20 741
741 20 930
20 741 930
862 19 1446
1446 19 862
19 862 1446
39 450 947
450 39 947
947 39 450
797 586 1454
586 797 1454
1454 586 797
756 865 1493
865 756 1493
1493 756 865
486 243 992
992 243 486
243 486 992
1288 176 592
592 176 1288
176 592 1288
938 556 821
556 821 938
821 556 938
641 211 372
372 211 641
211 372 641
607 10 347
10 347 607
347 10 607
651 276 1185
1185 276 651
276 651 1185
185 259 1029
1029 185 259
259 185 1029
602 40 1482
1482 40 602
40 602 1482
309 1125 1165
1125 309 1165
1165 309 1125
549 669 1367
1367 549 669
669 549 1367
186 458 974
974 186 458
458 186 974
1007 461 1236
461 1007 1236
1236 461 1007
71 692 934
692 71 934
934 71 692
466 634 786
786 466 634
634 466 786
1475 231 387
387 231 1475
231 387 1475
513 856 1314
1314 513 856
856 513 1314
1179 949 1207
1207 949 1179
949 1179 1207
1189 281 750
750 281 1189
281 750 1189
1168 704 854
854 704 1168
704 854 1168
819 386 1394
1394 386 819
386 819 1394
257 209 1245
1245 209 257
209 257 1245
103 455 1025
1025 103 455
455 103 1025
1376 76 792
792 76 1376
76 792 1376
475 919 1310
919 475 1310
1310 475 919
1112 736 1351
1351 736 1112
736 1112 1351
443 265 525
525 265 443
265 443 525
1453 470 1406
470 1406 1453
1406 470 1453
97 682 1361
682 97 1361
1361 97 682
538 1087 1115
1087 538 1115
1115 538 1087
1166 339 1022
339 1022 1166
1022 339 1166
1133 863 1010
1010 863 1133
863 1010 1133
708 446 1444
1444 446 708
446 708 1444
399 941 1360
941 399 1360
1360 399 941
831 893 1167
893 831 1167
1167 831 893
1448 42 578
578 42 1448
42 578 1448
527 58 748
58 527 748
748 58 527
47 572 1474
1474 47 572
572 47 1474
1005 330 861
861 330 1005
330 861 1005
1264 139 391
139 391 1264
391 139 1264
1040 1033 1089
1089 1033 1040
1033 1040 1089
277 1416 1428
1428 277 1416
1416 277 1428
1156 166 431
166 431 1156
431 166 1156
784 1212 1425
1212 784 1425
1425 784 1212
1345 412 966
412 966 1345
966 412 1345
553 340 1335
1335 340 553
340 553 1335
563 581 1100
1100 563 581
581 563 1100
818 352 1463
1463 352 818
352 818 1463
57 204 1350
204 57 1350
1350 57 204
368 149 1021
149 368 1021
1021 149 368
1491 113 365
365 113 1491
113 365 1491
1059 193 291
193 291 1059
291 193 1059
199 262 405
405 199 262
262 199 405
1331 516 725
725 516 1331
516 725 1331
146 379 1327
1327 146 379
379 146 1327
1067 261 1046
1046 261 1067
261 1046 1067
1084 153 916
153 916 1084
916 153 1084
968 1370 1449
1370 968 1449
1449 968 1370
460 311 779
779 311 460
311 460 779
1215 359 403
403 359 1215
359 403 1215
731 971 1379
1379 731 971
971 731 1379
618 93 925
93 618 925
925 93 618
1124 148 1051
148 1051 1124
1051 148 1124
192 557 724
724 192 557
557 192 724
628 364 709
709 364 628
364 628 709
213 305 715
715 213 305
305 213 715
970 753 1090
1090 753 970
753 970 1090
1234 77 1203
1203 77 1234
77 1203 1234
758 80 745
745 80 758
80 745 758
338 254 757
757 254 338
254 338 757
1043 830 1069
1069 830 1043
830 1043 1069
1277 419 1362
419 1277 1362
1362 419 1277
293 89 1319
1319 89 293
89 293 1319
5 485 1237
1237 5 485
485 5 1237
346 622 744
622 346 744
744 346 622
1205 219 1110
219 1110 1205
1110 219 1205
1142 828 843
843 828 1142
828 843 1142
565 137 423
137 423 565
423 137 565
1246 250 1309
1309 250 1246
250 1246 1309
249 666 1217
666 249 1217
1217 249 666
1074 100 509
100 509 1074
509 100 1074
735 135 512
135 512 735
512 135 735
1091 451 566
451 566 1091
566 451 1091
689 770 1464
1464 689 770
770 689 1464
1299 426 1282
1282 426 1299
426 1282 1299
1098 522 888
888 522 1098
522 888 1098
234 342 1398
342 234 1398
1398 234 342
463 953 1060
1060 463 953
953 463 1060
84 3 150
150 3 84
3 84 150
514 1073 1163
1163 514 1073
1073 514 1163
1210 21 837
21 837 1210
837 21 1210
1226 279 705
705 279 1226
279 705 1226
321 1062 1294
1062 321 1294
1294 321 1062
227 313 836
313 227 836
836 227 313
1108 141 355
355 141 1108
141 355 1108
1117 483 1036
483 1036 1117
1036 483 1117
453 218 993
993 218 453
218 453 993
244 881 1471
1471 244 881
881 244 1471
1193 870 905
905 870 1193
870 905 1193
950 278 284
278 284 950
284 278 950
12 114 1287
1287 12 114
114 12 1287
608 336 1012
336 608 1012
1012 336 608
260 228 526
228 260 526
526 228 260
1013 409 990
990 409 1013
409 990 1013
264 632 858
858 264 632
632 264 858
428 957 1344
1344 428 957
957 428 1344
924 979 1019
979 924 1019
1019 924 979
671 887 1435
887 671 1435
1435 671 887
6 1064 1363
1064 6 1363
1363 6 1064
328 429 1057
1057 328 429
429 328 1057
698 658 665
658 665 698
665 658 698
710 156 1196
1196 156 710
156 710 1196
356 794 1177
1177 356 794
794 356 1177
1056 413 1048
1048 413 1056
413 1048 1056
1171 157 650
650 157 1171
157 650 1171
826 1341 1467
1467 826 1341
1341 826 1467
598 897 1460
1460 598 897
897 598 1460
52 1158 1233
1158 52 1233
1233 52 1158
1445 125 523
125 523 1445
523 125 1445
440 896 1393
896 440 1393
1393 440 896
373 201 1431
201 373 1431
1431 201 373
730 16 33
33 16 730
16 33 730
835 383 716
383 716 835
716 383 835
436 1097 1486
1097 436 1486
1486 436 1097
195 1004 1420
1004 195 1420
1420 195 1004
638 765 1159
1159 638 765
765 638 1159
810 253 292
253 292 810
292 253 810
868 635 1268
635 868 1268
1268 635 868
1395 374 596
374 596 1395
596 374 1395
1473 341 783
783 341 1473
341 783 1473
323 696 1495
1495 323 696
696 323 1495
1340 1131 1399
1131 1340 1399
1399 1131 1340
232 548 1337
1337 232 548
548 232 1337
1485 31 627
31 627 1485
627 31 1485
441 334 353
334 353 441
353 334 441
1209 448 1017
448 1017 1209
1017 448 1209
1045 404 978
978 404 1045
404 978 1045
142 163 504
504 142 163
163 142 504
82 67 923
67 82 923
923 67 82
816 14 1323
14 816 1323
1323 14 816
1081 28 38
38 28 1081
28 38 1081
853 914 1197
914 853 1197
1197 853 914
75 396 559
396 75 559
559 75 396
647 1101 1312
1101 647 1312
1312 647 1101
623 377 733
733 377 623
377 623 733
1121 271 956
271 956 1121
956 271 1121
1440 644 1355
644 1355 1440
1355 644 1440
245 83 295
83 245 295
295 83 245
609 248 414
414 248 609
248 414 609
407 406 1405
1405 406 407
406 407 1405
785 1244 1422
1244 785 1422
1422 785 1244
1272 537 606
606 537 1272
537 606 1272
1459 127 649
127 649 1459
649 127 1459
543 631 875
631 543 875
875 543 631
43 173 242
173 43 242
242 43 173
1225 832 1096
1096 832 1225
832 1096 1225
591 677 1333
1333 591 677
677 591 1333
595 1109 1247
1247 595 1109
1109 595 1247
1257 539 1359
539 1257 1359
1359 539 1257
252 790 808
808 252 790
790 252 808
800 410 577
410 577 800
577 410 800
899 848 871
848 871 899
871 848 899
121 130 481
130 121 481
481 121 130
459 225 400
400 225 459
225 400 459
791 585 1383
1383 585 791
585 791 1383
1082 1150 1307
1150 1082 1307
1307 1082 1150
1378 637 876
876 637 1378
637 876 1378
319 434 1336
434 319 1336
1336 319 434
1149 961 1258
961 1149 1258
1258 961 1149
1366 762 910
762 910 1366
910 762 1366
1066 610 1228
610 1066 1228
1228 610 1066
614 528 1213
1213 528 614
528 614 1213
518 562 1139
1139 518 562
562 518 1139
681 921 1191
1191 681 921
921 681 1191
576 32 1023
1023 32 576
32 576 1023
1286 1155 1328
1155 1286 1328
1328 1155 1286
1358 536 1016
1016 536 1358
536 1016 1358
1144 37 1499
37 1144 1499
1499 37 1144
883 1018 1267
1018 883 1267
1267 883 1018
798 425 833
833 425 798
425 798 833
508 30 505
30 505 508
505 30 508
648 312 838
312 648 838
838 312 648
712 633 1154
633 712 1154
1154 633 712
283 25 997
997 25 283
25 283 997
672 299 1291
1291 299 672
299 672 1291
535 298 743
298 535 743
743 298 535
700 497 640
497 640 700
640 497 700
1122 946 1279
946 1122 1279
1279 946 1122
1401 117 1455
1455 117 1401
117 1401 1455
945 589 1009
1009 589 945
589 945 1009
326 657 1049
657 326 1049
1049 326 657
263 287 1497
1497 263 287
287 263 1497
874 1063 1199
1063 874 1199
1199 874 1063
737 759 1039
759 737 1039
1039 737 759
864 348 1186
1186 348 864
348 864 1186
494 1342 1451
1342 494 1451
1451 494 1342
1164 524 1011
524 1011 1164
1011 524 1164
1414 464 932
464 932 1414
932 464 1414
1026 846 1364
1364 846 1026
846 1026 1364
1320 986 1498
986 1320 1498
1498 986 1320
510 418 1106
1106 418 510
418 510 1106
561 34 445
445 34 561
34 445 561
778 911 1290
911 778 1290
1290 778 911
1055 552 855
855 552 1055
552 855 1055
760 22 1429
22 760 1429
1429 22 760
532 1061 1070
1061 532 1070
1070 532 1061
594 1251 1400
1400 594 1251
1251 594 1400
280 23 1442
23 280 1442
1442 23 280
1262 375 1169
375 1169 1262
1169 375 1262
804 11 92
11 92 804
92 11 804
1093 354 1339
1339 354 1093
354 1093 1339
827 1402 1424
1424 827 1402
1402 827 1424
178 1240 1354
1354 178 1240
1240 178 1354
570 241 769
769 241 570
241 570 769
422 456 707
707 422 456
456 422 707
1476 582 1092
1092 582 1476
582 1092 1476
1113 307 540
540 307 1113
307 540 1113
370 247 1000
1000 247 370
247 370 1000
678 384 1315
1315 384 678
384 678 1315
437 388 718
388 437 718
718 388 437
1094 688 972
688 972 1094
972 688 1094
1099 447 720
720 447 1099
447 720 1099
1487 358 1347
358 1347 1487
1347 358 1487
984 421 940
940 421 984
421 940 984
270 210 801
210 270 801
801 210 270
740 584 680
680 584 740
584 680 740
569 643 1231
1231 569 643
643 569 1231
1148 415 1172
1172 415 1148
415 1148 1172
967 1242 1432
1242 967 1432
1432 967 1242
1038 662 1153
662 1038 1153
1153 662 1038
642 544 1462
1462 544 642
544 642 1462
621 498 1410
1410 498 621
498 621 1410
331 15 574
574 15 331
15 331 574
68 467 747
747 68 467
467 68 747
1028 235 929
929 235 1028
235 929 1028
964 691 1317
1317 691 964
691 964 1317
975 317 1119
317 975 1119
1119 317 975
542 95 316
95 316 542
316 95 542
286 857 1052
1052 286 857
857 286 1052
1281 304 1083
1083 304 1281
304 1083 1281
697 960 1372
1372 697 960
960 697 1372
909 109 495
495 109 909
109 495 909
1437 55 653
55 653 1437
653 55 1437
1481 780 1065
780 1065 1481
1065 780 1481
1384 444 449
449 444 1384
444 449 1384
256 107 1255
1255 107 256
107 256 1255
717 128 839
839 128 717
128 717 839
1357 398 822
398 822 1357
822 398 1357
1492 390 1470
1470 390 1492
390 1470 1492
926 333 603
333 603 926
603 333 926
493 646 1103
1103 493 646
646 493 1103
175 111 842
111 175 842
842 111 175
395 126 484
126 395 484
484 126 395
411 314 1368
1368 314 411
314 411 1368
629 181 416
181 416 629
416 181 629
814 1037 1407
1407 814 1037
1037 814 1407
515 273 976
976 273 515
273 515 976
1116 324 754
324 754 1116
754 324 1116
1085 590 793
793 590 1085
590 793 1085
9 357 1006
1006 9 357
357 9 1006
230 269 782
782 230 269
269 230 782
567 221 1198
1198 221 567
221 567 1198
847 190 906
906 190 847
190 847 906
521 179 1369
1369 179 521
179 521 1369
534 568 1170
1170 534 568
568 534 1170
108 796 1489
796 108 1489
1489 108 796
123 1107 1275
1275 123 1107
1107 123 1275
694 885 1426
885 694 1426
1426 694 885
72 46 96
46 72 96
96 46 72
1141 477 583
477 583 1141
583 477 1141
4 625 851
625 4 851
851 4 625
878 530 546
530 546 878
546 530 878
1111 751 1190
751 1111 1190
1190 751 1111
69 165 840
165 69 840
840 69 165
900 86 965
965 86 900
86 900 965
982 1136 1260
1260 982 1136
1136 982 1260
1047 115 239
115 239 1047
239 115 1047
931 1151 1490
1490 931 1151
1151 931 1490
70 238 738
738 70 238
238 70 738
1220 171 1034
171 1034 1220
1034 171 1220
154 1102 1192
1102 154 1192
1192 154 1102
620 714 755
714 620 755
755 620 714
1227 438 1261
1261 438 1227
438 1227 1261
998 174 472
174 472 998
472 174 998
255 1104 1385
1385 255 1104
1104 255 1385
320 1032 1075
1032 320 1075
1075 320 1032
955 349 789
349 789 955
789 349 955
26 898 1305
1305 26 898
898 26 1305
1306 1374 1392
1392 1306 1374
1374 1306 1392
624 613 645
645 613 624
613 624 645
1123 907 1484
1484 907 1123
907 1123 1484
1356 91 554
554 91 1356
91 554 1356
1201 1229 1346
1229 1201 1346
1346 1201 1229
1054 469 656
469 656 1054
656 469 1054
144 439 824
439 144 824
824 144 439
560 1188 1206
1188 560 1206
1206 560 1188
1321 1130 1208
1208 1130 1321
1130 1208 1321
1318 155 335
155 335 1318
335 155 1318
