12947 3405 12763
3405 12763 12947
12763 3405 12947
7532 7398 8418
8418 7398 7532
7398 7532 8418
12876 7648 7989
7648 7989 12876
7989 7648 12876
9326 993 10908
993 9326 10908
10908 993 9326
11116 2089 10947
10947 2089 11116
2089 10947 11116
7857 7480 9285
7480 7857 9285
9285 7480 7857
7893 10213 13836
13836 7893 10213
10213 7893 13836
12785 1481 12071
12071 1481 12785
1481 12071 12785
13399 4191 6183
6183 4191 13399
4191 6183 13399
1209 3858 9772
3858 1209 9772
9772 1209 3858
12004 5249 8947
8947 5249 12004
5249 8947 12004
9778 1980 2029
2029 1980 9778
1980 2029 9778
6269 5398 6505
5398 6269 6505
6505 5398 6269
8096 109 142
142 109 8096
109 142 8096
452 259 13064
259 452 13064
13064 259 452
6777 5746 6040
6040 5746 6777
5746 6040 6777
7483 4763 9250
4763 7483 9250
9250 4763 7483
550 3296 5889
5889 550 3296
3296 550 5889
4833 7732 12114
12114 4833 7732
7732 4833 12114
13126 3374 8105
3374 8105 13126
8105 3374 13126
9859 911 8987
8987 911 9859
911 8987 9859
1970 3370 9136
9136 1970 3370
3370 1970 9136
5191 9472 9481
9472 5191 9481
9481 5191 9472
3219 7446 9943
9943 3219 7446
7446 3219 9943
1896 8229 10140
8229 1896 10140
10140 1896 8229
6035 7409 11186
11186 6035 7409
7409 6035 11186
2223 6082 10814
6082 2223 10814
10814 2223 6082
10217 1846 2767
1846 2767 10217
2767 1846 10217
10385 10104 11618
10104 10385 11618
11618 10104 10385
11573 1467 14959
1467 11573 14959
14959 1467 11573
6055 5420 10337
5420 6055 10337
10337 5420 6055
11459 4579 11014
4579 11014 11459
11014 4579 11459
8350 2373 6464
2373 6464 8350
6464 2373 8350
1455 1252 4431
4431 1252 1455
1252 1455 4431
12771 8455 14185
8455 12771 14185
14185 8455 12771
4403 4533 8909
8909 4403 4533
4533 4403 8909
11716 8076 10234
10234 8076 11716
8076 10234 11716
7756 2386 13962
2386 7756 13962
13962 2386 7756
12065 360 6868
360 6868 12065
6868 360 12065
10875 10205 13938
13938 10205 10875
10205 10875 13938
11899 1921 7948
1921 7948 11899
7948 1921 11899
7177 5142 11168
5142 7177 11168
11168 5142 7177
5970 48 9115
48 5970 9115
9115 48 5970
14789 1376 7160
7160 1376 14789
1376 7160 14789
12047 5883 11743
11743 5883 12047
5883 11743 12047
1338 3491 7704
3491 1338 7704
7704 1338 3491
1803 11993 12790
12790 1803 11993
11993 1803 12790
11720 8575 12111
12111 8575 11720
8575 11720 12111
13122 9047 9863
9863 9047 13122
9047 9863 13122
2194 4575 14309
14309 2194 4575
4575 2194 14309
1536 3863 8923
3863 1536 8923
8923 1536 3863
7224 9839 10425
9839 7224 10425
10425 7224 9839
13464 506 5984
506 5984 13464
5984 506 13464
2292 2567 2938
2938 2292 2567
2567 2292 2938
3965 6535 14566
6535 3965 14566
14566 3965 6535
2926 2916 10119
2916 2926 10119
10119 2916 2926
4 2216 6920
2216 4 6920
6920 4 2216
14132 5077 11220
11220 5077 14132
5077 11220 14132
4717 6603 9459
9459 4717 6603
6603 4717 9459
13110 2755 7178
2755 7178 13110
7178 2755 13110
5557 3317 3711
3317 3711 5557
3711 3317 5557
2628 4903 13930
13930 2628 4903
4903 2628 13930
6994 2799 9861
9861 2799 6994
2799 6994 9861
11762 3472 10896
10896 3472 11762
3472 10896 11762
9609 5295 12337
5295 9609 12337
12337 5295 9609
14928 3372 3579
3372 3579 14928
3579 3372 14928
688 3661 10504
3661 688 10504
10504 688 3661
11158 7617 14636
7617 11158 14636
14636 7617 11158
5267 9978 13769
13769 5267 9978
9978 5267 13769
10990 10597 11011
11011 10597 10990
10597 10990 11011
12929 6613 6632
6632 6613 12929
6613 6632 12929
1472 1750 9173
1750 1472 9173
9173 1472 1750
4141 915 12297
12297 915 4141
915 4141 12297
10489 987 9631
987 9631 10489
9631 987 10489
3522 3570 4163
4163 3522 3570
3570 3522 4163
7669 7404 8322
7404 7669 8322
8322 7404 7669
5624 7645 11335
11335 5624 7645
7645 5624 11335
3196 5759 11630
11630 3196 5759
5759 3196 11630
4776 2203 13839
2203 4776 13839
13839 2203 4776
13807 2298 11030
11030 2298 13807
2298 11030 13807
3268 4504 10088
10088 3268 4504
4504 3268 10088
14523 7040 9585
9585 7040 14523
7040 9585 14523
6181 4329 7011
4329 6181 7011
7011 4329 6181
1159 7633 7775
7775 1159 7633
7633 1159 7775
1587 7278 11819
11819 1587 7278
7278 1587 11819
5871 2975 13977
13977 2975 5871
2975 5871 13977
1063 6840 13117
6840 1063 13117
13117 1063 6840
2043 6731 13615
6731 2043 13615
13615 2043 6731
7076 1345 14646
14646 1345 7076
1345 7076 14646
5616 5643 10750
10750 5616 5643
5643 5616 10750
3803 5170 13775
13775 3803 5170
5170 3803 13775
8355 6922 7039
6922 7039 8355
7039 6922 8355
12300 3593 7644
7644 3593 12300
3593 7644 12300
9652 10046 10377
10046 9652 10377
10377 9652 10046
11551 2062 8140
2062 8140 11551
8140 2062 11551
12492 6241 12291
6241 12291 12492
12291 6241 12492
2429 8975 13294
8975 2429 13294
13294 2429 8975
11331 1899 11577
1899 11331 11577
11577 1899 11331
2293 838 14922
838 2293 14922
14922 838 2293
152 1923 12231
12231 152 1923
1923 152 12231
9005 12966 14407
14407 9005 12966
12966 9005 14407
10902 9151 12546
9151 10902 12546
12546 9151 10902
1781 1867 8460
1867 1781 8460
8460 1781 1867
12850 5211 11494
5211 11494 12850
11494 5211 12850
14350 12 6375
6375 12 14350
12 6375 14350
3719 8965 14358
14358 3719 8965
8965 3719 14358
2758 125 9546
9546 125 2758
125 2758 9546
2384 2237 5673
5673 2237 2384
2237 2384 5673
4346 3330 6508
6508 3330 4346
3330 4346 6508
14179 6317 9735
9735 6317 14179
6317 9735 14179
9281 12436 14318
12436 9281 14318
14318 9281 12436
2464 2483 4292
4292 2464 2483
2483 2464 4292
9255 5609 13080
5609 9255 13080
13080 5609 9255
14023 7932 8668
8668 7932 14023
7932 8668 14023
13966 5486 6873
5486 6873 13966
6873 5486 13966
14058 7144 14755
7144 14058 14755
14755 7144 14058
10103 553 9556
9556 553 10103
553 9556 10103
4917 1601 4177
4177 1601 4917
1601 4177 4917
3552 780 13728
13728 780 3552
780 3552 13728
1268 8699 14079
8699 1268 14079
14079 1268 8699
10524 3762 8328
3762 8328 10524
8328 3762 10524
3847 10932 13255
13255 3847 10932
10932 3847 13255
3044 4085 13664
4085 3044 13664
13664 3044 4085
10564 1177 10199
1177 10199 10564
10199 1177 10564
14785 1915 6058
1915 6058 14785
6058 1915 14785
1424 5606 6721
5606 1424 6721
6721 1424 5606
3621 3904 8611
8611 3621 3904
3904 3621 8611
2348 3427 14717
14717 2348 3427
3427 2348 14717
1943 6126 11683
6126 1943 11683
11683 1943 6126
14708 3835 6354
6354 3835 14708
3835 6354 14708
11805 11907 13892
11907 11805 13892
13892 11805 11907
871 7490 11138
11138 871 7490
7490 871 11138
14617 4215 13381
4215 13381 14617
13381 4215 14617
14543 1149 14277
14277 1149 14543
1149 14277 14543
9196 3533 6783
3533 6783 9196
6783 3533 9196
7530 2579 5134
2579 5134 7530
5134 2579 7530
2383 7892 8268
7892 2383 8268
8268 2383 7892
10076 5858 10748
5858 10076 10748
10748 5858 10076
9873 8700 10307
10307 8700 9873
8700 9873 10307
8325 9604 10015
10015 8325 9604
9604 8325 10015
3780 8852 9503
8852 3780 9503
9503 3780 8852
10053 633 2864
2864 633 10053
633 2864 10053
5626 4498 12070
12070 4498 5626
4498 5626 12070
4806 10770 12701
12701 4806 10770
10770 4806 12701
2985 7283 7755
7283 2985 7755
7755 2985 7283
9988 13791 14560
13791 9988 14560
14560 9988 13791
7389 1490 13701
1490 7389 13701
13701 1490 7389
9705 4705 14380
14380 4705 9705
4705 9705 14380
3685 7461 11313
11313 3685 7461
7461 3685 11313
14360 80 7422
80 7422 14360
7422 80 14360
12640 7051 11806
11806 7051 12640
7051 11806 12640
2418 1763 2229
1763 2229 2418
2229 1763 2418
14900 2894 4235
2894 4235 14900
4235 2894 14900
14865 3037 10654
10654 3037 14865
3037 10654 14865
104 3810 5525
5525 104 3810
3810 104 5525
4221 796 2708
2708 796 4221
796 2708 4221
4359 7709 12503
12503 4359 7709
7709 4359 12503
5674 14331 14735
14735 5674 14331
14331 5674 14735
5171 12849 13099
13099 5171 12849
12849 5171 13099
2156 8274 14974
8274 2156 14974
14974 2156 8274
5911 4546 14845
14845 4546 5911
4546 5911 14845
12806 2481 9036
9036 2481 12806
2481 9036 12806
3909 1299 5465
5465 1299 3909
1299 3909 5465
1089 7628 8344
7628 1089 8344
8344 1089 7628
2363 1560 10098
10098 1560 2363
1560 2363 10098
2885 584 6956
6956 584 2885
584 2885 6956
1608 4999 13108
4999 1608 13108
13108 1608 4999
10294 10760 12489
10760 10294 12489
12489 10294 10760
1676 8404 9227
8404 1676 9227
9227 1676 8404
9926 823 11778
11778 823 9926
823 9926 11778
2892 4480 10827
10827 2892 4480
4480 2892 10827
11684 10702 12106
12106 10702 11684
10702 11684 12106
12034 4610 7764
7764 4610 12034
4610 7764 12034
10809 2067 4880
2067 4880 10809
4880 2067 10809
14911 4195 11586
11586 4195 14911
4195 11586 14911
9122 6803 9942
6803 9122 9942
9942 6803 9122
6705 8527 14644
8527 6705 14644
14644 6705 8527
14699 11955 14979
11955 14699 14979
14979 11955 14699
3697 2877 13578
2877 3697 13578
13578 2877 3697
13297 1897 6385
6385 1897 13297
1897 6385 13297
7700 10905 13337
13337 7700 10905
10905 7700 13337
9616 10309 12935
10309 9616 12935
12935 9616 10309
6916 11185 12482
11185 6916 12482
12482 6916 11185
11882 5994 13180
5994 11882 13180
13180 5994 11882
11221 5089 8106
8106 5089 11221
5089 8106 11221
4303 2631 12080
12080 2631 4303
2631 4303 12080
10903 67 15000
15000 67 10903
67 10903 15000
966 146 1043
1043 146 966
146 966 1043
14904 1223 7963
1223 7963 14904
7963 1223 14904
13496 3927 14373
14373 3927 13496
3927 13496 14373
3465 4884 5951
5951 3465 4884
4884 3465 5951
13438 2034 13965
13965 2034 13438
2034 13438 13965
1171 6747 8218
8218 1171 6747
6747 1171 8218
7981 6030 9127
9127 6030 7981
6030 7981 9127
13237 6742 14006
6742 13237 14006
14006 6742 13237
8020 2053 5076
2053 5076 8020
5076 2053 8020
1496 8519 14908
14908 1496 8519
8519 1496 14908
13083 423 10368
10368 423 13083
423 10368 13083
7275 10828 11192
11192 7275 10828
10828 7275 11192
6029 2878 6353
2878 6029 6353
6353 2878 6029
14846 6811 7638
6811 7638 14846
7638 6811 14846
8663 1297 6379
6379 1297 8663
1297 6379 8663
13521 392 13645
392 13521 13645
13645 392 13521
409 8970 13789
8970 409 13789
13789 409 8970
10214 13544 13685
13685 10214 13544
13544 10214 13685
9134 3814 8351
3814 8351 9134
8351 3814 9134
4424 1606 9347
9347 1606 4424
1606 4424 9347
11986 9865 13202
13202 9865 11986
9865 11986 13202
10301 1477 7464
7464 1477 10301
1477 7464 10301
2407 405 1783
1783 405 2407
405 1783 2407
7531 1558 11256
11256 1558 7531
1558 7531 11256
9120 2405 3036
2405 3036 9120
3036 2405 9120
5419 3238 5105
3238 5105 5419
5105 3238 5419
6111 6435 7333
6435 6111 7333
7333 6111 6435
11497 8480 10556
8480 10556 11497
10556 8480 11497
1377 1812 3502
1812 1377 3502
3502 1377 1812
10491 128 548
548 128 10491
128 548 10491
11987 379 4181
379 4181 11987
4181 379 11987
13531 2107 2457
2457 2107 13531
2107 2457 13531
3962 132 2534
132 2534 3962
2534 132 3962
13614 8319 12246
8319 12246 13614
12246 8319 13614
8279 13477 14456
13477 8279 14456
14456 8279 13477
14823 11010 13038
13038 11010 14823
11010 13038 14823
3864 2084 12082
12082 2084 3864
2084 3864 12082
32 2745 9858
2745 32 9858
9858 32 2745
10775 3700 4485
4485 3700 10775
3700 4485 10775
5454 569 3752
569 3752 5454
3752 569 5454
4766 5441 7424
7424 4766 5441
5441 4766 7424
10249 3562 3949
3562 3949 10249
3949 3562 10249
1881 13488 14050
13488 1881 14050
14050 1881 13488
12092 1344 12893
1344 12092 12893
12893 1344 12092
8739 7358 10825
10825 7358 8739
7358 8739 10825
14073 3077 10383
10383 3077 14073
3077 10383 14073
7772 11593 14214
11593 7772 14214
14214 7772 11593
5605 337 4159
4159 337 5605
337 4159 5605
12752 797 2833
797 2833 12752
2833 797 12752
13098 1652 10842
10842 1652 13098
1652 10842 13098
246 11128 13014
11128 246 13014
13014 246 11128
12412 3395 14827
14827 3395 12412
3395 12412 14827
13841 7549 8558
8558 7549 13841
7549 8558 13841
10811 5467 13641
5467 10811 13641
13641 5467 10811
3385 3589 7161
3589 3385 7161
7161 3385 3589
5542 5093 8308
5093 5542 8308
8308 5093 5542
8674 8488 14892
14892 8488 8674
8488 8674 14892
7680 1042 4054
4054 1042 7680
1042 4054 7680
2680 268 14878
268 2680 14878
14878 268 2680
3240 881 9947
881 3240 9947
9947 881 3240
2972 13084 13597
13084 2972 13597
13597 2972 13084
12323 2904 7870
2904 7870 12323
7870 2904 12323
3247 2133 10177
2133 3247 10177
10177 2133 3247
4954 4463 14973
4463 4954 14973
14973 4463 4954
9328 9153 10322
10322 9153 9328
9153 9328 10322
6052 8192 11393
8192 6052 11393
11393 6052 8192
6136 3252 6708
3252 6136 6708
6708 3252 6136
6250 9623 13692
9623 6250 13692
13692 6250 9623
6765 10522 14098
10522 6765 14098
14098 6765 10522
1596 12521 14642
12521 1596 14642
14642 1596 12521
11194 336 10619
336 10619 11194
10619 336 11194
13414 5299 8687
8687 5299 13414
5299 8687 13414
3581 2715 13017
13017 2715 3581
2715 3581 13017
4207 150 12558
150 4207 12558
12558 150 4207
7288 1983 14418
14418 1983 7288
1983 7288 14418
508 332 9920
9920 332 508
332 508 9920
14515 1815 8612
1815 8612 14515
8612 1815 14515
1877 6025 6794
6794 1877 6025
6025 1877 6794
6263 1436 7905
7905 1436 6263
1436 6263 7905
11255 3630 12568
3630 11255 12568
12568 3630 11255
3667 2622 8587
2622 3667 8587
8587 2622 3667
14797 1767 6823
1767 6823 14797
6823 1767 14797
13450 9 10575
9 10575 13450
10575 9 13450
4016 775 13155
13155 775 4016
775 4016 13155
9448 6179 8055
8055 6179 9448
6179 8055 9448
9119 4653 7548
4653 7548 9119
7548 4653 9119
7332 5669 9874
9874 5669 7332
5669 7332 9874
4677 2554 7832
7832 2554 4677
2554 4677 7832
4914 1274 10163
10163 1274 4914
1274 4914 10163
11456 12868 13673
13673 11456 12868
12868 11456 13673
4866 2009 5760
2009 4866 5760
5760 2009 4866
5988 4218 14506
4218 5988 14506
14506 4218 5988
12335 6583 8250
8250 6583 12335
6583 8250 12335
8926 4078 12926
12926 4078 8926
4078 8926 12926
13205 5185 6959
6959 5185 13205
5185 6959 13205
12382 8306 10888
10888 8306 12382
8306 10888 12382
12450 395 9509
9509 395 12450
395 9509 12450
485 6443 13694
6443 485 13694
13694 485 6443
7562 1686 7681
7681 1686 7562
1686 7562 7681
9367 1347 10494
1347 9367 10494
10494 1347 9367
12576 1346 8175
1346 8175 12576
8175 1346 12576
7595 208 6395
208 6395 7595
6395 208 7595
9690 3446 7212
7212 3446 9690
3446 7212 9690
1938 7350 14242
7350 1938 14242
14242 1938 7350
2397 449 3086
449 2397 3086
3086 449 2397
6592 4002 9098
4002 6592 9098
9098 4002 6592
10488 3049 5478
3049 5478 10488
5478 3049 10488
3984 709 4660
4660 709 3984
709 3984 4660
2564 6470 12453
12453 2564 6470
6470 2564 12453
13317 1971 12310
12310 1971 13317
1971 12310 13317
5285 5391 6469
6469 5285 5391
5391 5285 6469
1432 2101 13191
13191 1432 2101
2101 1432 13191
5336 3324 7728
3324 5336 7728
7728 3324 5336
6657 13537 14046
13537 6657 14046
14046 6657 13537
11978 5375 10699
5375 10699 11978
10699 5375 11978
1253 8180 13927
8180 1253 13927
13927 1253 8180
1667 2179 3981
2179 1667 3981
3981 1667 2179
11861 8340 12976
8340 11861 12976
12976 8340 11861
5281 8693 8834
8834 5281 8693
8693 5281 8834
2141 2262 6234
6234 2141 2262
2262 2141 6234
11320 1745 10280
1745 10280 11320
10280 1745 11320
7694 3407 14339
14339 3407 7694
3407 7694 14339
3428 2015 11333
2015 3428 11333
11333 2015 3428
10164 6166 9779
6166 9779 10164
9779 6166 10164
13726 8386 11177
11177 8386 13726
8386 11177 13726
7472 1610 13345
1610 7472 13345
13345 1610 7472
2286 2923 11451
2923 2286 11451
11451 2286 2923
10791 353 13109
353 10791 13109
13109 353 10791
9349 20 11231
20 9349 11231
11231 20 9349
14469 305 14381
14381 305 14469
305 14381 14469
136 3698 7993
7993 136 3698
3698 136 7993
7535 1898 9061
9061 1898 7535
1898 7535 9061
3496 2818 2919
2818 2919 3496
2919 2818 3496
2785 5495 9238
5495 2785 9238
9238 2785 5495
7086 2613 6986
2613 6986 7086
6986 2613 7086
10832 3205 14595
14595 3205 10832
3205 10832 14595
8862 1167 6593
6593 1167 8862
1167 6593 8862
11657 1738 14884
14884 1738 11657
1738 11657 14884
9172 273 9646
273 9172 9646
9646 273 9172
12760 5876 12829
5876 12760 12829
12829 5876 12760
4912 1024 4848
4848 1024 4912
1024 4848 4912
7536 1006 13630
13630 1006 7536
1006 7536 13630
10354 11113 14626
14626 10354 11113
11113 10354 14626
5989 4702 8776
4702 5989 8776
8776 4702 5989
1544 7127 13735
13735 1544 7127
7127 1544 13735
7130 319 9552
9552 319 7130
319 7130 9552
13499 849 6070
6070 849 13499
849 6070 13499
7271 14369 14572
14369 7271 14572
14572 7271 14369
14264 1441 6723
1441 6723 14264
6723 1441 14264
14971 526 2209
2209 526 14971
526 2209 14971
5123 3381 14497
3381 5123 14497
14497 3381 5123
1096 8818 13795
8818 1096 13795
13795 1096 8818
3182 4150 7100
4150 3182 7100
7100 3182 4150
8346 4094 13710
13710 4094 8346
4094 8346 13710
11505 4231 12481
4231 11505 12481
12481 4231 11505
68 3068 10946
10946 68 3068
3068 68 10946
7002 4250 14030
14030 4250 7002
4250 7002 14030
4155 2124 14954
2124 4155 14954
14954 2124 4155
9877 11092 11543
11092 9877 11543
11543 9877 11092
8118 8499 11638
11638 8118 8499
8499 8118 11638
3486 2459 14180
14180 2459 3486
2459 3486 14180
1805 3527 7736
3527 1805 7736
7736 1805 3527
6687 2603 11227
2603 6687 11227
11227 2603 6687
8197 8573 14301
14301 8197 8573
8573 8197 14301
4308 3157 3441
3157 3441 4308
3441 3157 4308
11636 6829 10150
10150 6829 11636
6829 10150 11636
2504 11142 13695
11142 2504 13695
13695 2504 11142
12742 8333 8637
8637 8333 12742
8333 8637 12742
357 10986 11975
11975 357 10986
10986 357 11975
478 1700 11823
11823 478 1700
1700 478 11823
1469 11044 11686
11044 1469 11686
11686 1469 11044
9166 11957 14018
11957 9166 14018
14018 9166 11957
9539 1331 5031
1331 5031 9539
5031 1331 9539
5051 4294 8495
4294 5051 8495
8495 4294 5051
7706 2440 11615
2440 7706 11615
11615 2440 7706
12862 6404 11174
6404 11174 12862
11174 6404 12862
11476 7330 7380
7380 7330 11476
7330 7380 11476
7939 8662 13375
8662 7939 13375
13375 7939 8662
8736 6506 12326
6506 8736 12326
12326 6506 8736
11849 252 5863
5863 252 11849
252 5863 11849
9627 2267 9352
2267 9352 9627
9352 2267 9627
1457 4377 10248
10248 1457 4377
4377 1457 10248
12433 825 8341
825 8341 12433
8341 825 12433
4267 11500 13176
13176 4267 11500
11500 4267 13176
6678 1586 11678
11678 1586 6678
1586 6678 11678
9445 10553 13379
13379 9445 10553
10553 9445 13379
2611 5842 11424
11424 2611 5842
5842 2611 11424
5409 5404 7992
5404 5409 7992
7992 5404 5409
10279 1033 5172
5172 1033 10279
1033 5172 10279
2318 6515 13212
6515 2318 13212
13212 2318 6515
3435 9415 10041
9415 3435 10041
10041 3435 9415
9724 5649 9866
5649 9724 9866
9866 5649 9724
13746 29 5426
29 5426 13746
5426 29 13746
7452 5475 8041
5475 7452 8041
8041 5475 7452
7865 4393 5284
4393 5284 7865
5284 4393 7865
9781 2530 3149
3149 2530 9781
2530 3149 9781
7192 2515 13462
2515 7192 13462
13462 2515 7192
5115 2178 2879
2879 2178 5115
2178 2879 5115
13140 1450 2880
2880 1450 13140
1450 2880 13140
6886 3152 14182
3152 6886 14182
14182 3152 6886
3699 176 974
974 176 3699
176 974 3699
2847 4426 9801
9801 2847 4426
4426 2847 9801
472 3133 13350
3133 472 13350
13350 472 3133
3497 2486 14152
14152 2486 3497
2486 3497 14152
8560 5603 13443
5603 8560 13443
13443 5603 8560
4656 7274 13357
13357 4656 7274
7274 4656 13357
3249 897 13598
13598 897 3249
897 3249 13598
12645 2706 13410
2706 12645 13410
13410 2706 12645
13504 11264 13801
13801 11264 13504
11264 13504 13801
443 7060 12918
7060 443 12918
12918 443 7060
4720 5346 14505
14505 4720 5346
5346 4720 14505
8712 287 9368
287 8712 9368
9368 287 8712
11569 14353 14663
14663 11569 14353
14353 11569 14663
13778 3209 4560
3209 4560 13778
4560 3209 13778
3320 312 7028
312 3320 7028
7028 312 3320
2511 12886 14304
12886 2511 14304
14304 2511 12886
7255 389 6371
389 6371 7255
6371 389 7255
13629 2316 12907
12907 2316 13629
2316 12907 13629
1374 5640 6174
6174 1374 5640
5640 1374 6174
1572 6580 7074
6580 1572 7074
7074 1572 6580
6358 6237 10154
10154 6237 6358
6237 6358 10154
5085 1871 13395
13395 1871 5085
1871 5085 13395
5059 11461 12578
11461 5059 12578
12578 5059 11461
3342 1662 2011
1662 2011 3342
2011 1662 3342
2199 6642 7066
7066 2199 6642
6642 2199 7066
9284 6644 8157
8157 6644 9284
6644 8157 9284
14795 4115 10603
4115 10603 14795
10603 4115 14795
1443 3418 11706
11706 1443 3418
3418 1443 11706
6796 5092 11617
5092 6796 11617
11617 5092 6796
3079 3159 12854
12854 3079 3159
3159 3079 12854
19 6266 12709
6266 19 12709
12709 19 6266
10840 2393 3828
3828 2393 10840
2393 3828 10840
13510 4783 14723
4783 13510 14723
14723 4783 13510
8073 3339 3504
3504 3339 8073
3339 3504 8073
5763 2987 11718
2987 5763 11718
11718 2987 5763
2946 3460 3805
3805 2946 3460
3460 2946 3805
10293 8439 9195
9195 8439 10293
8439 9195 10293
4332 5618 7631
7631 4332 5618
5618 4332 7631
7432 3743 9721
9721 3743 7432
3743 7432 9721
3074 3024 11903
11903 3024 3074
3024 3074 11903
12015 4507 5853
5853 4507 12015
4507 5853 12015
1485 8984 9768
8984 1485 9768
9768 1485 8984
5707 406 10975
10975 406 5707
406 5707 10975
6722 11489 14401
11489 6722 14401
14401 6722 11489
4188 7253 12267
12267 4188 7253
7253 4188 12267
12877 3675 9028
9028 3675 12877
3675 9028 12877
1854 4105 7883
4105 1854 7883
7883 1854 4105
4542 10308 14527
14527 4542 10308
10308 4542 14527
6928 1645 5173
1645 5173 6928
5173 1645 6928
9003 9681 12157
9681 9003 12157
12157 9003 9681
8671 7504 14434
7504 8671 14434
14434 7504 8671
8463 1595 4302
1595 4302 8463
4302 1595 8463
5985 9406 9565
9406 5985 9565
9565 5985 9406
2763 8856 9513
8856 2763 9513
9513 2763 8856
2018 816 1232
816 1232 2018
1232 816 2018
9919 1122 3783
1122 3783 9919
3783 1122 9919
1735 3846 8928
8928 1735 3846
3846 1735 8928
13654 6118 9991
9991 6118 13654
6118 9991 13654
8321 10045 11868
11868 8321 10045
10045 8321 11868
7477 2667 3135
2667 3135 7477
3135 2667 7477
13490 8069 9820
9820 8069 13490
8069 9820 13490
4442 335 3271
3271 335 4442
335 3271 4442
7952 5212 11125
5212 7952 11125
11125 5212 7952
12443 2540 11597
11597 2540 12443
2540 11597 12443
344 8619 11148
11148 344 8619
8619 344 11148
1076 3518 12074
3518 1076 12074
12074 1076 3518
9788 4239 5487
5487 4239 9788
4239 5487 9788
8574 10014 14498
14498 8574 10014
10014 8574 14498
2709 3466 7305
7305 2709 3466
3466 2709 7305
12172 11277 11611
11611 11277 12172
11277 11611 12172
1942 5356 14199
14199 1942 5356
5356 1942 14199
939 2580 11620
11620 939 2580
2580 939 11620
973 9446 14155
14155 973 9446
9446 973 14155
4258 2187 11852
2187 4258 11852
11852 2187 4258
777 11064 11607
11064 777 11607
11607 777 11064
7023 2214 11894
11894 2214 7023
2214 7023 11894
646 6119 6306
6119 646 6306
6306 646 6119
2080 3893 7476
3893 2080 7476
7476 2080 3893
12261 6517 9146
6517 9146 12261
9146 6517 12261
1862 1065 13363
13363 1065 1862
1065 1862 13363
4687 5574 14328
5574 4687 14328
14328 4687 5574
14142 9189 11992
9189 11992 14142
11992 9189 14142
5824 8318 12210
8318 5824 12210
12210 5824 8318
6100 3357 14542
14542 3357 6100
3357 6100 14542
14032 5322 6189
5322 6189 14032
6189 5322 14032
9216 4633 10146
10146 4633 9216
4633 9216 10146
38 975 8288
8288 38 975
975 38 8288
7790 8741 12318
8741 7790 12318
12318 7790 8741
3932 3239 8228
3239 3932 8228
8228 3239 3932
13907 1717 13999
1717 13907 13999
13999 1717 13907
11266 10000 14065
14065 10000 11266
10000 11266 14065
4555 3379 10763
3379 4555 10763
10763 3379 4555
9496 1707 3815
3815 1707 9496
1707 3815 9496
2188 7930 10229
7930 2188 10229
10229 2188 7930
4090 5207 7208
7208 4090 5207
5207 4090 7208
2874 4112 6046
4112 2874 6046
6046 2874 4112
11348 5345 8763
8763 5345 11348
5345 8763 11348
8278 7601 13089
7601 8278 13089
13089 7601 8278
10467 5896 9016
5896 9016 10467
9016 5896 10467
4817 1080 8061
8061 1080 4817
1080 4817 8061
115 1740 14658
1740 115 14658
14658 115 1740
11933 5877 7406
5877 7406 11933
7406 5877 11933
12598 2336 5703
5703 2336 12598
2336 5703 12598
12029 4992 9312
9312 4992 12029
4992 9312 12029
14496 2236 2471
2236 2471 14496
2471 2236 14496
7843 5671 7024
5671 7024 7843
7024 5671 7843
8013 10568 10745
10745 8013 10568
10568 8013 10745
13197 9355 14274
9355 13197 14274
14274 9355 13197
4500 2445 6286
2445 4500 6286
6286 2445 4500
14569 8473 11677
11677 8473 14569
8473 11677 14569
2687 10310 12501
10310 2687 12501
12501 2687 10310
9065 10754 13468
13468 9065 10754
10754 9065 13468
3432 4751 9360
9360 3432 4751
4751 3432 9360
3230 6120 9492
6120 3230 9492
9492 3230 6120
8655 6296 8435
8435 6296 8655
6296 8435 8655
3597 5717 13568
13568 3597 5717
5717 3597 13568
8843 4165 5778
5778 4165 8843
4165 5778 8843
4693 284 11152
284 4693 11152
11152 284 4693
14548 2821 13032
13032 2821 14548
2821 13032 14548
14322 2404 4530
4530 2404 14322
2404 4530 14322
8419 8402 9960
8402 8419 9960
9960 8402 8419
6643 836 13853
836 6643 13853
13853 836 6643
5017 14679 14926
14926 5017 14679
14679 5017 14926
8216 12678 14656
14656 8216 12678
12678 8216 14656
13906 7240 14781
7240 13906 14781
14781 7240 13906
9206 1573 7568
7568 1573 9206
1573 7568 9206
3233 3605 6348
6348 3233 3605
3605 3233 6348
71 6091 10555
6091 71 10555
10555 71 6091
11725 122 5060
122 5060 11725
5060 122 11725
11717 7537 11571
11571 7537 11717
7537 11571 11717
10866 4854 11538
4854 10866 11538
11538 4854 10866
1592 5226 12740
12740 1592 5226
5226 1592 12740
10675 3959 13227
3959 10675 13227
13227 3959 10675
5347 425 11625
11625 425 5347
425 5347 11625
8548 5712 6343
6343 5712 8548
5712 6343 8548
1612 4637 11327
11327 1612 4637
4637 1612 11327
1174 5696 13981
13981 1174 5696
5696 1174 13981
6300 3716 12280
3716 6300 12280
12280 3716 6300
9327 570 7900
570 7900 9327
7900 570 9327
331 6758 11558
6758 331 11558
11558 331 6758
11166 6093 11005
6093 11005 11166
11005 6093 11166
9897 5209 7830
7830 5209 9897
5209 7830 9897
313 92 4774
92 313 4774
4774 92 313
12746 4671 5666
4671 5666 12746
5666 4671 12746
5881 6663 11258
11258 5881 6663
6663 5881 11258
5450 444 13085
13085 444 5450
444 5450 13085
980 5645 9882
5645 980 9882
9882 980 5645
11318 2588 7285
7285 2588 11318
2588 7285 11318
73 11967 12879
11967 73 12879
12879 73 11967
1503 46 7421
46 1503 7421
7421 46 1503
4873 374 10391
374 4873 10391
10391 374 4873
10822 518 3802
518 3802 10822
3802 518 10822
4357 4764 10018
10018 4357 4764
4764 4357 10018
3944 9022 10674
9022 3944 10674
10674 3944 9022
12553 1589 12465
12465 1589 12553
1589 12465 12553
11956 1003 12943
1003 11956 12943
12943 1003 11956
4549 5906 5987
5906 4549 5987
5987 4549 5906
5650 784 7469
784 5650 7469
7469 784 5650
8725 1851 3273
1851 3273 8725
3273 1851 8725
6158 2746 12145
12145 2746 6158
2746 6158 12145
6550 6262 14303
14303 6262 6550
6262 6550 14303
5446 5146 13425
13425 5146 5446
5146 5446 13425
14484 5208 7945
5208 7945 14484
7945 5208 14484
14026 2435 10002
2435 10002 14026
10002 2435 14026
14885 2322 5376
5376 2322 14885
2322 5376 14885
486 3383 5865
3383 486 5865
5865 486 3383
11124 9842 14363
14363 9842 11124
9842 11124 14363
7642 6961 13821
6961 7642 13821
13821 6961 7642
9329 13816 14416
14416 9329 13816
13816 9329 14416
8801 12329 14697
14697 8801 12329
12329 8801 14697
7381 8949 13989
8949 7381 13989
13989 7381 8949
1747 6087 10894
10894 1747 6087
6087 1747 10894
3731 1878 10805
1878 3731 10805
10805 1878 3731
12019 6460 10882
6460 10882 12019
10882 6460 12019
3416 2637 2851
2851 2637 3416
2637 2851 3416
2272 7038 7394
7394 2272 7038
7038 2272 7394
2995 9846 13116
9846 2995 13116
13116 2995 9846
12250 1109 4524
1109 4524 12250
4524 1109 12250
2005 334 4597
4597 334 2005
334 2005 4597
1634 2641 7836
7836 1634 2641
2641 1634 7836
2776 6336 11889
11889 2776 6336
6336 2776 11889
6801 9477 12878
12878 6801 9477
9477 6801 12878
1355 3089 10969
3089 1355 10969
10969 1355 3089
9538 8775 11452
11452 8775 9538
8775 9538 11452
13602 12675 14724
14724 12675 13602
12675 13602 14724
2572 341 7529
341 2572 7529
7529 341 2572
13834 10657 13942
10657 13834 13942
13942 10657 13834
4589 4661 6984
6984 4589 4661
4661 4589 6984
799 721 4076
4076 721 799
721 799 4076
2867 7436 14793
14793 2867 7436
7436 2867 14793
14468 778 2970
778 2970 14468
2970 778 14468
7475 10345 11285
11285 7475 10345
10345 7475 11285
14336 5930 10496
5930 10496 14336
10496 5930 14336
10262 2907 9155
2907 9155 10262
9155 2907 10262
1334 13563 14895
14895 1334 13563
13563 1334 14895
13888 12515 14561
12515 13888 14561
14561 12515 13888
9797 938 10567
938 9797 10567
10567 938 9797
832 9423 14071
14071 832 9423
9423 832 14071
1935 641 13388
13388 641 1935
641 1935 13388
8540 5476 10180
10180 5476 8540
5476 8540 10180
10817 9413 10251
9413 10251 10817
10251 9413 10817
9465 604 6727
6727 604 9465
604 6727 9465
11100 5498 13245
13245 5498 11100
5498 11100 13245
7383 4512 12457
12457 4512 7383
4512 7383 12457
14550 5483 12144
12144 5483 14550
5483 12144 14550
3768 3726 5312
3726 3768 5312
5312 3726 3768
4029 2275 12509
2275 4029 12509
12509 2275 4029
4519 8643 12805
8643 4519 12805
12805 4519 8643
4865 6930 10652
10652 4865 6930
6930 4865 10652
8115 1577 7263
7263 1577 8115
1577 7263 8115
9084 5974 7335
7335 5974 9084
5974 7335 9084
14841 1722 13788
13788 1722 14841
1722 13788 14841
14603 295 10080
295 10080 14603
10080 295 14603
6315 4161 6601
4161 6315 6601
6601 4161 6315
12420 5553 11931
5553 11931 12420
11931 5553 12420
14839 1091 10683
10683 1091 14839
1091 10683 14839
8212 985 13555
985 8212 13555
13555 985 8212
14757 9617 13751
9617 13751 14757
13751 9617 14757
5857 1257 10993
10993 1257 5857
1257 5857 10993
465 6089 7340
6089 465 7340
7340 465 6089
7748 9836 13186
13186 7748 9836
9836 7748 13186
13207 376 12583
376 12583 13207
12583 376 13207
14312 1321 3366
3366 1321 14312
1321 3366 14312
8656 3380 10928
3380 8656 10928
10928 3380 8656
10326 5449 13822
5449 10326 13822
13822 5449 10326
11457 2436 2900
2436 2900 11457
2900 2436 11457
2861 1713 2279
1713 2279 2861
2279 1713 2861
10469 858 7616
7616 858 10469
858 7616 10469
9591 4358 7306
4358 7306 9591
7306 4358 9591
4060 12251 13285
12251 4060 13285
13285 4060 12251
7565 1796 10676
10676 1796 7565
1796 7565 10676
330 7081 7095
7095 330 7081
7081 330 7095
3861 8097 13286
8097 3861 13286
13286 3861 8097
8585 1743 3642
3642 1743 8585
1743 3642 8585
610 4336 9043
9043 610 4336
4336 610 9043
1656 6923 14176
14176 1656 6923
6923 1656 14176
12312 8822 10848
10848 8822 12312
8822 10848 12312
139 1514 13396
13396 139 1514
1514 139 13396
8717 4727 9432
9432 4727 8717
4727 8717 9432
2063 2475 3299
2475 2063 3299
3299 2063 2475
222 6786 7226
6786 222 7226
7226 222 6786
14012 7496 10024
10024 7496 14012
7496 10024 14012
5783 7217 14225
14225 5783 7217
7217 5783 14225
4341 3146 3508
3508 3146 4341
3146 3508 4341
5794 7259 13756
13756 5794 7259
7259 5794 13756
14085 11122 12809
12809 11122 14085
11122 12809 14085
1567 12923 13825
12923 1567 13825
13825 1567 12923
673 3290 4068
3290 673 4068
4068 673 3290
5810 1950 7207
7207 1950 5810
1950 5810 7207
10193 7312 9358
7312 9358 10193
9358 7312 10193
9351 3730 13951
3730 9351 13951
13951 3730 9351
7235 4864 5997
5997 4864 7235
4864 5997 7235
3051 243 4000
4000 243 3051
243 3051 4000
3901 2797 11056
11056 2797 3901
2797 3901 11056
818 7121 12851
7121 818 12851
12851 818 7121
11515 7878 14397
14397 7878 11515
7878 11515 14397
5007 4227 11121
4227 5007 11121
11121 4227 5007
7412 1857 6051
6051 1857 7412
1857 6051 7412
13069 10290 13284
10290 13069 13284
13284 10290 13069
1017 2790 4890
4890 1017 2790
2790 1017 4890
11462 1779 8092
8092 1779 11462
1779 8092 11462
11213 1255 10399
10399 1255 11213
1255 10399 11213
12787 5977 10316
5977 10316 12787
10316 5977 12787
11785 7413 10298
7413 10298 11785
10298 7413 11785
5692 1140 3668
3668 1140 5692
1140 3668 5692
12616 1073 14511
1073 12616 14511
14511 1073 12616
13338 894 6533
6533 894 13338
894 6533 13338
61 8976 13533
8976 61 13533
13533 61 8976
7486 6146 7750
6146 7486 7750
7750 6146 7486
12379 10349 13557
13557 10349 12379
10349 12379 13557
9957 2093 10357
10357 2093 9957
2093 9957 10357
12051 1183 2170
2170 1183 12051
1183 2170 12051
8641 1124 3894
3894 1124 8641
1124 3894 8641
10452 1285 8484
8484 1285 10452
1285 8484 10452
9362 10295 14047
14047 9362 10295
10295 9362 14047
12548 1475 7440
1475 7440 12548
7440 1475 12548
12759 9855 10087
9855 10087 12759
10087 9855 12759
12983 701 13476
13476 701 12983
701 12983 13476
8358 1890 6272
1890 6272 8358
6272 1890 8358
8586 6448 8844
6448 8586 8844
8844 6448 8586
6725 1034 5835
1034 5835 6725
5835 1034 6725
9215 5608 13405
13405 5608 9215
5608 9215 13405
5022 992 10291
10291 992 5022
992 5022 10291
9698 9976 11552
11552 9698 9976
9976 9698 11552
8298 8144 8979
8144 8298 8979
8979 8144 8298
11566 342 5718
342 5718 11566
5718 342 11566
10123 69 1777
1777 69 10123
69 1777 10123
12402 2263 12662
12662 2263 12402
2263 12402 12662
14200 5253 14502
14502 5253 14200
5253 14200 14502
4602 1967 12896
1967 4602 12896
12896 1967 4602
12506 3250 14317
3250 12506 14317
14317 3250 12506
13400 4582 6232
4582 6232 13400
6232 4582 13400
2260 1808 2968
2968 1808 2260
1808 2260 2968
5631 4499 13062
4499 5631 13062
13062 4499 5631
5417 4797 6338
6338 4797 5417
4797 5417 6338
1243 4192 7050
7050 1243 4192
4192 1243 7050
13757 7197 9986
7197 9986 13757
9986 7197 13757
4613 9163 11272
11272 4613 9163
9163 4613 11272
12572 6072 14913
14913 6072 12572
6072 12572 14913
3132 1462 13432
13432 1462 3132
1462 3132 13432
14963 12689 13579
13579 12689 14963
12689 13579 14963
4200 5106 14475
5106 4200 14475
14475 4200 5106
3251 7280 11111
7280 3251 11111
11111 3251 7280
6569 9612 10221
9612 6569 10221
10221 6569 9612
6976 12410 14760
12410 6976 14760
14760 6976 12410
203 9632 11046
9632 203 11046
11046 203 9632
13446 7688 10539
7688 10539 13446
10539 7688 13446
7752 8846 12078
8846 7752 12078
12078 7752 8846
7768 8070 10172
8070 7768 10172
10172 7768 8070
1395 385 10970
385 1395 10970
10970 385 1395
13192 1448 7919
7919 1448 13192
1448 7919 13192
11834 5681 12628
5681 11834 12628
12628 5681 11834
4130 4888 6258
6258 4130 4888
4888 4130 6258
10231 8779 13362
13362 8779 10231
8779 10231 13362
7468 1032 13454
1032 7468 13454
13454 1032 7468
3001 10518 11365
10518 3001 11365
11365 3001 10518
3617 2526 3964
2526 3617 3964
3964 2526 3617
9103 5573 12099
12099 5573 9103
5573 9103 12099
14346 9081 11257
9081 11257 14346
11257 9081 14346
5182 12060 14149
12060 5182 14149
14149 5182 12060
8867 1843 10069
10069 1843 8867
1843 8867 10069
10783 3396 12969
12969 3396 10783
3396 10783 12969
4669 12820 14024
14024 4669 12820
12820 4669 14024
3526 7771 10276
10276 3526 7771
7771 3526 10276
5813 5263 6242
5263 5813 6242
6242 5263 5813
10679 9687 14858
9687 10679 14858
14858 9687 10679
4968 479 7094
479 4968 7094
7094 479 4968
2128 5248 14256
14256 2128 5248
5248 2128 14256
9023 6755 8230
8230 6755 9023
6755 8230 9023
8048 438 8082
438 8048 8082
8082 438 8048
959 3669 12764
3669 959 12764
12764 959 3669
11623 134 11477
134 11477 11623
11477 134 11623
3179 7247 9447
9447 3179 7247
7247 3179 9447
9333 8601 14715
8601 9333 14715
14715 8601 9333
13046 3052 6275
6275 3052 13046
3052 6275 13046
7172 10436 12998
12998 7172 10436
10436 7172 12998
1427 10987 12122
12122 1427 10987
10987 1427 12122
14236 6391 7745
7745 6391 14236
6391 7745 14236
4290 1190 14614
1190 4290 14614
14614 1190 4290
7005 8242 12847
8242 7005 12847
12847 7005 8242
6950 7647 10694
10694 6950 7647
7647 6950 10694
8264 11101 13006
11101 8264 13006
13006 8264 11101
9851 10003 14798
10003 9851 14798
14798 9851 10003
8251 10532 10927
10532 8251 10927
10927 8251 10532
11033 1863 2599
1863 2599 11033
2599 1863 11033
1506 9100 13933
9100 1506 13933
13933 1506 9100
6748 5711 6201
6201 5711 6748
5711 6201 6748
14836 2850 3478
3478 2850 14836
2850 3478 14836
2327 9138 9841
9841 2327 9138
9138 2327 9841
4224 3727 11621
3727 4224 11621
11621 3727 4224
11999 9085 13030
13030 9085 11999
9085 11999 13030
11140 5832 11298
11298 5832 11140
5832 11140 11298
12118 2010 11017
11017 2010 12118
2010 11017 12118
5399 1048 9573
9573 1048 5399
1048 5399 9573
12617 5069 6600
5069 6600 12617
6600 5069 12617
3641 9408 11944
11944 3641 9408
9408 3641 11944
12882 4779 14750
14750 4779 12882
4779 12882 14750
9936 231 13044
231 9936 13044
13044 231 9936
9953 4782 6927
6927 4782 9953
4782 6927 9953
11629 3402 10456
10456 3402 11629
3402 10456 11629
1798 7670 13031
13031 1798 7670
7670 1798 13031
3216 1642 13479
13479 1642 3216
1642 3216 13479
12045 13232 13561
13232 12045 13561
13561 12045 13232
1990 872 7463
7463 872 1990
872 1990 7463
10799 2023 12132
12132 2023 10799
2023 10799 12132
13802 952 4197
4197 952 13802
952 4197 13802
14271 3848 13373
3848 13373 14271
13373 3848 14271
6991 9270 9915
9915 6991 9270
9270 6991 9915
4711 2345 7375
2345 4711 7375
7375 2345 4711
2477 9799 14077
14077 2477 9799
9799 2477 14077
8777 8312 13538
13538 8312 8777
8312 8777 13538
6913 4605 14490
14490 4605 6913
4605 6913 14490
12282 3924 7591
7591 3924 12282
3924 7591 12282
13118 3200 7140
7140 3200 13118
3200 7140 13118
5389 6161 9231
9231 5389 6161
6161 5389 9231
10049 1834 11694
11694 1834 10049
1834 10049 11694
10210 6388 11712
6388 10210 11712
11712 6388 10210
7395 9828 11421
11421 7395 9828
9828 7395 11421
932 5229 11337
5229 932 11337
11337 932 5229
5290 8142 14983
8142 5290 14983
14983 5290 8142
1518 5800 8510
5800 1518 8510
8510 1518 5800
14816 4813 11245
4813 11245 14816
11245 4813 14816
5148 471 4285
4285 471 5148
471 4285 5148
12354 7282 9313
9313 7282 12354
7282 9313 12354
617 902 2462
902 617 2462
2462 617 902
9670 1186 2956
2956 1186 9670
1186 2956 9670
1888 3304 9630
3304 1888 9630
9630 1888 3304
12058 2497 2780
2780 2497 12058
2497 2780 12058
7611 2978 12104
2978 7611 12104
12104 2978 7611
13935 1206 12588
12588 1206 13935
1206 12588 13935
12148 1574 12222
1574 12148 12222
12222 1574 12148
6575 1751 10208
10208 1751 6575
1751 6575 10208
6310 13787 13898
13898 6310 13787
13787 6310 13898
391 390 9330
9330 390 391
390 391 9330
12569 3281 11836
11836 3281 12569
3281 11836 12569
10576 4939 14968
4939 10576 14968
14968 4939 10576
349 5781 9952
9952 349 5781
5781 349 9952
12063 8608 9878
8608 9878 12063
9878 8608 12063
13609 1791 3954
1791 3954 13609
3954 1791 13609
9204 2197 9715
2197 9204 9715
9715 2197 9204
12371 2670 4368
2670 4368 12371
4368 2670 12371
1977 4117 7858
7858 1977 4117
4117 1977 7858
5724 8996 14536
8996 5724 14536
14536 5724 8996
13983 2245 7348
2245 7348 13983
7348 2245 13983
5440 5319 8689
8689 5319 5440
5319 5440 8689
3631 8532 13194
13194 3631 8532
8532 3631 13194
11297 6905 10366
6905 10366 11297
10366 6905 11297
9736 2113 9498
9498 2113 9736
2113 9498 9736
5776 690 4437
690 4437 5776
4437 690 5776
13611 2392 11919
11919 2392 13611
2392 11919 13611
4081 6075 14749
6075 4081 14749
14749 4081 6075
8588 5400 6227
5400 6227 8588
6227 5400 8588
6274 11084 11088
11088 6274 11084
11084 6274 11088
6243 880 1502
880 1502 6243
1502 880 6243
6980 2409 7810
7810 2409 6980
2409 6980 7810
5571 1705 8853
8853 1705 5571
1705 5571 8853
439 8046 14376
8046 439 14376
14376 439 8046
3534 428 13713
13713 428 3534
428 3534 13713
11493 8018 8850
8018 8850 11493
8850 8018 11493
11402 6780 12989
12989 6780 11402
6780 11402 12989
910 824 3652
3652 824 910
824 910 3652
7911 4048 4119
4119 4048 7911
4048 4119 7911
608 510 14775
14775 510 608
510 608 14775
12397 489 14258
14258 489 12397
489 12397 14258
9642 1484 3611
3611 1484 9642
1484 3611 9642
6555 8831 9310
8831 6555 9310
9310 6555 8831
6248 3560 8165
8165 3560 6248
3560 6248 8165
13666 1192 6820
1192 6820 13666
6820 1192 13666
3604 2527 12053
2527 3604 12053
12053 2527 3604
2319 2191 6735
6735 2191 2319
2191 2319 6735
9429 6102 8735
8735 6102 9429
6102 8735 9429
11109 14571 14912
14912 11109 14571
14571 11109 14912
11487 3887 8413
8413 3887 11487
3887 8413 11487
5932 14443 14544
14443 5932 14544
14544 5932 14443
11499 11599 14391
11599 11499 14391
14391 11499 11599
8182 5667 13184
5667 8182 13184
13184 5667 8182
5143 4686 9489
4686 5143 9489
9489 4686 5143
12068 4539 4974
4539 4974 12068
4974 4539 12068
10264 10133 11980
10133 10264 11980
11980 10133 10264
6586 157 6265
6265 157 6586
157 6265 6586
7860 3694 13696
13696 3694 7860
3694 7860 13696
589 6416 12988
6416 589 12988
12988 589 6416
4323 3800 8391
3800 4323 8391
8391 3800 4323
625 307 8795
307 625 8795
8795 307 625
2004 435 14976
435 2004 14976
14976 435 2004
10342 12713 13957
12713 10342 13957
13957 10342 12713
2604 9135 9589
9135 2604 9589
9589 2604 9135
8716 2333 3270
2333 3270 8716
3270 2333 8716
504 7607 13327
13327 504 7607
7607 504 13327
2589 1000 8628
8628 1000 2589
1000 2589 8628
1909 9578 13603
13603 1909 9578
9578 1909 13603
9621 1887 7164
7164 1887 9621
1887 7164 9621
11077 9990 11440
9990 11077 11440
11440 9990 11077
7185 5493 10459
10459 5493 7185
5493 7185 10459
14643 5430 10484
5430 10484 14643
10484 5430 14643
13175 540 1425
540 1425 13175
1425 540 13175
8615 1423 6165
1423 6165 8615
6165 1423 8615
3770 15 925
15 925 3770
925 15 3770
1241 706 6152
706 1241 6152
6152 706 1241
