897 1206 1225
1206 897 1225
1225 897 1206
275 940 1173
1173 275 940
940 275 1173
1413 146 928
928 146 1413
146 928 1413
147 426 919
919 147 426
426 147 919
48 997 1417
1417 48 997
997 48 1417
96 1163 1165
1165 96 1163
1163 96 1165
171 72 662
662 72 171
72 171 662
496 1277 1359
1277 496 1359
1359 496 1277
163 484 737
737 163 484
484 163 737
476 1183 1440
1440 476 1183
1183 476 1440
17 441 1071
1071 17 441
441 17 1071
592 125 189
125 189 592
189 125 592
237 153 678
153 237 678
678 153 237
786 715 1471
1471 715 786
715 786 1471
470 967 1073
1073 470 967
967 470 1073
963 142 1033
142 963 1033
1033 142 963
356 1058 1489
1058 356 1489
1489 356 1058
46 161 603
603 46 161
161 46 603
598 758 876
876 598 758
758 598 876
1149 124 321
124 321 1149
321 124 1149
62 1090 1454
1090 62 1454
1454 62 1090
1130 28 283
28 283 1130
283 28 1130
1195 1094 1299
1094 1195 1299
1299 1094 1195
1106 574 627
627 574 1106
574 627 1106
1396 745 1002
1002 745 1396
745 1002 1396
1419 1102 1157
1102 1157 1419
1157 1102 1419
1422 994 1300
994 1300 1422
1300 994 1422
364 543 913
913 364 543
543 364 913
102 1000 1330
1000 102 1330
1330 102 1000
650 1161 1439
1439 650 1161
1161 650 1439
1114 1037 1184
1037 1114 1184
1184 1037 1114
5 777 832
777 5 832
832 5 777
740 979 1189
1189 740 979
979 740 1189
73 782 1457
1457 73 782
782 73 1457
743 16 904
904 16 743
16 743 904
1190 1128 1254
1128 1190 1254
1254 1128 1190
820 103 1213
103 820 1213
1213 103 820
182 71 1308
1308 71 182
71 182 1308
959 541 943
943 541 959
541 943 959
1367 312 422
312 422 1367
422 312 1367
1091 1119 1144
1144 1091 1119
1119 1091 1144
816 53 304
53 304 816
304 53 816
1182 206 1068
1068 206 1182
206 1068 1182
518 412 1103
412 518 1103
1103 412 518
455 315 1230
1230 315 455
315 455 1230
482 157 1369
157 482 1369
1369 157 482
1237 311 1203
311 1203 1237
1203 311 1237
347 243 1405
243 347 1405
1405 243 347
595 686 903
903 595 686
686 595 903
839 1004 1243
1004 839 1243
1243 839 1004
1458 783 1080
1080 783 1458
783 1080 1458
556 1032 1092
1092 556 1032
1032 556 1092
487 11 251
11 251 487
251 11 487
421 22 272
22 272 421
272 22 421
83 806 945
945 83 806
806 83 945
152 218 1436
1436 152 218
218 152 1436
898 395 1481
1481 395 898
395 898 1481
324 128 611
128 324 611
611 128 324
923 702 1029
702 923 1029
1029 702 923
429 309 929
309 429 929
929 309 429
1099 411 941
941 411 1099
411 941 1099
1256 361 468
468 361 1256
361 468 1256
1199 1019 1132
1132 1019 1199
1019 1132 1199
202 184 818
184 202 818
818 184 202
784 113 290
290 113 784
113 290 784
265 203 1135
1135 203 265
203 265 1135
141 55 208
208 55 141
55 141 208
284 117 1140
1140 117 284
117 284 1140
68 396 425
396 68 425
425 68 396
30 668 1013
668 30 1013
1013 30 668
1264 367 899
367 899 1264
899 367 1264
949 52 1031
1031 52 949
52 949 1031
191 174 770
174 191 770
770 174 191
1446 236 1350
1350 236 1446
236 1350 1446
915 1288 1445
1288 915 1445
1445 915 1288
1468 473 590
590 473 1468
473 590 1468
1168 985 1410
1410 985 1168
985 1168 1410
1293 292 1467
1467 292 1293
292 1293 1467
144 489 1007
1007 144 489
489 144 1007
911 406 1129
406 911 1129
1129 406 911
279 472 1205
472 279 1205
1205 279 472
123 530 616
530 123 616
616 123 530
116 1049 1238
1049 116 1238
1238 116 1049
233 584 667
584 233 667
667 233 584
637 936 986
936 637 986
986 637 936
1460 42 120
42 120 1460
120 42 1460
1208 706 1435
1435 706 1208
706 1208 1435
490 718 1365
1365 490 718
718 490 1365
331 267 731
731 267 331
267 331 731
1062 520 1320
520 1062 1320
1320 520 1062
982 465 1181
465 982 1181
1181 465 982
1048 566 1193
566 1048 1193
1193 566 1048
773 641 1134
641 773 1134
1134 641 773
1179 444 536
444 536 1179
536 444 1179
1069 615 1017
1017 615 1069
615 1017 1069
1418 294 438
294 438 1418
438 294 1418
1028 135 1235
135 1028 1235
1235 135 1028
792 85 1404
1404 85 792
85 792 1404
901 609 1472
1472 609 901
609 901 1472
826 303 451
451 303 826
303 451 826
471 481 739
481 471 739
739 471 481
1105 1001 1233
1233 1001 1105
1001 1105 1233
587 842 983
842 587 983
983 587 842
1302 1292 1305
1292 1302 1305
1305 1292 1302
1412 397 583
583 397 1412
397 583 1412
1098 1391 1407
1407 1098 1391
1391 1098 1407
2 502 1492
502 2 1492
1492 2 502
334 138 950
138 334 950
950 138 334
503 652 856
856 503 652
652 503 856
1262 169 196
196 169 1262
169 196 1262
436 585 645
585 436 645
645 436 585
1381 80 822
822 80 1381
80 822 1381
620 278 689
278 620 689
689 278 620
1155 868 1236
1236 868 1155
868 1155 1236
99 659 869
659 99 869
869 99 659
1275 1269 1388
1388 1269 1275
1269 1275 1388
1253 12 687
12 687 1253
687 12 1253
145 610 1252
610 145 1252
1252 145 610
921 562 634
634 562 921
562 634 921
350 619 685
619 350 685
685 350 619
888 1006 1461
1006 888 1461
1461 888 1006
1229 477 722
722 477 1229
477 722 1229
732 752 958
752 732 958
958 732 752
703 392 775
775 392 703
392 703 775
947 359 368
368 359 947
359 368 947
1227 377 1383
377 1227 1383
1383 377 1227
286 680 1318
1318 286 680
680 286 1318
1263 369 981
369 981 1263
981 369 1263
1185 480 990
990 480 1185
480 990 1185
1290 644 736
644 736 1290
736 644 1290
1027 747 807
747 807 1027
807 747 1027
746 373 857
373 746 857
857 373 746
744 18 890
18 744 890
890 18 744
1426 8 1127
1127 8 1426
8 1127 1426
1089 121 789
121 789 1089
789 121 1089
430 29 1431
29 430 1431
1431 29 430
1274 45 323
45 323 1274
323 45 1274
910 803 1469
803 910 1469
1469 803 910
802 215 533
533 215 802
215 533 802
970 819 1078
1078 819 970
819 970 1078
1287 91 552
552 91 1287
91 552 1287
1196 143 515
515 143 1196
143 515 1196
847 250 382
250 382 847
382 250 847
1448 618 1273
618 1273 1448
1273 618 1448
307 621 1063
1063 307 621
621 307 1063
1427 442 1348
442 1348 1427
1348 442 1427
714 648 1109
1109 648 714
648 714 1109
1399 916 1336
916 1336 1399
1336 916 1399
1180 232 1464
1464 232 1180
232 1180 1464
1474 551 655
655 551 1474
551 655 1474
1072 863 1347
1347 863 1072
863 1072 1347
19 628 1101
628 19 1101
1101 19 628
212 167 333
333 167 212
167 212 333
384 246 1194
246 384 1194
1194 246 384
181 106 497
497 106 181
106 181 497
478 308 385
308 385 478
385 308 478
86 126 1423
1423 86 126
126 86 1423
1120 26 1082
1082 26 1120
26 1082 1120
823 1096 1301
1301 823 1096
1096 823 1301
984 306 922
922 306 984
306 922 984
1174 1077 1360
1077 1174 1360
1360 1077 1174
946 643 764
643 764 946
764 643 946
623 501 1226
501 623 1226
1226 501 623
555 310 1416
1416 310 555
310 555 1416
1408 104 631
631 104 1408
104 631 1408
1337 695 1152
1152 695 1337
695 1152 1337
861 674 788
788 674 861
674 788 861
176 418 1075
418 176 1075
1075 176 418
1244 962 1146
962 1146 1244
1146 962 1244
1316 544 965
544 965 1316
965 544 1316
790 767 1486
1486 767 790
767 790 1486
79 200 902
200 79 902
902 79 200
738 880 1280
1280 738 880
880 738 1280
1009 433 591
433 591 1009
591 433 1009
938 461 1160
1160 461 938
461 938 1160
1443 625 1384
1384 625 1443
625 1384 1443
325 1270 1424
1270 325 1424
1424 325 1270
813 571 1051
571 813 1051
1051 571 813
258 1314 1487
1314 258 1487
1487 258 1314
1022 287 1297
287 1022 1297
1297 287 1022
291 15 185
15 185 291
185 15 291
354 954 993
954 354 993
993 354 954
781 749 1343
749 781 1343
1343 749 781
875 827 1138
1138 827 875
827 875 1138
1368 329 891
891 329 1368
329 891 1368
537 148 1271
1271 148 537
148 537 1271
769 580 1376
1376 580 769
580 769 1376
817 316 964
964 316 817
316 817 964
548 800 1452
800 548 1452
1452 548 800
119 987 1060
987 119 1060
1060 119 987
479 871 1392
1392 479 871
871 479 1392
1251 838 1187
838 1187 1251
1187 838 1251
1113 1085 1313
1313 1085 1113
1085 1113 1313
1456 417 437
437 417 1456
417 437 1456
447 1026 1482
1482 447 1026
1026 447 1482
651 380 1371
380 651 1371
1371 380 651
1466 1052 1403
1052 1403 1466
1403 1052 1466
54 40 464
40 54 464
464 40 54
187 207 996
207 187 996
996 187 207
109 277 462
277 109 462
462 109 277
853 230 1142
230 853 1142
1142 230 853
1239 365 1083
1083 365 1239
365 1083 1239
1328 453 1038
1038 453 1328
453 1038 1328
1331 538 1116
1116 538 1331
538 1116 1331
1493 927 1191
1191 927 1493
927 1191 1493
1207 1257 1296
1296 1207 1257
1257 1207 1296
1125 298 1074
1074 298 1125
298 1074 1125
90 370 449
449 90 370
370 90 449
757 217 372
217 372 757
372 217 757
1151 127 165
127 165 1151
165 127 1151
410 69 1362
69 410 1362
1362 69 410
760 720 1025
1025 720 760
720 760 1025
586 647 1414
647 586 1414
1414 586 647
505 192 1107
1107 192 505
192 505 1107
66 1043 1304
1043 66 1304
1304 66 1043
1340 64 1169
1169 64 1340
64 1169 1340
568 724 834
724 568 834
834 568 724
716 1156 1373
1156 716 1373
1373 716 1156
1021 224 271
224 271 1021
271 224 1021
35 895 1061
895 35 1061
1061 35 895
1444 709 1153
1153 709 1444
709 1153 1444
565 1046 1221
1221 565 1046
1046 565 1221
995 239 877
877 239 995
239 877 995
1086 656 926
926 656 1086
656 926 1086
721 506 1463
1463 506 721
506 721 1463
526 1030 1267
1030 526 1267
1267 526 1030
247 263 434
434 247 263
263 247 434
122 21 1309
1309 21 122
21 122 1309
58 799 906
906 58 799
799 58 906
1095 948 978
978 948 1095
948 978 1095
1047 893 1438
1438 893 1047
893 1047 1438
567 1248 1349
1248 567 1349
1349 567 1248
1050 1250 1386
1386 1050 1250
1250 1050 1386
1394 414 809
414 809 1394
809 414 1394
713 269 389
389 269 713
269 389 713
1065 599 1370
599 1065 1370
1370 599 1065
849 357 596
357 596 849
596 357 849
1211 424 971
424 971 1211
971 424 1211
1355 1008 1186
1186 1008 1355
1008 1186 1355
261 281 633
281 261 633
633 261 281
1247 39 1409
1409 39 1247
39 1247 1409
1345 241 750
750 241 1345
241 750 1345
314 343 696
696 314 343
343 314 696
1303 87 1420
87 1303 1420
1420 87 1303
240 563 1488
563 240 1488
1488 240 563
1447 1242 1329
1242 1329 1447
1329 1242 1447
134 887 1283
1283 134 887
887 134 1283
640 158 708
158 640 708
708 158 640
776 177 1200
1200 177 776
177 776 1200
450 559 1024
1024 450 559
559 450 1024
658 499 682
499 658 682
682 499 658
851 698 1298
1298 698 851
698 851 1298
725 578 957
578 725 957
957 578 725
1158 254 1246
1246 254 1158
254 1158 1246
1148 383 588
383 588 1148
588 383 1148
1406 340 575
575 340 1406
340 575 1406
249 878 1249
878 249 1249
1249 249 878
1255 624 918
624 918 1255
918 624 1255
558 798 1357
798 558 1357
1357 558 798
378 494 778
778 378 494
494 378 778
956 879 1377
1377 879 956
879 956 1377
1495 227 1378
1378 227 1495
227 1378 1495
97 508 1352
508 97 1352
1352 97 508
253 289 576
576 253 289
289 253 576
213 366 810
810 213 366
366 213 810
1011 1311 1441
1441 1011 1311
1311 1011 1441
872 175 734
175 734 872
734 175 872
521 398 1459
398 521 1459
1459 398 521
833 41 166
166 41 833
41 166 833
375 198 266
198 266 375
266 198 375
1484 348 1364
1364 348 1484
348 1364 1484
560 194 420
194 420 560
420 194 560
636 209 1286
209 636 1286
1286 209 636
755 151 694
151 694 755
694 151 755
295 885 1219
885 295 1219
1219 295 885
474 101 642
642 101 474
101 474 642
1326 564 1245
564 1245 1326
1245 564 1326
884 511 554
554 511 884
511 554 884
1056 228 850
228 850 1056
850 228 1056
844 1041 1402
1041 844 1402
1402 844 1041
1335 214 1111
1111 214 1335
214 1111 1335
498 376 1154
376 498 1154
1154 376 498
831 115 779
115 779 831
779 115 831
59 173 617
617 59 173
173 59 617
353 201 836
836 201 353
201 353 836
1166 301 980
980 301 1166
301 980 1166
991 391 1363
391 991 1363
1363 391 991
78 299 1034
1034 78 299
299 78 1034
1042 130 1240
1240 130 1042
130 1042 1240
1210 139 326
326 139 1210
139 326 1210
660 285 845
845 285 660
285 660 845
1067 238 534
238 534 1067
534 238 1067
168 649 1224
649 168 1224
1224 168 649
351 205 522
205 351 522
522 205 351
866 661 1201
661 866 1201
1201 661 866
262 1178 1231
1231 262 1178
1178 262 1231
244 1115 1294
1294 244 1115
1115 244 1294
60 374 1124
374 60 1124
1124 60 374
260 423 1353
423 260 1353
1353 260 423
1175 94 136
136 94 1175
94 136 1175
692 805 1465
1465 692 805
805 692 1465
531 346 1212
1212 346 531
346 531 1212
1216 47 210
47 210 1216
210 47 1216
1374 98 1344
98 1344 1374
1344 98 1374
1057 81 1475
81 1057 1475
1475 81 1057
666 665 1380
1380 665 666
665 666 1380
951 336 733
733 336 951
336 733 951
4 38 1023
1023 4 38
38 4 1023
801 20 1215
20 801 1215
1215 20 801
942 793 1322
1322 793 942
793 942 1322
1338 932 1188
1188 932 1338
932 1188 1338
742 67 132
132 67 742
67 132 742
195 457 814
457 195 814
814 195 457
593 24 1339
1339 24 593
24 593 1339
460 483 1285
1285 460 483
483 460 1285
676 829 937
829 676 937
937 676 829
907 639 717
717 639 907
639 717 907
1272 255 1198
255 1198 1272
1198 255 1272
1088 754 988
754 988 1088
988 754 1088
581 485 1385
1385 485 581
485 581 1385
874 846 1498
846 874 1498
1498 846 874
1421 1005 1358
1358 1005 1421
1005 1358 1421
111 216 1499
216 111 1499
1499 111 216
25 864 1145
864 25 1145
1145 25 864
245 110 313
110 245 313
313 110 245
74 1425 1430
1430 74 1425
1425 74 1430
338 519 753
519 338 753
753 338 519
953 186 535
535 186 953
186 535 953
76 974 1036
1036 76 974
974 76 1036
322 107 691
691 107 322
107 322 691
1 37 413
413 1 37
37 1 413
252 622 795
795 252 622
622 252 795
362 7 774
774 7 362
7 362 774
242 1279 1366
1279 242 1366
1366 242 1279
862 540 1104
540 862 1104
1104 540 862
613 27 1209
27 613 1209
1209 27 613
1500 542 1281
1281 542 1500
542 1281 1500
723 300 697
300 697 723
697 300 723
1342 589 896
589 896 1342
896 589 1342
614 155 569
155 569 614
569 155 614
445 452 557
557 445 452
452 445 557
797 190 439
190 439 797
439 190 797
517 371 933
371 517 933
933 371 517
855 234 419
234 419 855
419 234 855
1389 89 188
89 188 1389
188 89 1389
582 61 231
231 61 582
61 231 582
9 131 796
131 9 796
796 9 131
772 513 730
513 730 772
730 513 772
854 63 1171
63 854 1171
1171 63 854
527 193 761
761 193 527
193 527 761
707 401 1218
401 707 1218
1218 401 707
632 889 1428
889 632 1428
1428 632 889
404 408 881
881 404 408
408 404 881
446 459 705
705 446 459
459 446 705
1390 435 1118
1118 435 1390
435 1118 1390
741 1055 1261
1055 741 1261
1261 741 1055
577 1112 1126
1126 577 1112
1112 577 1126
812 220 579
579 220 812
220 579 812
1491 848 1202
848 1202 1491
1202 848 1491
1197 118 507
507 118 1197
118 507 1197
1312 288 843
288 843 1312
843 288 1312
360 835 1433
835 360 1433
1433 360 835
1147 1016 1332
1332 1016 1147
1016 1147 1332
999 349 1258
349 999 1258
1258 349 999
931 1064 1393
1393 931 1064
1064 931 1393
626 635 1372
1372 626 635
635 626 1372
894 762 1170
1170 762 894
762 894 1170
657 170 1415
1415 170 657
170 657 1415
1177 403 504
504 403 1177
403 504 1177
1136 669 1110
1110 669 1136
669 1110 1136
821 837 1015
1015 821 837
837 821 1015
1397 629 804
804 629 1397
629 804 1397
1167 330 1131
330 1131 1167
1131 330 1167
488 1310 1323
1323 488 1310
1310 488 1323
791 463 765
765 463 791
463 765 791
1081 675 892
675 892 1081
892 675 1081
759 293 1066
293 759 1066
1066 293 759
693 381 917
381 693 917
917 381 693
925 23 727
23 727 925
727 23 925
204 164 400
400 164 204
164 204 400
248 179 909
179 248 909
909 179 248
332 514 1159
1159 332 514
514 332 1159
440 912 1044
912 440 1044
1044 440 912
456 256 908
908 256 456
256 456 908
785 528 1079
528 785 1079
1079 528 785
318 914 1003
914 318 1003
1003 318 914
1204 469 992
992 469 1204
469 992 1204
466 672 935
935 466 672
672 466 935
276 328 1010
328 276 1010
1010 276 328
33 264 594
594 33 264
264 33 594
443 156 1451
156 443 1451
1451 156 443
1325 211 486
211 486 1325
486 211 1325
1346 677 1470
677 1346 1470
1470 677 1346
728 355 597
597 355 728
355 597 728
1319 223 337
337 223 1319
223 337 1319
780 500 1354
500 780 1354
1354 500 780
427 320 1434
320 427 1434
1434 320 427
989 532 1150
532 989 1150
1150 532 989
673 75 341
341 75 673
75 341 673
602 88 516
516 88 602
88 516 602
1012 3 830
3 830 1012
830 3 1012
467 794 1122
1122 467 794
794 467 1122
1093 6 1278
1278 6 1093
6 1093 1278
1284 719 1143
719 1143 1284
1143 719 1284
34 711 1192
711 34 1192
1192 34 711
114 394 638
638 114 394
394 114 638
50 495 549
495 50 549
549 50 495
1014 432 975
975 432 1014
432 975 1014
768 162 1040
162 768 1040
1040 162 768
297 51 1133
51 297 1133
1133 51 297
415 137 1087
1087 137 415
137 415 1087
1076 235 390
235 390 1076
390 235 1076
14 808 1307
1307 14 808
808 14 1307
458 388 1333
388 458 1333
1333 388 458
1361 663 1108
1108 663 1361
663 1108 1361
763 524 1437
524 763 1437
1437 524 763
1220 1295 1480
1295 1220 1480
1480 1220 1295
95 379 1241
1241 95 379
379 95 1241
270 84 363
84 270 363
363 84 270
149 870 969
969 149 870
870 149 969
1429 282 319
319 282 1429
282 319 1429
860 92 407
407 92 860
92 407 860
1020 608 1070
1070 608 1020
608 1020 1070
550 44 133
133 44 550
44 133 550
701 492 510
510 492 701
492 510 701
1100 607 1234
607 1100 1234
1234 607 1100
930 180 317
317 180 930
180 317 930
1172 154 654
154 654 1172
654 154 1172
1375 172 1266
1266 172 1375
172 1266 1375
1276 344 416
344 416 1276
416 344 1276
36 221 296
221 36 296
296 36 221
998 960 1401
960 998 1401
1401 960 998
1379 1176 1473
1473 1176 1379
1176 1379 1473
766 268 867
268 766 867
867 268 766
428 150 873
873 150 428
150 428 873
345 729 1306
729 345 1306
1306 345 729
735 178 1259
178 735 1259
1259 178 735
352 1260 1432
1432 352 1260
1260 352 1432
679 572 756
572 679 756
756 572 679
646 327 612
327 612 646
612 327 646
1400 393 1223
1223 393 1400
393 1223 1400
865 82 561
82 561 865
561 82 865
399 405 690
405 399 690
690 399 405
1164 1351 1483
1351 1164 1483
1483 1164 1351
509 160 825
825 160 509
160 509 825
1478 159 815
159 815 1478
815 159 1478
1449 491 670
670 491 1449
491 670 1449
1289 402 751
751 402 1289
402 751 1289
1291 1327 1455
1455 1291 1327
1327 1291 1455
57 302 342
342 57 302
302 57 342
10 525 968
968 10 525
525 10 968
1485 653 1382
1382 653 1485
653 1382 1485
77 32 920
32 77 920
920 32 77
108 197 219
197 108 219
219 108 197
229 852 1494
1494 229 852
852 229 1494
1222 409 681
409 681 1222
681 409 1222
1411 529 1477
1477 529 1411
529 1411 1477
630 858 1035
1035 630 858
858 630 1035
883 199 1137
199 883 1137
1137 199 883
112 493 600
600 112 493
493 112 600
905 539 1232
539 905 1232
1232 539 905
1450 65 886
886 65 1450
65 886 1450
1462 1442 1496
1442 1462 1496
1496 1442 1462
671 683 1097
683 671 1097
1097 671 683
1139 1121 1387
1387 1121 1139
1121 1139 1387
13 547 1162
1162 13 547
547 13 1162
688 811 1479
1479 688 811
811 688 1479
1141 1059 1490
1059 1141 1490
1490 1059 1141
222 100 387
100 222 387
387 100 222
431 859 1228
859 431 1228
1228 431 859
1334 553 1018
1018 553 1334
553 1018 1334
1265 140 828
828 140 1265
140 828 1265
129 840 972
840 129 972
972 129 840
1054 523 1084
523 1054 1084
1084 523 1054
900 601 1395
601 900 1395
1395 601 900
1356 570 1315
1315 570 1356
570 1315 1356
225 105 924
924 105 225
105 225 924
274 726 955
955 274 726
726 274 955
1324 1039 1476
1039 1324 1476
1476 1039 1324
944 305 712
712 305 944
305 712 944
1321 748 1398
1398 748 1321
748 1321 1398
546 70 1341
1341 70 546
70 546 1341
226 273 454
273 226 454
454 226 273
976 257 1282
1282 257 976
257 976 1282
604 605 841
841 604 605
605 604 841
448 43 700
43 448 700
700 43 448
966 1053 1453
1053 966 1453
1453 966 1053
475 545 606
545 475 606
606 475 545
1214 56 824
56 824 1214
824 56 1214
684 882 1217
882 684 1217
1217 684 882
183 49 335
335 49 183
49 183 335
939 952 1268
952 939 1268
1268 939 952
93 280 573
280 93 573
573 93 280
977 31 1123
31 977 1123
1123 31 977
787 710 1117
1117 710 787
710 787 1117
512 358 961
358 512 961
961 358 512
973 934 1317
1317 934 973
934 973 1317
1497 259 704
704 259 1497
259 704 1497
699 386 664
664 386 699
386 664 699
771 339 1045
339 771 1045
1045 339 771
