114525 55986 141271
141271 55986 114525
55986 114525 141271
60058 61744 70749
70749 60058 61744
61744 60058 70749
82280 40646 89419
40646 82280 89419
89419 40646 82280
142137 62028 102659
102659 62028 142137
62028 102659 142137
43055 25068 45679
45679 25068 43055
25068 43055 45679
17087 73357 124942
124942 17087 73357
73357 17087 124942
62181 9710 67870
67870 9710 62181
9710 62181 67870
76486 62896 94031
94031 62896 76486
62896 76486 94031
136057 68720 128272
68720 128272 136057
128272 68720 136057
146893 74420 148960
148960 74420 146893
74420 146893 148960
24490 27998 118602
27998 24490 118602
118602 24490 27998
37790 7213 60875
7213 37790 60875
60875 7213 37790
87334 23194 107418
23194 87334 107418
107418 23194 87334
67614 64487 138390
64487 67614 138390
138390 64487 67614
4293 44336 144044
44336 4293 144044
144044 4293 44336
44664 24765 58563
58563 24765 44664
24765 44664 58563
145159 681 46250
681 46250 145159
46250 681 145159
133259 64403 136124
64403 133259 136124
136124 64403 133259
23388 104476 105782
104476 23388 105782
105782 23388 104476
54245 1301 46355
46355 1301 54245
1301 46355 54245
62892 109283 114291
114291 62892 109283
109283 62892 114291
102459 78197 106592
106592 78197 102459
78197 102459 106592
15416 6596 132013
6596 15416 132013
132013 6596 15416
25010 6018 61055
61055 6018 25010
6018 25010 61055
125542 38259 137771
38259 125542 137771
137771 38259 125542
39346 23699 67260
23699 39346 67260
67260 23699 39346
122788 53841 139671
139671 53841 122788
53841 122788 139671
139697 66450 119100
119100 66450 139697
66450 119100 139697
92080 17901 126725
17901 92080 126725
126725 17901 92080
91617 100548 128963
128963 91617 100548
100548 91617 128963
68410 58274 88126
58274 68410 88126
88126 58274 68410
99796 74923 99599
74923 99599 99796
99599 74923 99796
33472 50040 112093
112093 33472 50040
50040 33472 112093
121996 24103 129006
24103 121996 129006
129006 24103 121996
78239 27083 30180
30180 27083 78239
27083 30180 78239
124829 4673 92607
92607 4673 124829
4673 92607 124829
88878 52137 76273
76273 52137 88878
52137 76273 88878
53133 94513 132641
94513 53133 132641
132641 53133 94513
39239 39267 44635
44635 39239 39267
39267 39239 44635
46982 58638 68318
68318 46982 58638
58638 46982 68318
75840 116228 132362
116228 75840 132362
132362 75840 116228
133965 32473 123100
123100 32473 133965
32473 123100 133965
128534 46368 88544
46368 88544 128534
88544 46368 128534
11698 64848 89242
89242 11698 64848
64848 11698 89242
33314 24479 34790
24479 33314 34790
34790 24479 33314
82533 104157 133767
133767 82533 104157
104157 82533 133767
72664 8118 115809
115809 8118 72664
8118 72664 115809
66362 27731 71300
71300 27731 66362
27731 66362 71300
48079 96976 99153
99153 48079 96976
96976 48079 99153
103827 134851 146055
146055 103827 134851
134851 103827 146055
135148 95422 130973
95422 130973 135148
130973 95422 135148
130391 378 88243
88243 378 130391
378 88243 130391
114580 74110 144600
144600 74110 114580
74110 114580 144600
6230 2165 47664
47664 2165 6230
2165 6230 47664
78860 14733 145174
14733 78860 145174
145174 14733 78860
24655 38290 86922
86922 24655 38290
38290 24655 86922
129596 142740 149507
142740 129596 149507
149507 129596 142740
101905 60196 114114
114114 60196 101905
60196 101905 114114
141206 31727 52852
31727 52852 141206
52852 31727 141206
82256 4455 119926
119926 4455 82256
4455 82256 119926
46584 19179 71890
71890 19179 46584
19179 46584 71890
10496 78478 145541
145541 10496 78478
78478 10496 145541
47417 89907 100949
89907 47417 100949
100949 47417 89907
48561 121229 130779
121229 48561 130779
130779 48561 121229
84497 91490 132928
91490 84497 132928
132928 84497 91490
127586 28767 127574
28767 127574 127586
127574 28767 127586
42855 123456 145832
123456 42855 145832
145832 42855 123456
83532 13345 68018
68018 13345 83532
13345 68018 83532
49012 28413 39054
39054 28413 49012
28413 39054 49012
130998 2383 13198
2383 13198 130998
13198 2383 130998
149216 72370 146928
146928 72370 149216
72370 146928 149216
51201 28312 29808
28312 29808 51201
29808 28312 51201
26034 35389 90593
90593 26034 35389
35389 26034 90593
37812 78149 95587
78149 37812 95587
95587 37812 78149
2512 53022 143829
53022 2512 143829
143829 2512 53022
11577 36277 55923
55923 11577 36277
36277 11577 55923
25414 40606 98143
40606 25414 98143
98143 25414 40606
79654 20427 33309
20427 33309 79654
33309 20427 79654
131292 8905 114640
114640 8905 131292
8905 114640 131292
133880 32920 78782
78782 32920 133880
32920 78782 133880
68920 81564 142034
81564 68920 142034
142034 68920 81564
103533 43285 133025
43285 103533 133025
133025 43285 103533
108014 11740 142853
142853 11740 108014
11740 108014 142853
94075 54282 90784
90784 54282 94075
54282 90784 94075
47066 68566 99227
68566 47066 99227
99227 47066 68566
60895 9891 38795
9891 38795 60895
38795 9891 60895
96542 49451 82125
82125 49451 96542
49451 82125 96542
149422 22046 29208
29208 22046 149422
22046 29208 149422
72388 60419 139788
60419 72388 139788
139788 60419 72388
60933 36596 122720
122720 36596 60933
36596 60933 122720
39284 67265 92935
67265 39284 92935
92935 39284 67265
42337 14395 72182
72182 14395 42337
14395 42337 72182
147062 50874 77009
50874 77009 147062
77009 50874 147062
137310 11710 101289
101289 11710 137310
11710 101289 137310
147146 25719 107702
25719 107702 147146
107702 25719 147146
55012 9439 126416
9439 55012 126416
126416 9439 55012
40604 34002 103849
103849 34002 40604
34002 40604 103849
79945 50964 115006
50964 79945 115006
115006 50964 79945
72771 59781 95515
59781 72771 95515
95515 59781 72771
20914 3188 5788
5788 3188 20914
3188 5788 20914
67161 79246 90988
79246 67161 90988
90988 67161 79246
68130 18793 73114
18793 68130 73114
73114 18793 68130
64451 76216 95328
76216 64451 95328
95328 64451 76216
100361 67851 110755
67851 100361 110755
110755 67851 100361
55638 19740 19950
19950 19740 55638
19740 19950 55638
117337 57501 98958
98958 57501 117337
57501 98958 117337
111223 9248 23056
9248 23056 111223
23056 9248 111223
80153 142069 143165
143165 80153 142069
142069 80153 143165
115163 18487 115665
18487 115163 115665
115665 18487 115163
51533 16187 21497
21497 16187 51533
16187 21497 51533
53311 67943 129512
67943 53311 129512
129512 53311 67943
76430 1951 137821
137821 1951 76430
1951 76430 137821
103010 27735 134789
134789 27735 103010
27735 103010 134789
29063 7334 112675
7334 29063 112675
112675 7334 29063
10231 6523 39807
39807 6523 10231
6523 10231 39807
138635 76466 132339
76466 132339 138635
132339 76466 138635
24829 28142 148745
148745 24829 28142
28142 24829 148745
149670 25827 48882
48882 25827 149670
25827 48882 149670
68523 87119 129328
129328 68523 87119
87119 68523 129328
78755 10967 133349
133349 10967 78755
10967 78755 133349
88822 15069 36729
15069 36729 88822
36729 15069 88822
42587 89178 105828
89178 42587 105828
105828 42587 89178
121536 21971 135974
21971 121536 135974
135974 21971 121536
74482 8448 59580
8448 59580 74482
59580 8448 74482
41926 62897 74505
62897 41926 74505
74505 41926 62897
61632 1541 63275
1541 61632 63275
63275 1541 61632
26732 12259 35420
12259 26732 35420
35420 12259 26732
101635 27025 46506
27025 46506 101635
46506 27025 101635
14682 34456 88299
88299 14682 34456
34456 14682 88299
120546 35399 66094
66094 35399 120546
35399 66094 120546
85329 38585 133676
38585 85329 133676
133676 38585 85329
124199 123508 142961
123508 124199 142961
142961 123508 124199
116945 35240 58055
58055 35240 116945
35240 58055 116945
135718 18619 86958
86958 18619 135718
18619 86958 135718
7398 121728 130747
130747 7398 121728
121728 7398 130747
109692 15902 80438
15902 80438 109692
80438 15902 109692
91188 97684 117993
117993 91188 97684
97684 91188 117993
6316 25694 91009
25694 6316 91009
91009 6316 25694
89783 53872 133739
133739 53872 89783
53872 89783 133739
55257 132673 146317
132673 55257 146317
146317 55257 132673
85974 65863 146094
65863 85974 146094
146094 65863 85974
129355 27577 92491
92491 27577 129355
27577 92491 129355
13480 50196 100793
50196 13480 100793
100793 13480 50196
9196 73793 87569
73793 9196 87569
87569 9196 73793
81387 92254 130083
130083 81387 92254
92254 81387 130083
148034 62446 133007
133007 62446 148034
62446 133007 148034
1268 83818 100262
83818 1268 100262
100262 1268 83818
100338 64389 89631
64389 89631 100338
89631 64389 100338
142478 2253 98754
98754 2253 142478
2253 98754 142478
24200 86710 89901
89901 24200 86710
86710 24200 89901
96565 20449 93641
93641 20449 96565
20449 93641 96565
105332 67958 92925
67958 92925 105332
92925 67958 105332
109521 69060 117743
117743 69060 109521
69060 109521 117743
16683 35279 84793
35279 16683 84793
84793 16683 35279
19296 1792 69649
69649 1792 19296
1792 19296 69649
47867 19216 130078
19216 47867 130078
130078 19216 47867
47518 63312 81958
81958 47518 63312
63312 47518 81958
70867 7966 100631
7966 70867 100631
100631 7966 70867
20162 17626 51520
51520 17626 20162
17626 20162 51520
70674 76690 128398
76690 70674 128398
128398 70674 76690
121078 75749 97723
97723 75749 121078
75749 97723 121078
26236 26877 49882
49882 26236 26877
26877 26236 49882
15257 969 43093
43093 969 15257
969 15257 43093
11882 71152 128360
71152 11882 128360
128360 11882 71152
21723 5215 66182
66182 5215 21723
5215 21723 66182
78482 30470 132834
30470 78482 132834
132834 30470 78482
141262 86172 102148
102148 86172 141262
86172 102148 141262
101097 1802 59077
1802 59077 101097
59077 1802 101097
67262 49846 85945
85945 49846 67262
49846 67262 85945
116188 51125 59035
51125 59035 116188
59035 51125 116188
92942 1048 5605
5605 1048 92942
1048 5605 92942
149474 33088 64687
33088 64687 149474
64687 33088 149474
148018 32590 50154
50154 32590 148018
32590 50154 148018
91076 11285 79173
11285 79173 91076
79173 11285 91076
35645 37367 77887
37367 35645 77887
77887 35645 37367
73552 13622 130318
130318 13622 73552
13622 73552 130318
9424 43663 56804
56804 9424 43663
43663 9424 56804
121636 11809 21922
21922 11809 121636
11809 21922 121636
128806 57499 139214
57499 128806 139214
139214 57499 128806
147939 114917 144312
114917 144312 147939
144312 114917 147939
34341 105695 109767
109767 34341 105695
105695 34341 109767
21507 18672 136448
18672 21507 136448
136448 18672 21507
51656 62905 128118
128118 51656 62905
62905 51656 128118
28683 15886 145295
15886 28683 145295
145295 15886 28683
40634 75821 145976
145976 40634 75821
75821 40634 145976
34839 58559 136338
136338 34839 58559
58559 34839 136338
87511 19833 21306
19833 21306 87511
21306 19833 87511
8916 54316 101807
54316 8916 101807
101807 8916 54316
41862 43911 114431
114431 41862 43911
43911 41862 114431
128863 23501 65691
65691 23501 128863
23501 65691 128863
78996 44500 76865
44500 76865 78996
76865 44500 78996
67336 23136 48873
48873 23136 67336
23136 48873 67336
36026 44942 111601
44942 36026 111601
111601 36026 44942
52541 70253 119399
119399 52541 70253
70253 52541 119399
96751 23980 106267
106267 23980 96751
23980 96751 106267
23492 17002 122453
17002 23492 122453
122453 17002 23492
130501 14777 40102
40102 14777 130501
14777 40102 130501
46302 38620 115461
38620 46302 115461
115461 38620 46302
73587 11353 14093
11353 14093 73587
14093 11353 73587
122933 24642 140585
24642 122933 140585
140585 24642 122933
146809 1419 121675
1419 121675 146809
121675 1419 146809
122208 58303 128455
128455 58303 122208
58303 122208 128455
99591 22778 67583
67583 22778 99591
22778 67583 99591
105343 26214 82706
26214 82706 105343
82706 26214 105343
132925 74216 143124
74216 132925 143124
143124 74216 132925
67277 50754 60257
50754 60257 67277
60257 50754 67277
109240 4313 28376
4313 28376 109240
28376 4313 109240
19440 26656 112157
112157 19440 26656
26656 19440 112157
80986 61963 74883
74883 61963 80986
61963 74883 80986
28678 9091 30552
9091 28678 30552
30552 9091 28678
62573 25044 59390
59390 25044 62573
25044 59390 62573
34639 60594 133179
60594 34639 133179
133179 34639 60594
147395 116745 143487
143487 116745 147395
116745 143487 147395
131516 73883 111973
73883 111973 131516
111973 73883 131516
91706 12148 101416
101416 12148 91706
12148 91706 101416
42114 11815 60103
60103 11815 42114
11815 42114 60103
146942 70215 129607
70215 129607 146942
129607 70215 146942
47142 2820 135888
2820 47142 135888
135888 2820 47142
63194 65981 80983
65981 63194 80983
80983 63194 65981
59135 55107 58619
55107 58619 59135
58619 55107 59135
33797 91137 130358
91137 33797 130358
130358 33797 91137
136040 20425 74084
74084 20425 136040
20425 74084 136040
16781 51332 115107
115107 16781 51332
51332 16781 115107
25186 84214 122425
122425 25186 84214
84214 25186 122425
80527 20687 31979
20687 31979 80527
31979 20687 80527
10731 17480 131062
131062 10731 17480
17480 10731 131062
44343 53909 64390
64390 44343 53909
53909 44343 64390
119283 46695 148428
46695 119283 148428
148428 46695 119283
147262 134206 149837
134206 147262 149837
149837 134206 147262
106165 8312 100018
100018 8312 106165
8312 100018 106165
5703 38784 138698
38784 5703 138698
138698 5703 38784
147870 25129 72898
72898 25129 147870
25129 72898 147870
88471 59100 105202
105202 59100 88471
59100 88471 105202
147735 126910 147763
126910 147735 147763
147763 126910 147735
82324 85462 95769
95769 82324 85462
85462 82324 95769
98077 113228 144381
113228 98077 144381
144381 98077 113228
110129 54420 124736
124736 54420 110129
54420 110129 124736
133719 29429 108358
29429 108358 133719
108358 29429 133719
112148 21124 141042
141042 21124 112148
21124 112148 141042
101272 2405 30779
2405 30779 101272
30779 2405 101272
43916 107636 136261
136261 43916 107636
107636 43916 136261
22907 11299 141345
141345 11299 22907
11299 22907 141345
3363 42801 55314
42801 3363 55314
55314 3363 42801
4515 80515 145108
80515 4515 145108
145108 4515 80515
142259 121858 136388
121858 136388 142259
136388 121858 142259
23470 13673 116722
116722 13673 23470
13673 23470 116722
81240 12421 82459
82459 12421 81240
12421 81240 82459
47508 6386 92707
6386 47508 92707
92707 6386 47508
17504 55856 114406
55856 17504 114406
114406 17504 55856
116430 127518 136336
127518 116430 136336
136336 116430 127518
120494 7866 68210
7866 68210 120494
68210 7866 120494
70960 82948 110522
110522 70960 82948
82948 70960 110522
82458 18645 46671
46671 18645 82458
18645 46671 82458
49749 3617 121348
3617 49749 121348
121348 3617 49749
111545 101029 124677
101029 111545 124677
124677 101029 111545
106647 18576 67174
18576 67174 106647
67174 18576 106647
132220 37584 141423
37584 132220 141423
141423 37584 132220
76443 28367 30386
28367 30386 76443
30386 28367 76443
148981 3827 62490
62490 3827 148981
3827 62490 148981
16830 39225 114100
39225 16830 114100
114100 16830 39225
106546 68341 107102
107102 68341 106546
68341 106546 107102
57759 119405 147768
119405 57759 147768
147768 57759 119405
37200 14708 138585
138585 14708 37200
14708 37200 138585
139443 100412 127983
127983 100412 139443
100412 127983 139443
44307 48673 59558
48673 44307 59558
59558 44307 48673
99015 25713 121308
25713 99015 121308
121308 25713 99015
47490 6932 38279
6932 38279 47490
38279 6932 47490
118053 32019 97507
97507 32019 118053
32019 97507 118053
44340 11185 119350
11185 44340 119350
119350 11185 44340
64359 10096 29903
10096 29903 64359
29903 10096 64359
27168 104680 130520
104680 27168 130520
130520 27168 104680
25007 56132 116320
116320 25007 56132
56132 25007 116320
18635 142517 143049
143049 18635 142517
142517 18635 143049
93318 61954 76187
61954 76187 93318
76187 61954 93318
106742 102818 116391
102818 106742 116391
116391 102818 106742
42644 18896 54792
54792 18896 42644
18896 42644 54792
135494 3320 41292
3320 41292 135494
41292 3320 135494
120531 18293 89736
89736 18293 120531
18293 89736 120531
11878 115594 144457
115594 11878 144457
144457 11878 115594
93047 20824 73823
20824 73823 93047
73823 20824 93047
112827 63625 135044
63625 112827 135044
135044 63625 112827
2138 19746 74024
74024 2138 19746
19746 2138 74024
126126 46396 102028
102028 46396 126126
46396 102028 126126
82669 107699 109780
107699 82669 109780
109780 82669 107699
88691 65343 78320
78320 65343 88691
65343 78320 88691
44947 89617 142414
142414 44947 89617
89617 44947 142414
97277 4203 89647
4203 89647 97277
89647 4203 97277
104388 33078 52083
52083 33078 104388
33078 52083 104388
57063 34769 46176
34769 46176 57063
46176 34769 57063
35448 3237 89638
3237 35448 89638
89638 3237 35448
98665 79480 99764
99764 79480 98665
79480 98665 99764
128111 90904 102295
90904 102295 128111
102295 90904 128111
87744 34534 96117
34534 87744 96117
96117 34534 87744
32038 7078 28436
28436 7078 32038
7078 28436 32038
46754 26510 122365
122365 26510 46754
26510 46754 122365
26480 19092 124467
124467 19092 26480
19092 26480 124467
102800 36776 143578
36776 102800 143578
143578 36776 102800
97333 9096 43371
9096 43371 97333
43371 9096 97333
85747 16159 141860
16159 85747 141860
141860 16159 85747
21762 7942 110713
110713 7942 21762
7942 21762 110713
112984 46811 114564
114564 46811 112984
46811 112984 114564
54091 49131 63707
49131 54091 63707
63707 49131 54091
62212 92669 126753
126753 62212 92669
92669 62212 126753
11109 9648 96586
96586 9648 11109
9648 11109 96586
39163 51848 138514
51848 39163 138514
138514 39163 51848
109704 75688 128014
75688 109704 128014
128014 75688 109704
93256 120731 148410
120731 93256 148410
148410 93256 120731
62707 115278 146625
115278 62707 146625
146625 62707 115278
66122 31925 63390
31925 63390 66122
63390 31925 66122
126190 143716 148890
148890 126190 143716
143716 126190 148890
127902 13633 119307
13633 119307 127902
119307 13633 127902
108119 94172 124494
124494 94172 108119
94172 108119 124494
94074 40271 126903
126903 40271 94074
40271 94074 126903
11721 40919 88949
88949 11721 40919
40919 11721 88949
61966 40388 85624
85624 40388 61966
40388 61966 85624
6927 22254 22346
22254 6927 22346
22346 6927 22254
107260 67621 141772
141772 67621 107260
67621 107260 141772
106831 45639 104041
45639 104041 106831
104041 45639 106831
80109 16112 117137
16112 80109 117137
117137 16112 80109
27058 6941 95782
95782 6941 27058
6941 27058 95782
125045 55965 88211
55965 88211 125045
88211 55965 125045
81801 95033 136356
136356 81801 95033
95033 81801 136356
985 4645 149441
149441 985 4645
4645 985 149441
63184 30987 134403
30987 63184 134403
134403 30987 63184
85787 85956 147138
147138 85787 85956
85956 85787 147138
137655 32787 91729
32787 91729 137655
91729 32787 137655
88554 54633 123921
123921 54633 88554
54633 88554 123921
97154 24987 36955
36955 24987 97154
24987 36955 97154
31778 42842 79875
79875 31778 42842
42842 31778 79875
110121 6098 137491
137491 6098 110121
6098 110121 137491
81274 57093 125087
125087 57093 81274
57093 81274 125087
62946 22453 85823
85823 22453 62946
22453 62946 85823
26403 50883 74488
74488 26403 50883
50883 26403 74488
6959 127031 130846
130846 6959 127031
127031 6959 130846
126782 60668 113403
113403 60668 126782
60668 113403 126782
33058 49831 142930
49831 33058 142930
142930 33058 49831
127637 13491 68789
68789 13491 127637
13491 68789 127637
121568 77081 139509
77081 121568 139509
139509 77081 121568
118492 54746 130619
130619 54746 118492
54746 118492 130619
73944 75635 136774
75635 73944 136774
136774 73944 75635
138725 44083 54386
54386 44083 138725
44083 54386 138725
36203 100859 124976
124976 36203 100859
100859 36203 124976
92009 34155 133981
133981 34155 92009
34155 92009 133981
72277 55585 121897
121897 55585 72277
55585 72277 121897
123624 75297 135034
135034 75297 123624
75297 123624 135034
49670 24428 132268
24428 49670 132268
132268 24428 49670
131326 87905 142687
87905 131326 142687
142687 87905 131326
112607 76414 124250
124250 76414 112607
76414 112607 124250
10047 36234 93948
36234 10047 93948
93948 10047 36234
122142 42754 143053
143053 42754 122142
42754 122142 143053
120062 3294 106569
3294 106569 120062
106569 3294 120062
13052 10559 97371
97371 10559 13052
10559 13052 97371
80354 31295 106192
106192 31295 80354
31295 80354 106192
88914 85103 128099
128099 85103 88914
85103 88914 128099
108332 68446 77027
77027 68446 108332
68446 77027 108332
8872 48619 62673
62673 8872 48619
48619 8872 62673
94464 16700 61753
61753 16700 94464
16700 61753 94464
136528 16352 108087
16352 108087 136528
108087 16352 136528
28712 94371 135062
135062 28712 94371
94371 28712 135062
35390 60413 117466
117466 35390 60413
60413 35390 117466
50613 14147 137582
14147 50613 137582
137582 14147 50613
18196 29460 85895
85895 18196 29460
29460 18196 85895
22598 3292 120744
3292 22598 120744
120744 3292 22598
22855 18532 92432
18532 22855 92432
92432 18532 22855
24768 36205 110059
110059 24768 36205
36205 24768 110059
10752 26276 92929
92929 10752 26276
26276 10752 92929
142925 9110 51268
51268 9110 142925
9110 51268 142925
4672 94835 117335
117335 4672 94835
94835 4672 117335
129941 28704 124311
28704 124311 129941
124311 28704 129941
29978 76026 103882
103882 29978 76026
76026 29978 103882
118237 6338 143471
143471 6338 118237
6338 118237 143471
48900 96606 104886
104886 48900 96606
96606 48900 104886
59714 28228 48642
48642 28228 59714
28228 48642 59714
37889 98353 120672
98353 37889 120672
120672 37889 98353
8194 16463 116520
116520 8194 16463
16463 8194 116520
119532 103767 133499
103767 119532 133499
133499 103767 119532
73102 57039 139555
57039 73102 139555
139555 57039 73102
67068 78203 140158
78203 67068 140158
140158 67068 78203
100995 27207 55631
27207 55631 100995
55631 27207 100995
123330 82213 146488
146488 82213 123330
82213 123330 146488
137414 64507 114755
114755 64507 137414
64507 114755 137414
69481 9675 88808
9675 69481 88808
88808 9675 69481
96005 116738 141177
141177 96005 116738
116738 96005 141177
11031 8920 70515
8920 11031 70515
70515 8920 11031
92192 13820 141043
13820 92192 141043
141043 13820 92192
128000 49968 124778
49968 124778 128000
124778 49968 128000
26781 19907 83061
19907 26781 83061
83061 19907 26781
116431 23973 102987
102987 23973 116431
23973 102987 116431
12652 93301 130250
130250 12652 93301
93301 12652 130250
141054 60929 64966
60929 64966 141054
64966 60929 141054
107547 4914 7582
7582 4914 107547
4914 7582 107547
112438 36849 139068
36849 112438 139068
139068 36849 112438
30527 46112 107617
107617 30527 46112
46112 30527 107617
2929 70744 98978
98978 2929 70744
70744 2929 98978
46374 90575 91247
90575 46374 91247
91247 46374 90575
134426 26359 88241
88241 26359 134426
26359 88241 134426
146116 19119 128431
19119 128431 146116
128431 19119 146116
61831 10630 87769
10630 61831 87769
87769 10630 61831
31399 86291 118338
86291 31399 118338
118338 31399 86291
45192 50690 84729
50690 45192 84729
84729 45192 50690
78933 44510 54145
44510 54145 78933
54145 44510 78933
141968 15481 149014
15481 141968 149014
149014 15481 141968
45326 20471 78895
78895 20471 45326
20471 45326 78895
79620 85734 93797
93797 79620 85734
85734 79620 93797
4721 97566 114485
114485 4721 97566
97566 4721 114485
87981 47025 57457
57457 47025 87981
47025 57457 87981
120694 86591 86771
86591 86771 120694
86771 86591 120694
68047 18431 125368
125368 18431 68047
18431 68047 125368
47011 130886 148117
148117 47011 130886
130886 47011 148117
141119 83894 100872
100872 83894 141119
83894 100872 141119
18925 30185 142163
142163 18925 30185
30185 18925 142163
136740 25947 34437
34437 25947 136740
25947 34437 136740
50207 28746 95597
28746 50207 95597
95597 28746 50207
143455 41031 147103
147103 41031 143455
41031 143455 147103
135347 21232 141506
21232 135347 141506
141506 21232 135347
98500 110048 147250
110048 98500 147250
147250 98500 110048
43900 13794 17750
13794 17750 43900
17750 13794 43900
95802 11266 98186
11266 95802 98186
98186 11266 95802
20942 24809 68273
68273 20942 24809
24809 20942 68273
57034 113557 122045
122045 57034 113557
113557 57034 122045
64564 1864 90063
90063 1864 64564
1864 64564 90063
31648 53457 138899
138899 31648 53457
53457 31648 138899
78685 110052 132871
110052 78685 132871
132871 78685 110052
97458 4278 142531
4278 97458 142531
142531 4278 97458
88836 58757 144984
58757 88836 144984
144984 58757 88836
92025 26657 93092
93092 26657 92025
26657 92025 93092
21318 114031 138600
114031 21318 138600
138600 21318 114031
128437 77760 99907
99907 77760 128437
77760 99907 128437
81924 40501 41257
41257 40501 81924
40501 41257 81924
134804 12088 69780
12088 69780 134804
69780 12088 134804
123522 58735 114603
58735 114603 123522
114603 58735 123522
81562 123764 143501
143501 81562 123764
123764 81562 143501
10106 58583 110314
110314 10106 58583
58583 10106 110314
94468 42441 141223
141223 42441 94468
42441 94468 141223
28285 85089 108573
85089 28285 108573
108573 28285 85089
59453 42008 130883
130883 42008 59453
42008 59453 130883
8061 33449 107140
107140 8061 33449
33449 8061 107140
46096 97816 112250
97816 46096 112250
112250 46096 97816
149621 56367 114625
114625 56367 149621
56367 114625 149621
140004 35608 136252
35608 136252 140004
136252 35608 140004
107602 95022 124308
124308 95022 107602
95022 107602 124308
43972 42588 81190
81190 42588 43972
42588 43972 81190
30139 48244 49420
48244 30139 49420
49420 30139 48244
72515 36608 53008
36608 53008 72515
53008 36608 72515
22933 4617 71414
4617 22933 71414
71414 4617 22933
118003 118740 142652
118740 118003 142652
142652 118003 118740
26747 28027 42762
42762 26747 28027
28027 26747 42762
125563 28853 112025
28853 112025 125563
112025 28853 125563
21003 108047 142312
108047 21003 142312
142312 21003 108047
78813 17033 31342
17033 31342 78813
31342 17033 78813
102761 33750 69075
69075 33750 102761
33750 69075 102761
93033 28225 96025
96025 28225 93033
28225 93033 96025
138161 34798 139370
34798 138161 139370
139370 34798 138161
132564 117803 121419
117803 121419 132564
121419 117803 132564
105017 96119 124392
96119 105017 124392
124392 96119 105017
75374 72447 130326
72447 75374 130326
130326 72447 75374
92026 71992 87293
87293 71992 92026
71992 87293 92026
58243 22202 109385
22202 58243 109385
109385 22202 58243
85484 2700 109451
109451 2700 85484
2700 85484 109451
56069 7353 131884
7353 56069 131884
131884 7353 56069
53367 59301 70646
59301 53367 70646
70646 53367 59301
38382 99742 146914
99742 38382 146914
146914 38382 99742
136046 12914 95649
95649 12914 136046
12914 95649 136046
22493 47513 69911
47513 22493 69911
69911 22493 47513
108993 134371 148676
148676 108993 134371
134371 108993 148676
23183 127259 134258
134258 23183 127259
127259 23183 134258
112593 41715 84742
84742 41715 112593
41715 84742 112593
125267 64827 147855
147855 64827 125267
64827 125267 147855
37642 10482 56934
56934 10482 37642
10482 37642 56934
36675 45009 57069
57069 36675 45009
45009 36675 57069
78655 10536 93073
93073 10536 78655
10536 78655 93073
144854 59408 136976
59408 136976 144854
136976 59408 144854
126927 20498 46382
20498 46382 126927
46382 20498 126927
110386 44025 70932
44025 70932 110386
70932 44025 110386
65790 20241 100004
100004 20241 65790
20241 65790 100004
64950 38189 41429
38189 41429 64950
41429 38189 64950
41325 77461 80239
77461 41325 80239
80239 41325 77461
61888 22741 62602
62602 22741 61888
22741 61888 62602
31624 61859 136655
61859 31624 136655
136655 31624 61859
56746 100175 136616
100175 56746 136616
136616 56746 100175
79044 10540 134552
134552 10540 79044
10540 79044 134552
129748 48807 86562
86562 48807 129748
48807 86562 129748
55968 14125 90398
90398 14125 55968
14125 55968 90398
149919 43269 59033
43269 59033 149919
59033 43269 149919
105937 29652 106307
29652 105937 106307
106307 29652 105937
61124 120763 148326
120763 61124 148326
148326 61124 120763
60394 66685 69525
69525 60394 66685
66685 60394 69525
45070 94208 125656
94208 45070 125656
125656 45070 94208
86603 67105 107632
107632 67105 86603
67105 86603 107632
133751 79650 125317
125317 79650 133751
79650 125317 133751
78910 45715 136169
45715 78910 136169
136169 45715 78910
59513 32720 67647
32720 59513 67647
67647 32720 59513
110878 4426 86652
86652 4426 110878
4426 86652 110878
29296 44235 123930
44235 29296 123930
123930 29296 44235
70211 23739 54166
54166 23739 70211
23739 54166 70211
43134 88644 98526
98526 43134 88644
88644 43134 98526
13801 62783 79742
62783 13801 79742
79742 13801 62783
91960 43023 74272
74272 43023 91960
43023 74272 91960
25185 30887 89518
30887 25185 89518
89518 25185 30887
17590 37688 41503
41503 17590 37688
37688 17590 41503
126547 5049 66260
66260 5049 126547
5049 66260 126547
106100 33850 75745
33850 75745 106100
75745 33850 106100
12494 60273 60303
60273 12494 60303
60303 12494 60273
84182 1862 51168
51168 1862 84182
1862 51168 84182
132040 1517 52833
52833 1517 132040
1517 52833 132040
39913 43866 50993
50993 39913 43866
43866 39913 50993
107119 69169 88432
88432 69169 107119
69169 88432 107119
122566 39098 49685
49685 39098 122566
39098 49685 122566
86577 82551 137274
137274 82551 86577
82551 86577 137274
14280 130662 139683
139683 14280 130662
130662 14280 139683
21581 26908 71006
26908 21581 71006
71006 21581 26908
93650 7565 11593
11593 7565 93650
7565 11593 93650
52467 67444 137973
67444 52467 137973
137973 52467 67444
8094 40580 145608
145608 8094 40580
40580 8094 145608
49734 2921 149165
149165 2921 49734
2921 49734 149165
89241 99024 133089
133089 89241 99024
99024 89241 133089
106719 36293 110738
36293 106719 110738
110738 36293 106719
120399 86033 134284
86033 120399 134284
134284 86033 120399
122216 23769 147447
23769 122216 147447
147447 23769 122216
119215 36953 67432
67432 36953 119215
36953 67432 119215
134647 6848 142962
6848 134647 142962
142962 6848 134647
116927 28821 33424
28821 33424 116927
33424 28821 116927
12236 14927 82250
14927 12236 82250
82250 12236 14927
42465 63538 73183
73183 42465 63538
63538 42465 73183
48782 2802 113693
2802 48782 113693
113693 2802 48782
40683 77907 134461
77907 40683 134461
134461 40683 77907
17385 56948 65802
56948 17385 65802
65802 17385 56948
34678 36734 85352
36734 34678 85352
85352 34678 36734
34590 20790 67850
20790 34590 67850
67850 20790 34590
31471 51395 114098
114098 31471 51395
51395 31471 114098
13875 13455 91438
13455 13875 91438
91438 13455 13875
6624 37322 135635
135635 6624 37322
37322 6624 135635
100003 103857 135882
135882 100003 103857
103857 100003 135882
3657 31147 79238
31147 3657 79238
79238 3657 31147
49828 43508 100719
100719 43508 49828
43508 49828 100719
42462 19107 85543
85543 19107 42462
19107 42462 85543
122025 47998 117789
47998 117789 122025
117789 47998 122025
36146 127238 131329
131329 36146 127238
127238 36146 131329
133972 64592 66656
66656 64592 133972
64592 66656 133972
138289 29029 136273
136273 29029 138289
29029 136273 138289
38108 96792 139213
96792 38108 139213
139213 38108 96792
98945 23019 100945
23019 98945 100945
100945 23019 98945
50093 73771 105684
73771 50093 105684
105684 50093 73771
55988 12210 127839
127839 12210 55988
12210 55988 127839
84253 61736 84179
84179 61736 84253
61736 84179 84253
43334 11908 79266
79266 11908 43334
11908 43334 79266
89022 55829 138249
55829 89022 138249
138249 55829 89022
78664 23003 40048
23003 40048 78664
40048 23003 78664
93469 21512 58979
21512 58979 93469
58979 21512 93469
118889 17389 111778
17389 111778 118889
111778 17389 118889
27986 116751 136457
136457 27986 116751
116751 27986 136457
95317 7972 135620
7972 95317 135620
135620 7972 95317
61938 18272 111340
111340 18272 61938
18272 61938 111340
93308 86116 94654
86116 93308 94654
94654 86116 93308
69196 30286 66459
30286 66459 69196
66459 30286 69196
101210 118299 135875
118299 101210 135875
135875 101210 118299
27978 6737 9772
9772 6737 27978
6737 9772 27978
22696 40778 96804
40778 22696 96804
96804 22696 40778
69287 41797 144635
41797 69287 144635
144635 41797 69287
61301 2489 126653
2489 61301 126653
126653 2489 61301
48296 41140 97977
97977 41140 48296
41140 48296 97977
15314 51578 51873
51873 15314 51578
51578 15314 51873
14903 78116 90498
90498 14903 78116
78116 14903 90498
34939 44755 50466
50466 34939 44755
44755 34939 50466
86534 121470 137420
137420 86534 121470
121470 86534 137420
114260 25532 33469
33469 25532 114260
25532 33469 114260
99794 103977 143196
103977 99794 143196
143196 99794 103977
20208 24767 112164
24767 20208 112164
112164 20208 24767
77345 10494 38306
38306 10494 77345
10494 38306 77345
104685 20896 140993
20896 104685 140993
140993 20896 104685
50140 57922 147343
57922 50140 147343
147343 50140 57922
124499 36095 91014
91014 36095 124499
36095 91014 124499
38533 92475 105973
105973 38533 92475
92475 38533 105973
128117 38024 145704
145704 38024 128117
38024 128117 145704
74011 89966 120941
89966 74011 120941
120941 74011 89966
44675 4542 112168
112168 4542 44675
4542 44675 112168
92310 66067 136548
66067 92310 136548
136548 66067 92310
97908 76776 149238
76776 97908 149238
149238 76776 97908
122904 128461 139963
128461 122904 139963
139963 122904 128461
62493 91489 140960
91489 62493 140960
140960 62493 91489
64893 129424 146426
129424 64893 146426
146426 64893 129424
148644 21599 137876
137876 21599 148644
21599 137876 148644
89771 72352 140103
140103 72352 89771
72352 89771 140103
2486 83307 84512
84512 2486 83307
83307 2486 84512
79481 29707 46843
46843 29707 79481
29707 46843 79481
11165 82530 125490
125490 11165 82530
82530 11165 125490
98664 40257 82751
40257 82751 98664
82751 40257 98664
81699 92600 112724
112724 81699 92600
92600 81699 112724
73865 62550 79545
62550 73865 79545
79545 62550 73865
11032 22169 136536
22169 11032 136536
136536 11032 22169
149114 97538 103052
97538 103052 149114
103052 97538 149114
27383 21891 147589
21891 27383 147589
147589 21891 27383
49060 21941 145678
21941 49060 145678
145678 21941 49060
19958 13392 18100
13392 18100 19958
18100 13392 19958
143226 5270 133732
5270 133732 143226
133732 5270 143226
70685 67211 100440
100440 67211 70685
67211 70685 100440
103678 54642 55450
54642 55450 103678
55450 54642 103678
112690 56753 66636
56753 66636 112690
66636 56753 112690
11022 23291 36843
23291 11022 36843
36843 11022 23291
109920 15966 29274
29274 15966 109920
15966 29274 109920
13519 76806 89368
89368 13519 76806
76806 13519 89368
77283 1782 39366
1782 39366 77283
39366 1782 77283
27925 15666 16893
16893 15666 27925
15666 16893 27925
130309 50248 105534
50248 105534 130309
105534 50248 130309
53741 4409 114716
4409 53741 114716
114716 4409 53741
37715 35667 74673
35667 37715 74673
74673 35667 37715
35568 58603 130342
58603 35568 130342
130342 35568 58603
147071 55944 136003
55944 136003 147071
136003 55944 147071
123790 7858 107494
7858 107494 123790
107494 7858 123790
99630 50721 136925
50721 99630 136925
136925 50721 99630
114051 22798 144700
144700 22798 114051
22798 114051 144700
42285 104293 138691
138691 42285 104293
104293 42285 138691
122523 6399 26422
6399 26422 122523
26422 6399 122523
134103 7786 113277
7786 113277 134103
113277 7786 134103
140743 43499 83204
83204 43499 140743
43499 83204 140743
23237 3457 12173
12173 3457 23237
3457 12173 23237
36850 2696 131400
2696 36850 131400
131400 2696 36850
13394 80501 140036
80501 13394 140036
140036 13394 80501
83497 33337 108243
108243 33337 83497
33337 83497 108243
113984 126487 136980
126487 113984 136980
136980 113984 126487
51280 91416 129450
91416 51280 129450
129450 51280 91416
48338 111224 145726
145726 48338 111224
111224 48338 145726
57832 7940 36999
36999 7940 57832
7940 36999 57832
104143 135356 140872
135356 104143 140872
140872 104143 135356
5403 66906 137701
66906 5403 137701
137701 5403 66906
107608 124599 142369
124599 107608 142369
142369 107608 124599
62385 60450 88620
60450 62385 88620
88620 60450 62385
37608 382 67865
382 37608 67865
67865 382 37608
74233 105370 115490
115490 74233 105370
105370 74233 115490
100131 76061 126978
126978 76061 100131
76061 100131 126978
34336 20813 104729
104729 20813 34336
20813 34336 104729
22026 9794 32496
9794 22026 32496
32496 9794 22026
136482 109264 111421
109264 111421 136482
111421 109264 136482
118009 63738 131568
131568 63738 118009
63738 118009 131568
114859 62034 64435
64435 62034 114859
62034 64435 114859
33792 10180 107205
10180 33792 107205
107205 10180 33792
107848 67529 70067
67529 70067 107848
70067 67529 107848
101570 33323 124384
33323 101570 124384
124384 33323 101570
147098 31164 74599
74599 31164 147098
31164 74599 147098
78361 13931 142099
13931 78361 142099
142099 13931 78361
27175 86074 96279
86074 27175 96279
96279 27175 86074
43209 43951 95113
43951 43209 95113
95113 43209 43951
8093 8146 55359
8146 8093 55359
55359 8093 8146
104526 4634 74035
74035 4634 104526
4634 74035 104526
109482 12226 126022
126022 12226 109482
12226 109482 126022
72531 114763 117023
114763 72531 117023
117023 72531 114763
109279 88302 98296
98296 88302 109279
88302 98296 109279
22145 75670 143942
143942 22145 75670
75670 22145 143942
8338 91253 143208
143208 8338 91253
91253 8338 143208
108943 27135 141298
141298 27135 108943
27135 108943 141298
33092 57090 119449
119449 33092 57090
57090 33092 119449
108915 90477 137404
90477 108915 137404
137404 90477 108915
97588 61929 121971
121971 61929 97588
61929 97588 121971
84667 44607 99905
99905 44607 84667
44607 84667 99905
59599 57414 100259
100259 57414 59599
57414 59599 100259
121995 10394 21763
10394 21763 121995
21763 10394 121995
109842 64940 74709
74709 64940 109842
64940 74709 109842
29737 23040 121633
121633 23040 29737
23040 29737 121633
132599 82560 86762
82560 86762 132599
86762 82560 132599
72016 50811 87327
50811 72016 87327
87327 50811 72016
77139 79630 96570
79630 77139 96570
96570 77139 79630
6141 31340 94749
31340 6141 94749
94749 6141 31340
147237 21531 73501
73501 21531 147237
21531 73501 147237
145528 7346 127102
127102 7346 145528
7346 127102 145528
98201 18309 49122
18309 49122 98201
49122 18309 98201
35293 22802 84284
22802 35293 84284
84284 22802 35293
24551 24296 142110
142110 24296 24551
24296 24551 142110
51682 46505 130534
46505 51682 130534
130534 46505 51682
103601 96292 116569
96292 103601 116569
116569 96292 103601
86902 19029 45654
45654 19029 86902
19029 45654 86902
81678 17893 62514
62514 17893 81678
17893 62514 81678
39416 23318 39873
23318 39416 39873
39873 23318 39416
118263 27864 66427
66427 27864 118263
27864 66427 118263
114650 83838 122376
122376 83838 114650
83838 114650 122376
1811 46678 125289
46678 1811 125289
125289 1811 46678
103726 25628 81627
25628 81627 103726
81627 25628 103726
1227 45889 120036
120036 1227 45889
45889 1227 120036
76648 97477 100662
100662 76648 97477
97477 76648 100662
95919 4331 112058
4331 95919 112058
112058 4331 95919
20537 95489 114268
95489 20537 114268
114268 20537 95489
62803 4965 93966
4965 62803 93966
93966 4965 62803
98871 17222 82764
17222 82764 98871
82764 17222 98871
60210 8632 127957
127957 8632 60210
8632 60210 127957
12346 58180 71882
71882 12346 58180
58180 12346 71882
65660 48636 54435
48636 54435 65660
54435 48636 65660
147335 74899 146657
146657 74899 147335
74899 146657 147335
29266 28154 107777
107777 28154 29266
28154 29266 107777
91145 63801 68096
63801 68096 91145
68096 63801 91145
3955 102200 103137
103137 3955 102200
102200 3955 103137
46186 69769 120241
120241 46186 69769
69769 46186 120241
110403 38798 95310
95310 38798 110403
38798 95310 110403
113368 3947 137910
137910 3947 113368
3947 113368 137910
9077 37603 64767
37603 9077 64767
64767 9077 37603
124380 51334 108496
51334 108496 124380
108496 51334 124380
15583 119497 142433
142433 15583 119497
119497 15583 142433
141024 76028 79441
79441 76028 141024
76028 79441 141024
39885 48211 146853
146853 39885 48211
48211 39885 146853
53538 34503 134077
134077 34503 53538
34503 53538 134077
2957 41417 75711
75711 2957 41417
41417 2957 75711
46689 14821 96269
96269 14821 46689
14821 46689 96269
111606 2641 31524
2641 31524 111606
31524 2641 111606
40629 46021 69541
69541 40629 46021
46021 40629 69541
83943 20678 72064
72064 20678 83943
20678 72064 83943
101475 34317 146486
34317 101475 146486
146486 34317 101475
108302 3747 100700
100700 3747 108302
3747 100700 108302
102101 45302 119577
119577 45302 102101
45302 102101 119577
10458 142670 149706
142670 10458 149706
149706 10458 142670
108757 25221 66266
25221 66266 108757
66266 25221 108757
33632 42075 103238
103238 33632 42075
42075 33632 103238
71672 1089 112162
112162 1089 71672
