1304 665 681
665 681 1304
681 665 1304
722 733 994
994 722 733
733 722 994
1066 2 1014
2 1014 1066
1014 2 1066
318 597 1123
597 318 1123
1123 318 597
1251 449 1415
1415 449 1251
449 1251 1415
423 153 1492
153 423 1492
1492 153 423
625 381 1289
381 625 1289
1289 381 625
701 261 510
510 261 701
261 510 701
565 804 1452
1452 565 804
804 565 1452
1394 648 1465
648 1394 1465
1465 648 1394
966 773 827
827 773 966
773 827 966
1031 91 1292
91 1031 1292
1292 91 1031
66 172 525
172 66 525
525 66 172
876 60 436
436 60 876
60 436 876
559 282 917
282 559 917
917 282 559
112 70 410
410 70 112
70 112 410
941 285 815
285 815 941
815 285 941
93 219 1188
219 93 1188
1188 93 219
580 1114 1207
1114 580 1207
1207 580 1114
494 847 1181
1181 494 847
847 494 1181
103 446 800
446 103 800
800 103 446
1315 476 592
476 592 1315
592 476 1315
980 640 1341
1341 640 980
640 980 1341
839 12 138
12 138 839
138 12 839
808 487 1448
1448 487 808
487 808 1448
831 981 1040
981 831 1040
1040 831 981
1435 514 649
649 514 1435
514 649 1435
758 118 154
118 154 758
154 118 758
165 264 1288
1288 165 264
264 165 1288
319 274 911
274 319 911
911 274 319
1486 380 867
380 867 1486
867 380 1486
985 480 1366
1366 480 985
480 985 1366
1440 1011 1454
1011 1440 1454
1454 1011 1440
169 778 1152
778 169 1152
1152 169 778
596 125 1009
125 596 1009
1009 125 596
1353 766 937
766 937 1353
937 766 1353
639 393 895
895 393 639
393 639 895
1442 530 1239
1239 530 1442
530 1239 1442
127 76 749
749 76 127
76 127 749
1372 1004 1182
1182 1004 1372
1004 1182 1372
1427 204 651
204 651 1427
651 204 1427
1244 581 1277
581 1244 1277
1277 581 1244
1241 140 1196
1196 140 1241
140 1196 1241
333 197 1473
197 333 1473
1473 197 333
643 931 1373
1373 643 931
931 643 1373
1246 489 1405
1405 489 1246
489 1246 1405
750 560 1022
560 750 1022
1022 560 750
989 317 1256
317 989 1256
1256 317 989
922 78 734
78 734 922
734 78 922
1347 179 339
339 179 1347
179 339 1347
427 863 1019
863 427 1019
1019 427 863
222 479 679
679 222 479
479 222 679
812 303 729
729 303 812
303 729 812
905 407 607
607 407 905
407 607 905
1147 458 1421
458 1147 1421
1421 458 1147
1487 1148 1413
1413 1148 1487
1148 1413 1487
94 142 628
142 94 628
628 94 142
633 395 1295
1295 395 633
395 633 1295
1293 207 509
207 509 1293
509 207 1293
441 382 835
835 382 441
382 441 835
707 1109 1168
1168 707 1109
1109 707 1168
499 1079 1495
1079 499 1495
1495 499 1079
351 1284 1311
1311 351 1284
1284 351 1311
1155 893 1107
893 1107 1155
1107 893 1155
106 442 1323
1323 106 442
442 106 1323
821 353 608
353 608 821
608 353 821
780 1237 1336
1336 780 1237
1237 780 1336
602 849 1068
849 602 1068
1068 602 849
1197 203 862
862 203 1197
203 862 1197
811 245 306
306 245 811
245 306 811
891 744 1215
744 891 1215
1215 744 891
552 136 275
275 136 552
136 275 552
308 1376 1380
1376 308 1380
1380 308 1376
1206 507 1170
1170 507 1206
507 1170 1206
659 130 1048
130 659 1048
1048 130 659
403 850 1159
1159 403 850
850 403 1159
673 278 588
278 588 673
588 278 673
575 312 1318
312 575 1318
1318 312 575
336 724 793
793 336 724
724 336 793
518 270 653
653 270 518
270 518 653
771 624 846
624 771 846
846 624 771
447 150 836
150 447 836
836 150 447
506 1213 1354
1213 506 1354
1354 506 1213
1108 316 946
946 316 1108
316 946 1108
235 5 1390
1390 5 235
5 235 1390
788 206 669
669 206 788
206 669 788
1467 417 1259
417 1259 1467
1259 417 1467
290 13 1134
1134 13 290
13 290 1134
276 960 1049
1049 276 960
960 276 1049
769 176 1198
1198 176 769
176 769 1198
802 4 498
498 4 802
4 498 802
35 305 1021
1021 35 305
305 35 1021
1411 1070 1355
1070 1355 1411
1355 1070 1411
230 1192 1290
1290 230 1192
1192 230 1290
676 626 1321
1321 626 676
626 676 1321
1141 100 1377
100 1141 1377
1377 100 1141
684 109 683
109 683 684
683 109 684
1249 577 1097
577 1097 1249
1097 577 1249
1496 1154 1302
1154 1302 1496
1302 1154 1496
425 979 1245
1245 425 979
979 425 1245
1052 34 557
557 34 1052
34 557 1052
1322 776 900
900 776 1322
776 900 1322
848 27 460
460 27 848
27 460 848
1037 236 1140
1140 236 1037
236 1037 1140
107 566 1169
566 107 1169
1169 107 566
462 225 355
355 225 462
225 355 462
1171 686 1349
686 1171 1349
1349 686 1171
824 101 1272
101 824 1272
1272 101 824
1298 779 1219
1219 779 1298
779 1219 1298
131 68 564
564 68 131
68 131 564
117 18 615
18 117 615
615 18 117
609 784 949
949 609 784
784 609 949
1255 113 332
332 113 1255
113 332 1255
87 620 1320
620 87 1320
1320 87 620
1146 586 1301
1301 586 1146
586 1146 1301
325 334 1028
334 325 1028
1028 325 334
341 226 302
302 226 341
226 302 341
1382 497 998
998 497 1382
497 998 1382
327 82 637
637 82 327
82 327 637
473 266 1485
1485 266 473
266 473 1485
715 304 991
991 304 715
304 715 991
448 861 1370
861 448 1370
1370 448 861
787 47 551
551 47 787
47 551 787
569 1220 1234
1220 569 1234
1234 569 1220
1050 600 789
789 600 1050
600 789 1050
716 164 375
375 164 716
164 375 716
1034 139 400
139 400 1034
400 139 1034
271 630 667
667 271 630
630 271 667
697 470 1085
470 697 1085
1085 470 697
826 284 696
284 696 826
696 284 826
24 49 1230
1230 24 49
49 24 1230
725 678 1057
1057 678 725
678 725 1057
842 687 1157
1157 687 842
687 842 1157
171 162 869
869 162 171
162 171 869
444 265 1180
265 444 1180
1180 265 444
307 299 662
662 299 307
299 307 662
452 348 1026
348 452 1026
1026 348 452
229 528 1392
1392 229 528
528 229 1392
1348 1104 1368
1368 1104 1348
1104 1348 1368
321 578 723
578 321 723
723 321 578
1038 795 1018
795 1018 1038
1018 795 1038
984 1025 1174
1025 984 1174
1174 984 1025
971 772 882
882 772 971
772 882 971
1122 15 923
923 15 1122
15 923 1122
1138 523 1071
523 1071 1138
1071 523 1138
344 587 695
695 344 587
587 344 695
977 912 1074
1074 912 977
912 977 1074
409 360 892
892 360 409
360 409 892
1439 668 1103
1103 668 1439
668 1103 1439
359 469 1149
469 359 1149
1149 359 469
363 424 1484
424 363 1484
1484 363 424
832 346 515
346 515 832
515 346 832
323 149 663
149 323 663
663 149 323
792 617 1208
617 792 1208
1208 617 792
801 612 741
741 612 801
612 741 801
220 814 1489
1489 220 814
814 220 1489
1106 555 1268
1268 555 1106
555 1106 1268
419 1121 1211
1121 419 1211
1211 419 1121
799 544 1409
1409 544 799
544 799 1409
33 1177 1475
1475 33 1177
1177 33 1475
761 1064 1332
1332 761 1064
1064 761 1332
347 114 454
114 347 454
454 114 347
517 46 1378
1378 46 517
46 517 1378
688 315 437
315 437 688
437 315 688
141 604 1417
1417 141 604
604 141 1417
7 137 240
240 7 137
137 7 240
1087 250 645
250 645 1087
645 250 1087
328 785 1216
1216 328 785
785 328 1216
747 1008 1464
1008 747 1464
1464 747 1008
1094 421 1187
421 1094 1187
1187 421 1094
23 1299 1470
1299 23 1470
1470 23 1299
1432 461 492
492 461 1432
461 492 1432
1015 50 1161
50 1015 1161
1161 50 1015
974 293 1153
293 974 1153
1153 293 974
73 56 982
56 73 982
982 56 73
450 69 568
568 69 450
69 450 568
1226 194 573
194 573 1226
573 194 1226
1389 294 897
897 294 1389
294 897 1389
721 200 1364
1364 200 721
200 721 1364
1073 798 1163
1163 798 1073
798 1073 1163
1127 865 1418
1418 865 1127
865 1127 1418
978 932 1398
932 978 1398
1398 932 978
918 1027 1225
1225 918 1027
1027 918 1225
1201 988 1429
988 1201 1429
1429 988 1201
732 558 1437
1437 558 732
558 732 1437
160 309 822
822 160 309
309 160 822
622 10 790
790 10 622
10 622 790
1363 170 1264
1264 170 1363
170 1264 1363
1156 644 886
644 886 1156
886 644 1156
921 682 1385
682 921 1385
1385 682 921
147 186 762
762 147 186
186 147 762
174 202 943
943 174 202
202 174 943
39 196 288
288 39 196
196 39 288
1253 45 1001
45 1001 1253
1001 45 1253
1089 184 1408
1408 184 1089
184 1089 1408
783 1076 1305
1076 783 1305
1305 783 1076
1412 933 1334
933 1334 1412
1334 933 1412
1067 888 1016
1016 888 1067
888 1016 1067
387 903 1456
1456 387 903
903 387 1456
1166 927 1091
927 1091 1166
1091 927 1166
63 20 976
20 63 976
976 20 63
257 213 909
909 213 257
213 257 909
391 1010 1125
1010 391 1125
1125 391 1010
1164 483 1058
1058 483 1164
483 1058 1164
241 378 1359
378 241 1359
1359 241 378
538 433 599
599 433 538
433 538 599
1043 940 1265
940 1043 1265
1265 940 1043
852 273 1086
273 852 1086
1086 273 852
819 1132 1327
1132 819 1327
1327 819 1132
175 237 420
237 175 420
420 175 237
1179 246 1128
1128 246 1179
246 1128 1179
542 700 1374
700 542 1374
1374 542 700
474 934 1274
1274 474 934
934 474 1274
79 582 1029
582 79 1029
1029 79 582
41 286 689
286 41 689
689 41 286
357 902 1006
902 357 1006
1006 357 902
1406 25 632
632 25 1406
25 632 1406
440 818 1203
1203 440 818
818 440 1203
40 1133 1227
1227 40 1133
1133 40 1227
369 504 1063
504 369 1063
1063 369 504
1110 432 1099
1099 432 1110
432 1099 1110
1178 1165 1469
1469 1165 1178
1165 1178 1469
693 833 995
833 693 995
995 693 833
810 32 563
563 32 810
32 563 810
1135 907 1404
907 1135 1404
1404 907 1135
262 1443 1455
1443 262 1455
1455 262 1443
685 1116 1308
1116 685 1308
1308 685 1116
1410 133 720
133 720 1410
720 133 1410
952 383 938
383 938 952
938 383 952
1414 1118 1291
1291 1118 1414
1118 1291 1414
1361 694 1024
1024 694 1361
694 1024 1361
366 373 845
845 366 373
373 366 845
279 80 539
539 80 279
80 279 539
178 1260 1479
1479 178 1260
1260 178 1479
803 128 224
224 128 803
128 224 803
1498 277 992
992 277 1498
277 992 1498
574 1280 1324
1280 574 1324
1324 574 1280
385 1176 1200
1200 385 1176
1176 385 1200
311 233 356
356 233 311
233 311 356
396 526 1059
526 396 1059
1059 396 526
361 554 629
629 361 554
554 361 629
1075 964 1463
1463 964 1075
964 1075 1463
613 244 1243
1243 244 613
244 613 1243
1247 30 1453
30 1247 1453
1453 30 1247
675 365 1105
365 675 1105
1105 365 675
713 455 1030
1030 455 713
455 713 1030
764 295 1275
1275 295 764
295 764 1275
1266 529 915
915 529 1266
529 915 1266
1297 556 583
556 583 1297
583 556 1297
508 159 329
329 159 508
159 329 508
191 85 86
86 85 191
85 86 191
1420 31 619
31 619 1420
619 31 1420
1431 511 953
953 511 1431
511 953 1431
737 268 627
268 627 737
627 268 737
320 1005 1350
1350 320 1005
1005 320 1350
394 110 1098
1098 110 394
110 394 1098
698 735 1250
735 698 1250
1250 698 735
98 1229 1468
1229 98 1468
1468 98 1229
1362 52 1434
1434 52 1362
52 1362 1434
1375 185 516
516 185 1375
185 516 1375
944 692 1210
692 944 1210
1210 692 944
1307 340 567
567 340 1307
340 567 1307
1388 168 418
168 418 1388
418 168 1388
38 243 1126
243 38 1126
1126 38 243
731 148 280
280 148 731
148 280 731
1444 1271 1400
1400 1271 1444
1271 1400 1444
74 1186 1433
1433 74 1186
1186 74 1433
326 1144 1387
1144 326 1387
1387 326 1144
71 256 1461
256 71 1461
1461 71 256
1497 42 924
42 924 1497
924 42 1497
1090 238 774
774 238 1090
238 774 1090
358 64 1441
1441 64 358
64 358 1441
726 292 591
292 591 726
591 292 726
377 263 1205
1205 263 377
263 377 1205
1313 59 704
59 704 1313
704 59 1313
1300 216 1167
1167 216 1300
216 1167 1300
1124 84 1222
1222 84 1124
84 1124 1222
269 955 1314
1314 269 955
955 269 1314
719 501 1263
1263 501 719
501 719 1263
1236 490 562
562 490 1236
490 562 1236
1472 641 1281
1281 641 1472
641 1281 1472
390 401 680
401 390 680
680 390 401
472 834 881
881 472 834
834 472 881
873 459 757
757 459 873
459 757 873
195 3 1278
1278 3 195
3 195 1278
1017 670 796
796 670 1017
670 796 1017
48 443 820
443 48 820
820 48 443
896 505 535
535 505 896
505 535 896
234 1069 1088
1088 234 1069
1069 234 1088
1342 553 1221
553 1221 1342
1221 553 1342
430 405 1189
405 430 1189
1189 405 430
973 129 1416
1416 129 973
129 973 1416
173 96 1283
96 173 1283
1283 96 173
987 541 935
541 935 987
935 541 987
1287 354 855
855 354 1287
354 855 1287
1162 132 414
132 414 1162
414 132 1162
371 1356 1451
1451 371 1356
1356 371 1451
962 29 859
859 29 962
29 859 962
1339 702 1072
1072 702 1339
702 1072 1339
717 1084 1282
1084 717 1282
1282 717 1084
146 8 840
840 8 146
8 146 840
1371 496 858
496 858 1371
858 496 1371
1143 777 1130
1130 777 1143
777 1130 1143
1360 594 950
950 594 1360
594 950 1360
512 524 540
540 512 524
524 512 540
906 9 337
9 337 906
337 9 906
898 456 1462
1462 456 898
456 898 1462
88 431 1257
1257 88 431
431 88 1257
1333 871 899
899 871 1333
871 899 1333
877 522 1267
1267 522 877
522 877 1267
301 402 775
402 301 775
775 301 402
755 124 703
124 703 755
703 124 755
1328 58 255
255 58 1328
58 255 1328
17 105 362
105 17 362
362 17 105
1053 545 1172
1172 545 1053
545 1053 1172
1369 1199 1402
1402 1199 1369
1199 1369 1402
55 658 1081
658 55 1081
1081 55 658
92 152 227
227 92 152
152 92 227
584 11 754
754 11 584
11 584 754
364 920 1173
920 364 1173
1173 364 920
1013 205 428
428 205 1013
205 428 1013
1117 75 471
75 471 1117
471 75 1117
894 26 180
180 26 894
26 180 894
1254 123 406
123 406 1254
406 123 1254
1046 965 1316
1316 965 1046
965 1046 1316
813 253 958
253 813 958
958 253 813
623 223 1381
1381 223 623
223 623 1381
1474 1238 1384
1384 1238 1474
1238 1384 1474
1446 999 1337
999 1337 1446
1337 999 1446
90 251 990
251 90 990
990 90 251
866 208 1490
208 866 1490
1490 208 866
215 429 705
429 215 705
705 215 429
926 916 1045
1045 916 926
916 926 1045
652 199 1343
1343 199 652
199 652 1343
167 99 121
99 121 167
121 99 167
710 967 1358
967 710 1358
1358 710 967
376 190 438
438 190 376
190 376 438
151 247 374
247 151 374
374 151 247
1223 267 1092
267 1092 1223
1092 267 1223
763 484 1035
484 763 1035
1035 484 763
611 1119 1494
1119 611 1494
1494 611 1119
546 1319 1476
1476 546 1319
1319 546 1476
398 738 748
738 398 748
748 398 738
119 144 970
144 119 970
970 119 144
463 939 1231
939 463 1231
1231 463 939
1160 549 656
549 656 1160
656 549 1160
708 104 1204
1204 104 708
104 708 1204
1214 690 756
690 756 1214
756 690 1214
816 102 753
753 102 816
102 753 816
887 231 258
258 231 887
231 258 887
925 254 1233
254 925 1233
1233 254 925
1062 115 297
297 115 1062
115 297 1062
1499 218 879
879 218 1499
218 879 1499
209 634 1449
634 209 1449
1449 209 634
1426 349 878
878 349 1426
349 878 1426
145 714 1080
1080 145 714
714 145 1080
570 16 411
16 411 570
411 16 570
1190 211 384
211 384 1190
384 211 1190
1436 636 1129
1129 636 1436
636 1129 1436
1003 65 536
536 65 1003
65 536 1003
1044 51 1500
51 1044 1500
1500 51 1044
954 43 571
571 43 954
43 571 954
1175 212 1232
1232 212 1175
212 1175 1232
664 606 860
860 606 664
606 664 860
1425 1261 1477
1261 1425 1477
1477 1261 1425
1262 513 1393
1393 513 1262
513 1262 1393
576 72 1185
72 576 1185
1185 72 576
413 122 854
854 122 413
122 413 854
22 408 1150
408 22 1150
1150 22 408
711 44 296
44 296 711
296 44 711
1325 388 519
519 388 1325
388 519 1325
77 120 477
120 77 477
477 77 120
464 532 969
532 464 969
969 464 532
1240 324 434
434 324 1240
324 434 1240
857 993 1101
993 857 1101
1101 857 993
486 335 660
335 486 660
660 335 486
445 521 691
691 445 521
521 445 691
1061 310 986
310 986 1061
986 310 1061
367 61 1194
1194 61 367
61 367 1194
864 116 806
806 116 864
116 806 864
252 1471 1478
1471 252 1478
1478 252 1471
1228 493 1273
493 1228 1273
1273 493 1228
166 870 1303
870 166 1303
1303 166 870
188 291 1399
1399 188 291
291 188 1399
550 817 1039
1039 550 817
817 550 1039
650 759 1338
759 650 1338
1338 650 759
465 14 345
345 14 465
14 345 465
930 198 797
797 198 930
198 797 930
1306 1269 1330
1330 1269 1306
1269 1306 1330
718 156 1183
156 718 1183
1183 156 718
287 760 1310
760 287 1310
1310 287 760
21 618 1286
618 21 1286
1286 21 618
1032 259 1042
259 1032 1042
1042 259 1032
1491 158 1158
1158 158 1491
158 1158 1491
485 885 1294
1294 485 885
885 485 1294
533 495 742
742 495 533
495 533 742
770 1082 1401
1401 770 1082
1082 770 1401
880 97 957
957 97 880
97 880 957
453 248 1023
1023 248 453
248 453 1023
1036 942 1459
1459 942 1036
942 1036 1459
193 598 1060
1060 193 598
598 193 1060
872 1112 1480
1480 872 1112
1112 872 1480
829 482 1447
1447 482 829
482 829 1447
392 177 740
740 177 392
177 392 740
699 765 1193
765 699 1193
1193 699 765
1095 343 1312
343 1095 1312
1312 343 1095
959 1218 1481
1218 959 1481
1481 959 1218
95 671 890
671 95 890
890 95 671
183 298 1100
1100 183 298
298 183 1100
1383 828 1235
1235 828 1383
828 1235 1383
548 53 889
53 548 889
889 53 548
439 752 1335
1335 439 752
752 439 1335
947 572 745
572 745 947
745 572 947
1000 1137 1202
1137 1000 1202
1202 1000 1137
616 1 111
1 111 616
111 1 616
884 781 1047
781 884 1047
1047 781 884
1445 404 1248
404 1248 1445
1248 404 1445
727 1093 1458
1093 727 1458
1458 727 1093
972 743 841
841 743 972
743 841 972
589 242 1139
1139 242 589
242 589 1139
249 1056 1242
1056 249 1242
1242 249 1056
768 728 1391
1391 728 768
728 768 1391
883 786 1020
786 883 1020
1020 786 883
1345 314 412
314 412 1345
412 314 1345
1252 928 1396
928 1252 1396
1396 928 1252
621 467 1285
1285 467 621
467 621 1285
951 126 143
143 126 951
126 143 951
457 422 1131
1131 422 457
422 457 1131
601 108 210
210 108 601
108 210 601
451 929 1460
929 451 1460
1460 451 929
62 161 1136
161 62 1136
1136 62 161
300 201 1209
201 300 1209
1209 201 300
1344 192 646
646 192 1344
192 646 1344
1483 478 838
478 838 1483
838 478 1483
372 322 1329
1329 322 372
322 372 1329
1258 57 823
823 57 1258
57 823 1258
1379 642 1077
642 1077 1379
1077 642 1379
397 370 579
370 397 579
579 370 397
1111 874 1466
1466 874 1111
874 1111 1466
677 260 1346
260 677 1346
1346 260 677
1352 6 1224
6 1224 1352
1224 6 1352
1212 491 1430
491 1212 1430
1430 491 1212
352 585 635
585 352 635
635 352 585
1055 805 1151
805 1055 1151
1151 805 1055
936 901 1423
1423 901 936
901 936 1423
28 794 1012
794 28 1012
1012 28 794
399 468 1191
1191 399 468
468 399 1191
283 214 657
214 283 657
657 214 283
1340 330 481
330 481 1340
481 330 1340
537 666 1367
1367 537 666
666 537 1367
746 435 520
520 435 746
435 520 746
730 856 1279
1279 730 856
856 730 1279
543 289 1397
289 543 1397
1397 289 543
1184 67 1424
67 1184 1424
1424 67 1184
331 54 281
281 54 331
54 281 331
712 89 163
163 89 712
89 163 712
739 1120 1457
1120 739 1457
1457 739 1120
1482 614 983
983 614 1482
614 983 1482
1326 272 968
272 968 1326
968 272 1326
851 1365 1386
1365 851 1386
1386 851 1365
945 313 590
313 590 945
590 313 945
830 527 1270
527 830 1270
1270 527 830
221 767 1276
1276 221 767
767 221 1276
1428 239 389
389 239 1428
239 389 1428
426 415 1296
1296 415 426
415 426 1296
83 837 975
837 83 975
975 83 837
706 674 1078
1078 674 706
674 706 1078
561 379 948
948 379 561
379 561 948
19 843 1145
1145 19 843
843 19 1145
1331 963 1403
963 1331 1403
1403 963 1331
342 807 1002
1002 342 807
807 342 1002
809 961 1195
961 809 1195
1195 809 961
547 996 1351
1351 547 996
996 547 1351
1438 875 1102
1102 875 1438
875 1102 1438
1051 531 997
997 531 1051
531 997 1051
1041 187 736
736 187 1041
187 736 1041
1450 475 868
475 868 1450
868 475 1450
655 36 610
610 36 655
36 610 655
81 1083 1217
1083 81 1217
1217 81 1083
217 466 1488
1488 217 466
466 217 1488
1142 1065 1113
1113 1065 1142
1065 1113 1142
631 189 338
338 189 631
189 338 631
919 386 1007
1007 386 919
386 919 1007
1096 661 914
914 661 1096
661 914 1096
181 488 1033
1033 181 488
488 181 1033
908 672 825
825 672 908
672 825 908
135 155 913
155 135 913
913 135 155
232 605 1493
1493 232 605
605 232 1493
1115 350 751
350 751 1115
751 350 1115
1407 654 853
654 853 1407
853 654 1407
595 844 1419
844 595 1419
1419 595 844
904 134 782
134 782 904
782 134 904
534 368 647
368 534 647
647 368 534
1357 157 228
157 228 1357
228 157 1357
1054 500 1422
500 1054 1422
1422 500 1054
603 593 910
910 593 603
593 603 910
1317 182 638
182 638 1317
638 182 1317
416 709 956
709 416 956
956 416 709
37 503 1309
503 37 1309
1309 37 503
502 791 1395
1395 502 791
791 502 1395
