1661 6327 9229
6327 1661 9229
9229 1661 6327
13783 1951 2952
1951 2952 13783
2952 1951 13783
9506 1886 6954
1886 6954 9506
6954 1886 9506
533 127 14874
127 533 14874
14874 127 533
9133 4043 8526
8526 4043 9133
4043 8526 9133
5422 1513 7022
1513 5422 7022
7022 1513 5422
11550 2432 12407
2432 11550 12407
12407 2432 11550
3510 835 8387
8387 835 3510
835 3510 8387
4936 3523 12574
12574 3523 4936
3523 4936 12574
12693 1641 5175
1641 5175 12693
5175 1641 12693
1352 720 9039
9039 720 1352
720 1352 9039
13958 2728 9059
9059 2728 13958
2728 9059 13958
1241 597 13396
597 1241 13396
13396 597 1241
13561 12818 13105
13105 12818 13561
12818 13105 13561
5093 5806 12308
5806 5093 12308
12308 5093 5806
5032 593 3281
3281 593 5032
593 3281 5032
6127 9528 12569
9528 6127 12569
12569 6127 9528
3 10403 13563
10403 3 13563
13563 3 10403
13566 3748 4165
4165 3748 13566
3748 4165 13566
1849 237 416
416 237 1849
237 416 1849
12529 11149 13161
11149 12529 13161
13161 11149 12529
7911 12099 13496
13496 7911 12099
12099 7911 13496
3584 619 5054
5054 619 3584
619 3584 5054
10496 9131 13469
9131 10496 13469
13469 9131 10496
3219 4266 13149
13149 3219 4266
4266 3219 13149
14226 6569 14354
14354 6569 14226
6569 14226 14354
2829 2129 9345
2129 2829 9345
9345 2129 2829
12110 577 12965
577 12110 12965
12965 577 12110
5411 5937 7649
7649 5411 5937
5937 5411 7649
2297 1519 13472
1519 2297 13472
13472 1519 2297
2242 2019 3447
2019 2242 3447
3447 2019 2242
12344 3856 12358
12358 3856 12344
3856 12344 12358
11071 8303 9988
9988 8303 11071
8303 9988 11071
6941 10249 12744
10249 6941 12744
12744 6941 10249
9132 7768 13724
7768 9132 13724
13724 7768 9132
3891 542 2955
2955 542 3891
542 2955 3891
11591 2429 9445
2429 9445 11591
9445 2429 11591
13816 3903 13536
13536 3903 13816
3903 13536 13816
12351 1545 5858
5858 1545 12351
1545 5858 12351
9367 5279 14028
5279 9367 14028
14028 5279 9367
6326 6062 8222
6062 6326 8222
8222 6062 6326
13347 605 10299
10299 605 13347
605 10299 13347
3905 7464 8402
8402 3905 7464
7464 3905 8402
5400 5756 11134
5756 5400 11134
11134 5400 5756
14968 1103 11273
1103 11273 14968
11273 1103 14968
2209 1923 14292
1923 2209 14292
14292 1923 2209
13610 10760 10955
10955 10760 13610
10760 10955 13610
6584 10053 13364
13364 6584 10053
10053 6584 13364
12650 2409 5141
5141 2409 12650
2409 5141 12650
1801 2929 14501
14501 1801 2929
2929 1801 14501
7794 4822 7282
4822 7282 7794
7282 4822 7794
13618 9188 13935
9188 13618 13935
13935 9188 13618
14704 357 11448
357 11448 14704
11448 357 14704
2905 7183 10986
10986 2905 7183
7183 2905 10986
1666 7781 8568
8568 1666 7781
7781 1666 8568
10899 3245 12331
12331 3245 10899
3245 10899 12331
14789 2605 8882
2605 8882 14789
8882 2605 14789
2008 2511 11011
11011 2008 2511
2511 2008 11011
1404 4329 5186
5186 1404 4329
4329 1404 5186
10903 4414 9410
9410 4414 10903
4414 9410 10903
13539 1075 10791
1075 10791 13539
10791 1075 13539
12470 9896 14767
9896 12470 14767
14767 9896 12470
1655 8524 14016
14016 1655 8524
8524 1655 14016
7015 4601 9504
4601 7015 9504
9504 4601 7015
5469 272 11855
11855 272 5469
272 5469 11855
13621 239 14077
239 13621 14077
14077 239 13621
2400 4486 13579
13579 2400 4486
4486 2400 13579
12676 5206 11971
5206 11971 12676
11971 5206 12676
7587 7533 7763
7763 7533 7587
7533 7587 7763
2257 9892 11327
9892 2257 11327
11327 2257 9892
1927 1664 3942
1664 1927 3942
3942 1664 1927
10168 10144 10995
10144 10168 10995
10995 10144 10168
2195 2082 6522
6522 2082 2195
2082 2195 6522
5133 3602 10820
3602 5133 10820
10820 3602 5133
7148 13122 13934
13122 7148 13934
13934 7148 13122
8202 12083 12695
12083 8202 12695
12695 8202 12083
14587 3095 11126
3095 11126 14587
11126 3095 14587
3278 910 3996
3996 910 3278
910 3278 3996
10286 3276 6198
3276 6198 10286
6198 3276 10286
1090 9636 12732
9636 1090 12732
12732 1090 9636
8492 3093 14211
3093 8492 14211
14211 3093 8492
93 5793 8582
8582 93 5793
5793 93 8582
3669 9085 14490
9085 3669 14490
14490 3669 9085
9237 478 13728
13728 478 9237
478 9237 13728
10609 538 7211
538 7211 10609
7211 538 10609
14663 3767 12152
12152 3767 14663
3767 12152 14663
8545 6533 9190
6533 8545 9190
9190 6533 8545
12551 2777 14313
2777 12551 14313
14313 2777 12551
2397 2461 4582
4582 2397 2461
2461 2397 4582
3780 851 1776
1776 851 3780
851 1776 3780
6986 5745 9735
5745 6986 9735
9735 5745 6986
2448 5052 12964
5052 2448 12964
12964 2448 5052
14338 11355 11434
11355 11434 14338
11434 11355 14338
650 7304 14654
14654 650 7304
7304 650 14654
6562 11288 12769
11288 6562 12769
12769 6562 11288
4450 6765 11460
6765 4450 11460
11460 4450 6765
1028 8811 9359
8811 1028 9359
9359 1028 8811
14737 4835 13840
13840 4835 14737
4835 13840 14737
8001 6891 13467
6891 8001 13467
13467 6891 8001
4432 9257 12740
12740 4432 9257
9257 4432 12740
12545 12108 13771
13771 12108 12545
12108 12545 13771
14256 2171 3049
2171 3049 14256
3049 2171 14256
6774 7053 9168
7053 6774 9168
9168 6774 7053
14633 4373 6728
6728 4373 14633
4373 6728 14633
1319 531 6748
531 1319 6748
6748 531 1319
2821 2071 2147
2147 2071 2821
2071 2147 2821
5650 923 14995
14995 923 5650
923 5650 14995
14166 1506 11389
1506 11389 14166
11389 1506 14166
8247 5253 8575
5253 8247 8575
8575 5253 8247
10915 4745 6827
4745 6827 10915
6827 4745 10915
12802 1497 11493
11493 1497 12802
1497 11493 12802
13598 8747 14982
8747 13598 14982
14982 8747 13598
12370 2516 7732
7732 2516 12370
2516 7732 12370
1286 9449 10538
9449 1286 10538
10538 1286 9449
13215 4251 6787
4251 6787 13215
6787 4251 13215
1676 3637 12998
3637 1676 12998
12998 1676 3637
3959 5849 13848
5849 3959 13848
13848 3959 5849
468 11829 13065
13065 468 11829
11829 468 13065
10914 5385 8840
8840 5385 10914
5385 8840 10914
1703 4045 10261
4045 1703 10261
10261 1703 4045
9024 14260 14618
14260 9024 14618
14618 9024 14260
2054 3875 5898
5898 2054 3875
3875 2054 5898
5966 11967 12721
12721 5966 11967
11967 5966 12721
7481 8459 9014
8459 7481 9014
9014 7481 8459
6832 555 10700
555 6832 10700
10700 555 6832
6922 9403 12265
9403 6922 12265
12265 6922 9403
10458 613 11319
613 10458 11319
11319 613 10458
7145 5602 10572
10572 5602 7145
5602 7145 10572
13444 452 4909
452 4909 13444
4909 452 13444
4482 2537 11806
2537 4482 11806
11806 2537 4482
2732 3262 5787
5787 2732 3262
3262 2732 5787
2472 7081 14199
7081 2472 14199
14199 2472 7081
7555 2367 8059
2367 7555 8059
8059 2367 7555
5685 2012 7856
2012 5685 7856
7856 2012 5685
7796 6146 12205
12205 6146 7796
6146 7796 12205
14885 11307 12692
11307 12692 14885
12692 11307 14885
6551 3305 6661
3305 6551 6661
6661 3305 6551
2696 2855 9362
9362 2696 2855
2855 2696 9362
9378 4388 8900
8900 4388 9378
4388 8900 9378
4138 5972 9616
9616 4138 5972
5972 4138 9616
4973 208 13177
208 4973 13177
13177 208 4973
6521 8442 8768
8442 6521 8768
8768 6521 8442
12814 510 12324
510 12324 12814
12324 510 12814
5910 8302 10459
8302 5910 10459
10459 5910 8302
12489 11007 14671
14671 11007 12489
11007 12489 14671
6122 2015 9510
9510 2015 6122
2015 6122 9510
3859 3600 5730
5730 3600 3859
3600 3859 5730
10691 1458 14797
14797 1458 10691
1458 10691 14797
3864 226 9280
226 3864 9280
9280 226 3864
4683 9140 11364
11364 4683 9140
9140 4683 11364
12865 2184 7730
2184 7730 12865
7730 2184 12865
11076 59 259
59 259 11076
259 59 11076
7202 4985 14123
14123 4985 7202
4985 7202 14123
5716 7861 9620
7861 5716 9620
9620 5716 7861
11668 5426 13220
5426 11668 13220
13220 5426 11668
11666 982 8277
982 8277 11666
8277 982 11666
8910 4299 5631
5631 4299 8910
4299 5631 8910
4013 8984 12595
12595 4013 8984
8984 4013 12595
11618 11401 14860
11401 11618 14860
14860 11401 11618
5553 2574 6253
2574 5553 6253
6253 2574 5553
7521 4952 5768
4952 5768 7521
5768 4952 7521
1560 4091 5458
4091 1560 5458
5458 1560 4091
6365 9058 13515
13515 6365 9058
9058 6365 13515
13954 4841 12929
12929 4841 13954
4841 12929 13954
638 4840 9019
4840 638 9019
9019 638 4840
4127 7982 10484
10484 4127 7982
7982 4127 10484
13916 6526 10157
6526 10157 13916
10157 6526 13916
1904 5679 5868
5868 1904 5679
5679 1904 5868
4545 3611 12833
3611 4545 12833
12833 3611 4545
12798 876 13470
13470 876 12798
876 12798 13470
10911 11882 13020
13020 10911 11882
11882 10911 13020
14136 10844 12441
12441 10844 14136
10844 12441 14136
5101 3371 14182
3371 5101 14182
14182 3371 5101
7608 2118 4770
2118 4770 7608
4770 2118 7608
5554 5697 9709
5697 5554 9709
9709 5554 5697
13839 5291 13073
5291 13073 13839
13073 5291 13839
7879 4869 13653
13653 4869 7879
4869 7879 13653
1097 2557 13682
13682 1097 2557
2557 1097 13682
1593 672 4281
4281 672 1593
672 1593 4281
8279 1376 13519
13519 1376 8279
1376 8279 13519
1295 4833 14948
14948 1295 4833
4833 1295 14948
1564 6443 14622
14622 1564 6443
6443 1564 14622
10655 9703 10886
10886 9703 10655
9703 10655 10886
5344 4834 5513
4834 5344 5513
5513 4834 5344
6943 1411 2240
1411 2240 6943
2240 1411 6943
4066 3396 8785
8785 3396 4066
3396 4066 8785
5223 1250 2710
2710 1250 5223
1250 2710 5223
13276 2292 5909
2292 5909 13276
5909 2292 13276
8397 9638 14621
14621 8397 9638
9638 8397 14621
7427 8466 14632
8466 7427 14632
14632 7427 8466
2554 5862 12934
12934 2554 5862
5862 2554 12934
2468 2404 6524
6524 2404 2468
2404 2468 6524
7411 269 8695
269 7411 8695
8695 269 7411
4318 566 9843
566 4318 9843
9843 566 4318
11652 826 3697
3697 826 11652
826 3697 11652
12678 12513 14080
12513 12678 14080
14080 12513 12678
13615 4758 10352
4758 10352 13615
10352 4758 13615
13804 9895 11863
11863 9895 13804
9895 11863 13804
4478 5321 10736
5321 4478 10736
10736 4478 5321
11386 4130 7895
4130 7895 11386
7895 4130 11386
4458 10747 13452
13452 4458 10747
10747 4458 13452
546 8126 13861
8126 546 13861
13861 546 8126
5304 2491 3564
2491 3564 5304
3564 2491 5304
12177 4200 14703
4200 12177 14703
14703 4200 12177
6471 2192 12021
2192 6471 12021
12021 2192 6471
10959 19 9538
9538 19 10959
19 9538 10959
10103 909 5430
5430 909 10103
909 5430 10103
7035 84 7723
84 7035 7723
7723 84 7035
13051 11526 14006
11526 13051 14006
14006 11526 13051
8956 3938 13260
13260 3938 8956
3938 8956 13260
5110 4145 9248
9248 4145 5110
4145 5110 9248
4513 8973 13643
8973 4513 13643
13643 4513 8973
11524 963 14734
963 11524 14734
14734 963 11524
7422 1074 1338
1338 1074 7422
1074 1338 7422
12847 9521 10162
10162 9521 12847
9521 10162 12847
5328 8911 10738
8911 5328 10738
10738 5328 8911
10124 3694 6872
3694 6872 10124
6872 3694 10124
1986 1178 8306
8306 1178 1986
1178 1986 8306
8930 4258 7466
7466 4258 8930
4258 7466 8930
7673 10648 13715
10648 7673 13715
13715 7673 10648
4134 11486 13562
11486 4134 13562
13562 4134 11486
4449 4072 5287
5287 4072 4449
4072 4449 5287
11014 10501 11870
10501 11014 11870
11870 10501 11014
5813 10667 14656
10667 5813 14656
14656 5813 10667
12978 9446 10022
9446 10022 12978
10022 9446 12978
1926 10737 12660
12660 1926 10737
10737 1926 12660
7819 675 8019
8019 675 7819
675 7819 8019
9674 94 155
94 155 9674
155 94 9674
10928 627 10368
627 10368 10928
10368 627 10928
5423 10255 13404
10255 5423 13404
13404 5423 10255
14822 464 11729
11729 464 14822
464 11729 14822
10153 7077 11582
11582 7077 10153
7077 10153 11582
9657 2345 5103
5103 2345 9657
2345 5103 9657
12193 4264 9683
9683 4264 12193
4264 9683 12193
8798 2619 7518
7518 2619 8798
2619 7518 8798
3553 7100 7347
7347 3553 7100
7100 3553 7347
14999 10210 12398
10210 12398 14999
12398 10210 14999
7813 883 7264
7264 883 7813
883 7264 7813
1461 9661 14367
9661 1461 14367
14367 1461 9661
1501 1590 9342
1590 1501 9342
9342 1501 1590
1311 5012 11368
11368 1311 5012
5012 1311 11368
14900 5529 9671
9671 5529 14900
5529 9671 14900
6567 3185 14331
3185 6567 14331
14331 3185 6567
4316 2374 3833
3833 2374 4316
2374 3833 4316
13833 12515 12899
12515 12899 13833
12899 12515 13833
2883 4446 7157
7157 2883 4446
4446 2883 7157
5528 2972 12958
12958 2972 5528
2972 5528 12958
11470 5006 9575
5006 9575 11470
9575 5006 11470
1483 3283 12147
12147 1483 3283
3283 1483 12147
5000 72 7677
7677 72 5000
72 5000 7677
4628 4666 12250
12250 4628 4666
4666 4628 12250
8650 3708 4378
3708 4378 8650
4378 3708 8650
4113 2762 13096
2762 4113 13096
13096 2762 4113
12889 7631 14079
7631 12889 14079
14079 7631 12889
9226 13024 13292
13024 9226 13292
13292 9226 13024
4589 11034 12973
11034 4589 12973
12973 4589 11034
1076 5625 5902
5902 1076 5625
5625 1076 5902
4077 5507 8483
5507 4077 8483
8483 4077 5507
8978 6958 11778
6958 8978 11778
11778 6958 8978
13423 8701 10096
8701 10096 13423
10096 8701 13423
5286 5566 10049
10049 5286 5566
5566 5286 10049
12051 911 7359
911 7359 12051
7359 911 12051
2663 3265 12354
3265 2663 12354
12354 2663 3265
7567 7312 11908
7312 7567 11908
11908 7312 7567
13838 2288 3872
2288 3872 13838
3872 2288 13838
13785 1243 10393
10393 1243 13785
1243 10393 13785
14373 172 3188
3188 172 14373
172 3188 14373
5914 2163 11410
2163 5914 11410
11410 2163 5914
9750 2150 13355
2150 9750 13355
13355 2150 9750
3006 3379 8029
8029 3006 3379
3379 3006 8029
3269 4351 11300
11300 3269 4351
4351 3269 11300
2863 10597 14106
14106 2863 10597
10597 2863 14106
7216 626 6753
6753 626 7216
626 6753 7216
947 10774 12538
10774 947 12538
12538 947 10774
1462 789 1631
789 1462 1631
1631 789 1462
7340 7910 8357
8357 7340 7910
7910 7340 8357
14536 7 3121
7 3121 14536
3121 7 14536
2611 11424 14770
14770 2611 11424
11424 2611 14770
9647 437 13851
437 9647 13851
13851 437 9647
2862 732 12596
12596 732 2862
732 2862 12596
1882 13058 13959
13058 1882 13959
13959 1882 13058
4772 2237 6613
6613 2237 4772
2237 4772 6613
11433 1002 9732
9732 1002 11433
1002 9732 11433
3074 9121 12620
9121 3074 12620
12620 3074 9121
5928 1578 11542
11542 1578 5928
1578 5928 11542
8114 124 10812
124 8114 10812
10812 124 8114
12242 797 2026
797 2026 12242
2026 797 12242
6221 6254 11707
11707 6221 6254
6254 6221 11707
5125 500 4125
4125 500 5125
500 4125 5125
7108 2882 9873
9873 2882 7108
2882 7108 9873
14398 14482 14947
14947 14398 14482
14482 14398 14947
1859 3835 8641
8641 1859 3835
3835 1859 8641
4219 7806 12866
7806 4219 12866
12866 4219 7806
895 6667 10133
10133 895 6667
6667 895 10133
3464 4198 12926
4198 3464 12926
12926 3464 4198
4172 1469 13908
1469 4172 13908
13908 1469 4172
816 3882 12469
3882 816 12469
12469 816 3882
66 1099 8036
1099 66 8036
8036 66 1099
7766 362 9169
362 7766 9169
9169 362 7766
6280 461 5751
5751 461 6280
461 5751 6280
6880 4383 5388
4383 5388 6880
5388 4383 6880
14864 3156 13210
3156 13210 14864
13210 3156 14864
6377 4867 13606
4867 6377 13606
13606 4867 6377
12986 10721 14365
14365 10721 12986
10721 12986 14365
184 2846 14991
14991 184 2846
2846 184 14991
2391 10853 11365
11365 2391 10853
10853 2391 11365
1473 90 8982
8982 90 1473
90 1473 8982
342 12163 12838
12838 342 12163
12163 342 12838
2122 3962 5202
3962 2122 5202
5202 2122 3962
1671 1476 2979
1476 1671 2979
2979 1476 1671
3815 9 6021
6021 9 3815
9 3815 6021
2492 5281 14670
14670 2492 5281
5281 2492 14670
12084 4336 12118
4336 12084 12118
12118 4336 12084
13692 3470 14037
3470 13692 14037
14037 3470 13692
10475 3588 8220
3588 8220 10475
8220 3588 10475
5831 6576 10075
10075 5831 6576
6576 5831 10075
6234 6921 7032
6921 6234 7032
7032 6234 6921
3687 14369 14771
14369 3687 14771
14771 3687 14369
1583 10878 12365
12365 1583 10878
10878 1583 12365
1027 1505 8367
1505 1027 8367
8367 1027 1505
4342 2634 9995
2634 4342 9995
9995 2634 4342
6042 4438 7063
7063 4438 6042
4438 6042 7063
13540 4823 8728
4823 8728 13540
8728 4823 13540
13084 5593 14675
14675 5593 13084
5593 13084 14675
1104 58 9864
9864 58 1104
58 1104 9864
6574 4693 5991
5991 4693 6574
4693 5991 6574
3515 5474 8329
8329 3515 5474
5474 3515 8329
8536 5456 7315
5456 7315 8536
7315 5456 8536
2715 11182 14549
14549 2715 11182
11182 2715 14549
14807 5634 8221
5634 8221 14807
8221 5634 14807
1143 7993 13426
13426 1143 7993
7993 1143 13426
10132 537 8789
537 8789 10132
8789 537 10132
7291 7818 9583
9583 7291 7818
7818 7291 9583
14662 1669 14259
14259 1669 14662
1669 14259 14662
7317 7799 10117
10117 7317 7799
7799 7317 10117
1406 6855 9669
9669 1406 6855
6855 1406 9669
5311 7313 7582
7313 5311 7582
7582 5311 7313
10212 3703 13157
3703 10212 13157
13157 3703 10212
520 159 3260
159 520 3260
3260 159 520
7564 5004 14391
14391 5004 7564
5004 7564 14391
11452 3050 10678
10678 3050 11452
3050 10678 11452
9322 645 7005
645 7005 9322
7005 645 9322
5713 10647 12725
12725 5713 10647
10647 5713 12725
14177 13034 14312
13034 14177 14312
14312 13034 14177
13132 7265 7350
7265 7350 13132
7350 7265 13132
3685 6949 9994
9994 3685 6949
6949 3685 9994
6600 8311 9443
8311 6600 9443
9443 6600 8311
11262 4009 8362
4009 8362 11262
8362 4009 11262
14247 5153 6672
6672 5153 14247
5153 6672 14247
8902 8850 12540
12540 8850 8902
8850 8902 12540
299 1732 11155
11155 299 1732
1732 299 11155
8990 503 14908
14908 503 8990
503 8990 14908
5533 3589 14829
14829 3589 5533
3589 5533 14829
215 3011 4697
4697 215 3011
3011 215 4697
3376 3370 12550
3370 3376 12550
12550 3370 3376
12260 6851 10185
6851 10185 12260
10185 6851 12260
11924 12891 14933
12891 11924 14933
14933 11924 12891
4868 5342 8750
8750 4868 5342
5342 4868 8750
9724 1491 6037
1491 6037 9724
6037 1491 9724
12791 1422 7011
1422 7011 12791
7011 1422 12791
8739 2550 14541
2550 8739 14541
14541 2550 8739
13086 8261 14886
14886 8261 13086
8261 13086 14886
7441 2327 3301
3301 2327 7441
2327 3301 7441
4385 1139 13282
13282 1139 4385
1139 4385 13282
2568 863 14866
863 2568 14866
14866 863 2568
4440 1247 9840
1247 4440 9840
9840 1247 4440
6822 6339 7025
6339 6822 7025
7025 6339 6822
10443 7871 11049
7871 10443 11049
11049 7871 10443
8275 2701 3929
3929 2701 8275
2701 3929 8275
13178 3581 9940
9940 3581 13178
3581 9940 13178
3086 3139 6876
6876 3086 3139
3139 3086 6876
5899 4954 12530
4954 5899 12530
12530 4954 5899
3980 7827 10818
10818 3980 7827
7827 3980 10818
11623 9970 14798
9970 11623 14798
14798 9970 11623
10784 10956 12436
12436 10784 10956
10956 10784 12436
13241 631 10377
631 10377 13241
10377 631 13241
7661 12443 13439
13439 7661 12443
12443 7661 13439
13938 9796 10711
9796 10711 13938
10711 9796 13938
14456 5099 13764
13764 5099 14456
5099 13764 14456
2080 2039 13981
2039 2080 13981
13981 2039 2080
903 1003 7165
7165 903 1003
1003 903 7165
2073 161 13202
13202 161 2073
161 2073 13202
14944 11343 13130
13130 11343 14944
11343 13130 14944
7641 7541 8651
8651 7541 7641
7541 7641 8651
9653 9603 12837
12837 9603 9653
9603 9653 12837
12037 7090 7171
7171 7090 12037
7090 7171 12037
13077 62 9897
9897 62 13077
62 9897 13077
2602 1726 7787
7787 1726 2602
1726 2602 7787
13720 2948 4057
2948 4057 13720
4057 2948 13720
6369 2877 3092
2877 3092 6369
3092 2877 6369
10363 136 588
136 588 10363
588 136 10363
9916 2208 8939
2208 8939 9916
8939 2208 9916
5245 3428 11672
11672 3428 5245
3428 5245 11672
13801 145 667
667 145 13801
145 667 13801
9565 929 5526
5526 929 9565
929 5526 9565
13334 3861 8726
8726 3861 13334
3861 8726 13334
3648 3318 14994
14994 3318 3648
3318 3648 14994
871 2833 14271
14271 871 2833
2833 871 14271
10396 11922 13820
13820 10396 11922
11922 10396 13820
13368 4564 12235
12235 4564 13368
4564 12235 13368
7132 5010 6910
6910 5010 7132
5010 6910 7132
4406 2405 10048
2405 4406 10048
10048 2405 4406
695 4156 9598
9598 695 4156
4156 695 9598
5011 165 14400
14400 165 5011
165 5011 14400
4477 1119 4171
1119 4171 4477
4171 1119 4477
7498 5783 8418
5783 7498 8418
8418 5783 7498
6325 1633 11194
11194 1633 6325
1633 6325 11194
13047 9945 14775
14775 9945 13047
9945 13047 14775
1301 1148 9412
9412 1148 1301
1148 1301 9412
8979 4714 13480
13480 4714 8979
4714 8979 13480
9211 4326 12848
4326 9211 12848
12848 4326 9211
6405 4445 11124
11124 4445 6405
4445 6405 11124
11847 13141 13679
13141 11847 13679
13679 11847 13141
14233 4369 10271
4369 10271 14233
10271 4369 14233
10907 1881 6892
6892 1881 10907
1881 6892 10907
8192 4467 10765
4467 8192 10765
10765 4467 8192
12737 1556 2003
2003 1556 12737
1556 2003 12737
10931 2769 6305
6305 2769 10931
2769 6305 10931
3688 11143 13805
11143 3688 13805
13805 3688 11143
814 1928 14855
1928 814 14855
14855 814 1928
11325 1731 11655
1731 11325 11655
11655 1731 11325
6035 3879 3914
3879 3914 6035
3914 3879 6035
5473 4711 5471
4711 5471 5473
5471 4711 5473
6215 7668 9344
9344 6215 7668
7668 6215 9344
3258 8580 11647
11647 3258 8580
8580 3258 11647
3838 57 9624
57 3838 9624
9624 57 3838
13972 9218 11505
9218 11505 13972
11505 9218 13972
12528 2098 2594
2098 2594 12528
2594 2098 12528
5506 1072 6976
6976 1072 5506
1072 5506 6976
111 8408 11585
8408 111 11585
11585 111 8408
3902 349 11150
11150 349 3902
349 3902 11150
14591 5265 10430
5265 10430 14591
10430 5265 14591
4861 6057 6792
6057 4861 6792
6792 4861 6057
9179 1988 11990
1988 9179 11990
11990 1988 9179
917 2498 10007
10007 917 2498
2498 917 10007
1407 7086 8918
8918 1407 7086
7086 1407 8918
13976 2745 3619
3619 2745 13976
2745 3619 13976
14392 3242 14602
14602 3242 14392
3242 14392 14602
3087 2042 5293
2042 3087 5293
5293 2042 3087
2841 1610 13514
13514 1610 2841
1610 2841 13514
9753 8317 14538
14538 8317 9753
8317 9753 14538
473 11518 14236
11518 473 14236
14236 473 11518
7919 488 12558
488 7919 12558
12558 488 7919
5167 1630 6226
1630 5167 6226
6226 1630 5167
1071 9883 13358
13358 1071 9883
9883 1071 13358
6513 2482 7399
2482 6513 7399
7399 2482 6513
8007 8168 11546
8168 8007 11546
11546 8007 8168
11235 5180 13035
13035 5180 11235
5180 11235 13035
13015 3519 7667
3519 7667 13015
7667 3519 13015
12262 2589 5822
2589 5822 12262
5822 2589 12262
4100 10492 11161
11161 4100 10492
10492 4100 11161
3908 2974 13363
13363 2974 3908
2974 3908 13363
1797 11031 13595
11031 1797 13595
13595 1797 11031
933 4021 7188
7188 933 4021
4021 933 7188
6537 4054 10537
10537 4054 6537
4054 6537 10537
4498 12810 14421
14421 4498 12810
12810 4498 14421
7683 4484 11826
11826 4484 7683
4484 7683 11826
10788 7812 11485
7812 10788 11485
11485 7812 10788
11387 1893 6131
6131 1893 11387
1893 6131 11387
5035 7644 8775
7644 5035 8775
8775 5035 7644
11557 1979 3816
1979 3816 11557
3816 1979 11557
4081 5353 6816
6816 4081 5353
5353 4081 6816
1478 13876 14293
13876 1478 14293
14293 1478 13876
10046 5978 13118
13118 5978 10046
5978 10046 13118
2094 7215 12756
7215 2094 12756
12756 2094 7215
12033 4533 13353
4533 12033 13353
13353 4533 12033
1950 7088 10550
7088 1950 10550
10550 1950 7088
9780 8549 13922
13922 8549 9780
8549 9780 13922
1199 2727 14018
14018 1199 2727
2727 1199 14018
12995 160 12544
12544 160 12995
160 12544 12995
3973 9301 11091
11091 3973 9301
9301 3973 11091
7915 13055 14186
13055 7915 14186
14186 7915 13055
7563 7572 11682
7572 7563 11682
11682 7563 7572
7271 2763 12435
12435 2763 7271
2763 7271 12435
2815 1350 6461
1350 2815 6461
6461 1350 2815
8554 4721 7922
4721 7922 8554
7922 4721 8554
2555 860 9696
860 2555 9696
9696 860 2555
11625 131 11318
131 11318 11625
11318 131 11625
11381 2884 9292
9292 2884 11381
2884 9292 11381
9705 2131 5923
5923 2131 9705
2131 5923 9705
11883 7746 8941
8941 7746 11883
7746 8941 11883
5174 6429 9715
6429 5174 9715
9715 5174 6429
6538 529 5074
5074 529 6538
529 5074 6538
1764 3444 8786
8786 1764 3444
3444 1764 8786
10532 4056 12771
4056 10532 12771
12771 4056 10532
5276 5016 10030
5016 5276 10030
10030 5016 5276
12705 4919 6165
6165 4919 12705
4919 6165 12705
11887 9022 12179
9022 11887 12179
12179 9022 11887
850 1184 6457
1184 850 6457
6457 850 1184
13059 10780 11375
10780 11375 13059
11375 10780 13059
9794 4011 8699
4011 8699 9794
8699 4011 9794
13488 4267 5067
4267 5067 13488
5067 4267 13488
2354 946 8915
946 2354 8915
8915 946 2354
8484 9817 11005
11005 8484 9817
9817 8484 11005
8965 9300 11239
11239 8965 9300
9300 8965 11239
7863 2746 11978
11978 2746 7863
2746 7863 11978
7516 3250 6391
6391 3250 7516
3250 6391 7516
9786 2105 13900
13900 2105 9786
2105 9786 13900
6630 4363 7876
7876 4363 6630
4363 6630 7876
7416 8891 13416
13416 7416 8891
8891 7416 13416
1387 11981 13604
11981 1387 13604
13604 1387 11981
5833 812 7694
812 5833 7694
7694 812 5833
2120 3734 5726
5726 2120 3734
3734 2120 5726
13524 10770 13369
13369 10770 13524
10770 13369 13524
11439 7748 10165
7748 10165 11439
10165 7748 11439
8551 8095 13201
13201 8095 8551
8095 8551 13201
5638 5629 14180
5629 5638 14180
14180 5629 5638
6663 12175 14715
14715 6663 12175
12175 6663 14715
12404 4294 8177
8177 4294 12404
4294 8177 12404
3144 1207 4292
4292 1207 3144
1207 3144 4292
14724 3894 4797
3894 4797 14724
4797 3894 14724
2319 1573 8957
1573 2319 8957
8957 1573 2319
4892 2338 4615
4615 2338 4892
2338 4615 4892
6510 7325 8333
7325 6510 8333
8333 6510 7325
12940 4883 14744
4883 12940 14744
14744 4883 12940
7788 2629 7692
2629 7692 7788
7692 2629 7788
12702 536 4067
536 4067 12702
4067 536 12702
12290 4254 12002
12002 4254 12290
4254 12002 12290
3130 10198 12394
10198 3130 12394
12394 3130 10198
6966 564 8817
8817 564 6966
564 6966 8817
9570 6358 11642
11642 6358 9570
6358 9570 11642
9659 3303 7801
3303 7801 9659
7801 3303 9659
827 8639 13870
13870 827 8639
8639 827 13870
7335 6274 13923
6274 7335 13923
13923 6274 7335
13926 8375 12875
8375 12875 13926
12875 8375 13926
14648 9725 11474
11474 9725 14648
9725 11474 14648
2698 2339 9115
2339 2698 9115
9115 2339 2698
4638 2393 3628
3628 2393 4638
2393 3628 4638
2256 4827 14154
14154 2256 4827
4827 2256 14154
8697 2636 8148
2636 8148 8697
8148 2636 8697
1294 12951 13918
12951 1294 13918
13918 1294 12951
936 8100 10226
10226 936 8100
8100 936 10226
11418 5563 8944
5563 8944 11418
8944 5563 11418
5517 10752 12411
10752 5517 12411
12411 5517 10752
6647 235 1626
235 1626 6647
1626 235 6647
8186 11719 11881
11719 8186 11881
11881 8186 11719
1548 9071 10547
9071 1548 10547
10547 1548 9071
6174 8723 14690
8723 6174 14690
14690 6174 8723
14169 6398 9305
9305 6398 14169
6398 9305 14169
7007 4630 7802
4630 7007 7802
7802 4630 7007
756 3819 14082
14082 756 3819
3819 756 14082
740 7584 14529
7584 740 14529
14529 740 7584
3166 2032 10524
2032 3166 10524
10524 2032 3166
10745 8422 8706
8422 8706 10745
8706 8422 10745
545 5855 10555
5855 545 10555
10555 545 5855
1238 3643 7430
3643 1238 7430
7430 1238 3643
4891 5559 11595
11595 4891 5559
5559 4891 11595
6755 11813 14923
11813 6755 14923
14923 6755 11813
11482 3633 5568
5568 3633 11482
3633 5568 11482
6731 13131 14929
13131 6731 14929
14929 6731 13131
4910 246 11411
11411 246 4910
246 4910 11411
9108 7962 12635
12635 7962 9108
7962 9108 12635
4027 10469 14323
10469 4027 14323
14323 4027 10469
13332 396 10434
396 10434 13332
10434 396 13332
5142 10480 12271
10480 5142 12271
12271 5142 10480
6550 2007 6814
2007 6550 6814
6814 2007 6550
12456 13730 13996
13730 12456 13996
13996 12456 13730
7256 4831 13906
13906 4831 7256
4831 7256 13906
7420 3867 10900
10900 3867 7420
3867 7420 10900
7999 5048 5373
5373 5048 7999
5048 5373 7999
11455 3754 14753
14753 3754 11455
3754 11455 14753
12568 755 2860
755 2860 12568
2860 755 12568
13586 2971 12430
2971 12430 13586
12430 2971 13586
4451 12608 14396
14396 4451 12608
12608 4451 14396
110 5841 13812
13812 110 5841
5841 110 13812
5415 4152 4249
4152 4249 5415
4249 4152 5415
2796 432 6233
432 2796 6233
6233 432 2796
7084 6003 13474
13474 6003 7084
6003 7084 13474
14333 3782 6341
6341 3782 14333
3782 6341 14333
4188 8863 12757
12757 4188 8863
8863 4188 12757
12101 1257 9809
9809 1257 12101
1257 9809 12101
11451 3205 12386
3205 11451 12386
12386 3205 11451
1755 5735 12584
12584 1755 5735
5735 1755 12584
8619 4324 12657
12657 4324 8619
4324 8619 12657
12236 1415 14572
1415 12236 14572
14572 1415 12236
13135 3629 4439
4439 3629 13135
3629 4439 13135
427 2311 11312
11312 427 2311
2311 427 11312
11837 1870 13677
13677 1870 11837
1870 11837 13677
3061 8679 11338
8679 3061 11338
11338 3061 8679
12715 4208 6089
4208 6089 12715
6089 4208 12715
11382 1961 3434
1961 3434 11382
3434 1961 11382
13407 5853 7959
7959 5853 13407
5853 7959 13407
243 4724 8044
8044 243 4724
4724 243 8044
10100 5405 5770
5405 5770 10100
5770 5405 10100
12075 3527 3975
3975 3527 12075
3527 3975 12075
5437 8486 11931
8486 5437 11931
11931 5437 8486
9993 3540 13858
3540 9993 13858
13858 3540 9993
4135 1609 4217
1609 4135 4217
4217 1609 4135
386 1551 3220
3220 386 1551
1551 386 3220
5417 4547 9249
4547 5417 9249
9249 4547 5417
13788 2004 4338
4338 2004 13788
2004 4338 13788
6 6756 9397
9397 6 6756
6756 6 9397
1874 8964 12842
12842 1874 8964
8964 1874 12842
2031 6349 9143
6349 2031 9143
9143 2031 6349
2656 7851 8895
8895 2656 7851
7851 2656 8895
14804 775 13807
775 13807 14804
13807 775 14804
11024 4725 13186
13186 4725 11024
4725 11024 13186
11348 3178 9662
9662 3178 11348
3178 9662 11348
9184 13223 14625
13223 9184 14625
14625 9184 13223
1135 2562 3337
2562 1135 3337
3337 1135 2562
5259 7595 13901
7595 5259 13901
13901 5259 7595
6692 6270 12059
6270 6692 12059
12059 6270 6692
5943 5913 12637
5913 5943 12637
12637 5913 5943
8553 11057 12922
12922 8553 11057
11057 8553 12922
8002 5792 12876
5792 8002 12876
12876 5792 8002
13624 2146 14040
2146 13624 14040
14040 2146 13624
11599 6974 10813
6974 10813 11599
10813 6974 11599
10465 7913 8145
8145 7913 10465
7913 8145 10465
3277 3341 3745
3745 3277 3341
3341 3277 3745
12501 8426 9240
9240 8426 12501
8426 9240 12501
439 11468 14963
11468 439 14963
14963 439 11468
10054 4955 14801
4955 10054 14801
14801 4955 10054
282 1113 9759
9759 282 1113
1113 282 9759
4774 3423 11136
11136 3423 4774
3423 4774 11136
13525 8625 10575
8625 10575 13525
10575 8625 13525
1389 9117 10661
10661 1389 9117
9117 1389 10661
9586 5418 12969
5418 9586 12969
12969 5418 9586
10970 12639 14053
14053 10970 12639
12639 10970 14053
10551 1321 8392
1321 8392 10551
8392 1321 10551
9067 1147 11559
1147 9067 11559
11559 1147 9067
10234 6866 10852
6866 10234 10852
10852 6866 10234
2185 5317 7829
5317 2185 7829
7829 2185 5317
13288 319 11096
319 11096 13288
11096 319 13288
3400 10622 11525
11525 3400 10622
10622 3400 11525
14757 5264 5605
5605 5264 14757
5264 5605 14757
1262 602 12827
602 1262 12827
12827 602 1262
14012 5734 6609
6609 5734 14012
5734 6609 14012
4288 4747 14838
14838 4288 4747
4747 4288 14838
9975 3598 4859
4859 3598 9975
3598 4859 9975
4554 5894 6654
5894 4554 6654
6654 4554 5894
10309 8926 9799
9799 8926 10309
8926 9799 10309
10192 8529 12382
8529 10192 12382
12382 8529 10192
6108 4345 12727
4345 6108 12727
12727 4345 6108
6064 4434 14241
4434 6064 14241
14241 4434 6064
14998 8120 10782
8120 10782 14998
10782 8120 14998
4619 9298 10181
10181 4619 9298
9298 4619 10181
11038 10935 12400
10935 11038 12400
12400 10935 11038
13978 3876 5838
5838 3876 13978
3876 5838 13978
9955 1 6107
6107 1 9955
1 6107 9955
4742 6700 7311
6700 4742 7311
7311 4742 6700
9494 9455 10796
9455 9494 10796
10796 9455 9494
7779 1605 6530
6530 1605 7779
1605 6530 7779
3949 3781 14637
3781 3949 14637
14637 3781 3949
14078 4681 4929
4681 4929 14078
4929 4681 14078
7051 1142 3200
1142 3200 7051
3200 1142 7051
5600 4604 13637
4604 5600 13637
13637 4604 5600
1040 9973 12039
9973 1040 12039
12039 1040 9973
3587 12522 14341
12522 3587 14341
14341 3587 12522
10587 1114 14120
14120 1114 10587
1114 10587 14120
6437 7204 7718
7204 6437 7718
7718 6437 7204
10706 1381 8324
1381 8324 10706
8324 1381 10706
3158 9549 13377
9549 3158 13377
13377 3158 9549
13206 7030 13747
7030 13206 13747
13747 7030 13206
13733 3028 3826
3028 3826 13733
3826 3028 13733
14238 1908 6833
6833 1908 14238
1908 6833 14238
11170 3496 10963
3496 10963 11170
10963 3496 11170
10442 8184 8547
8184 8547 10442
8547 8184 10442
3735 1831 11610
1831 3735 11610
11610 1831 3735
6342 3762 8511
8511 3762 6342
3762 6342 8511
5904 678 11073
678 5904 11073
11073 678 5904
3485 10428 14879
10428 3485 14879
14879 3485 10428
1901 10116 10898
10116 1901 10898
10898 1901 10116
12816 9484 10284
9484 10284 12816
10284 9484 12816
6972 13309 13414
13414 6972 13309
13309 6972 13414
12042 3012 7380
3012 7380 12042
7380 3012 12042
2355 10669 12444
12444 2355 10669
10669 2355 12444
6128 2633 12010
12010 2633 6128
2633 6128 12010
3070 8081 8652
8652 3070 8081
8081 3070 8652
3388 9429 10367
10367 3388 9429
9429 3388 10367
3487 3920 6041
6041 3487 3920
3920 3487 6041
1805 7807 9776
7807 1805 9776
9776 1805 7807
3350 4390 4715
4390 3350 4715
4715 3350 4390
4222 8287 11174
8287 4222 11174
11174 4222 8287
10106 12870 13753
13753 10106 12870
12870 10106 13753
3221 8089 12963
12963 3221 8089
8089 3221 12963
8419 7494 12729
12729 7494 8419
7494 8419 12729
14608 1625 7759
7759 1625 14608
1625 7759 14608
3710 8364 11021
8364 3710 11021
11021 3710 8364
12420 6104 14376
14376 6104 12420
6104 12420 14376
4786 753 2989
2989 753 4786
753 2989 4786
6382 4291 4902
4902 4291 6382
4291 4902 6382
1391 603 14143
14143 603 1391
603 1391 14143
13390 3742 4901
4901 3742 13390
3742 4901 13390
6106 9534 12521
12521 6106 9534
9534 6106 12521
12831 3749 11479
3749 11479 12831
11479 3749 12831
2534 496 8281
8281 496 2534
496 2534 8281
6670 7168 7912
7168 6670 7912
7912 6670 7168
3251 13477 13694
13477 3251 13694
13694 3251 13477
13398 4663 11222
11222 4663 13398
4663 11222 13398
9550 471 1146
471 1146 9550
1146 471 9550
14255 12373 13213
12373 13213 14255
13213 12373 14255
14742 3881 8791
3881 8791 14742
8791 3881 14742
11529 5717 14758
5717 11529 14758
14758 5717 11529
4517 4668 14364
4668 4517 14364
14364 4517 4668
10383 3231 5946
5946 3231 10383
3231 5946 10383
12327 3649 11052
11052 3649 12327
3649 11052 12327
3862 288 2474
288 2474 3862
2474 288 3862
7945 9503 11160
9503 7945 11160
11160 7945 9503
8069 4358 9967
4358 8069 9967
9967 4358 8069
13619 5338 9524
9524 5338 13619
5338 9524 13619
4 8389 11153
8389 4 11153
11153 4 8389
5727 8907 11725
8907 5727 11725
11725 5727 8907
5683 3806 11216
11216 3806 5683
3806 5683 11216
14527 3720 7194
7194 3720 14527
3720 7194 14527
5962 5584 14627
14627 5584 5962
5584 5962 14627
1648 5351 13509
5351 1648 13509
13509 1648 5351
9608 4463 9536
9536 4463 9608
4463 9536 9608
12681 11506 12671
12671 11506 12681
11506 12671 12681
9548 5649 11788
5649 9548 11788
11788 5649 9548
3143 501 13998
13998 501 3143
501 3143 13998
1450 1214 4033
4033 1214 1450
1214 1450 4033
9802 13199 14782
14782 9802 13199
13199 9802 14782
11944 4592 12157
12157 4592 11944
4592 11944 12157
3274 6730 11188
6730 3274 11188
11188 3274 6730
7023 9833 14590
14590 7023 9833
9833 7023 14590
8790 3696 13343
3696 8790 13343
13343 3696 8790
13144 10454 14107
10454 13144 14107
14107 10454 13144
4991 6273 13466
6273 4991 13466
13466 4991 6273
5834 7471 9739
9739 5834 7471
7471 5834 9739
6152 8593 10207
8593 6152 10207
10207 6152 8593
913 6088 12222
12222 913 6088
6088 913 12222
9328 3149 4235
4235 3149 9328
3149 4235 9328
14494 5018 6519
5018 6519 14494
6519 5018 14494
4998 453 11937
11937 453 4998
453 4998 11937
11425 4402 10382
4402 10382 11425
10382 4402 11425
6626 4209 14721
14721 4209 6626
4209 6626 14721
6425 5570 8453
5570 6425 8453
8453 5570 6425
11943 1864 5322
1864 5322 11943
5322 1864 11943
8600 9135 12182
9135 8600 12182
12182 8600 9135
6835 1330 13331
13331 1330 6835
1330 6835 13331
7248 3907 4799
4799 3907 7248
3907 4799 7248
12038 3525 14492
14492 3525 12038
3525 12038 14492
4313 12219 14151
12219 4313 14151
14151 4313 12219
12472 2456 13057
2456 12472 13057
13057 2456 12472
2330 25 10540
25 2330 10540
10540 25 2330
9217 9609 11658
9609 9217 11658
11658 9217 9609
13767 7560 13093
7560 13093 13767
13093 7560 13767
1601 6332 9081
6332 1601 9081
9081 1601 6332
10761 5297 14556
5297 10761 14556
14556 5297 10761
4133 9306 13941
13941 4133 9306
9306 4133 13941
3490 11152 14986
11152 3490 14986
14986 3490 11152
12067 1329 5502
1329 5502 12067
5502 1329 12067
14192 1546 1758
1758 1546 14192
1546 1758 14192
1657 4580 6706
4580 1657 6706
6706 1657 4580
393 454 14300
14300 393 454
454 393 14300
6257 4573 9930
9930 4573 6257
4573 6257 9930
1082 3148 4437
3148 1082 4437
4437 1082 3148
7322 3038 5384
5384 3038 7322
3038 5384 7322
12691 6707 10172
6707 10172 12691
10172 6707 12691
417 2365 4624
4624 417 2365
2365 417 4624
13945 1792 8501
1792 8501 13945
8501 1792 13945
87 3579 12801
12801 87 3579
3579 87 12801
13459 6156 8479
6156 8479 13459
8479 6156 13459
7809 5886 7287
5886 7287 7809
7287 5886 7809
3627 6140 10665
6140 3627 10665
10665 3627 6140
1059 2362 13824
2362 1059 13824
13824 1059 2362
2051 153 4951
4951 153 2051
153 2051 4951
6549 3689 8149
3689 6549 8149
8149 3689 6549
3943 4904 11066
11066 3943 4904
4904 3943 11066
12014 8033 9416
9416 8033 12014
8033 9416 12014
482 698 1167
698 482 1167
1167 482 698
11839 5083 5171
5083 5171 11839
5171 5083 11839
14759 5455 7615
7615 5455 14759
5455 7615 14759
5627 7514 9047
9047 5627 7514
7514 5627 9047
8420 9876 12036
9876 8420 12036
12036 8420 9876
12453 7522 14889
14889 7522 12453
7522 12453 14889
6920 3921 5283
3921 5283 6920
5283 3921 6920
7309 373 10197
10197 373 7309
373 7309 10197
1938 5995 13594
5995 1938 13594
13594 1938 5995
12573 2485 9775
2485 9775 12573
9775 2485 12573
14516 7963 9582
7963 9582 14516
9582 7963 14516
14519 3168 12103
3168 12103 14519
12103 3168 14519
1290 1159 11521
11521 1159 1290
1159 1290 11521
1733 3947 10728
3947 1733 10728
10728 1733 3947
1987 3246 12216
12216 1987 3246
3246 1987 12216
3374 5097 7050
5097 3374 7050
7050 3374 5097
11997 3103 3170
3103 3170 11997
3170 3103 11997
2401 2565 11087
11087 2401 2565
2565 2401 11087
7797 8666 12047
12047 7797 8666
8666 7797 12047
11579 987 11369
11369 987 11579
987 11369 11579
12494 715 6565
6565 715 12494
715 6565 12494
10273 6811 10218
6811 10218 10273
10218 6811 10273
2048 6644 10061
10061 2048 6644
6644 2048 10061
2922 11015 14905
11015 2922 14905
14905 2922 11015
8527 970 10272
970 8527 10272
10272 970 8527
2995 321 14893
321 2995 14893
14893 321 2995
2043 12735 14695
12735 2043 14695
14695 2043 12735
11380 5590 10490
10490 5590 11380
5590 10490 11380
11663 5166 9723
5166 9723 11663
9723 5166 11663
2527 8542 13556
8542 2527 13556
13556 2527 8542
2320 4875 13064
13064 2320 4875
4875 2320 13064
7134 2299 2510
2510 2299 7134
2299 2510 7134
8231 2551 13273
2551 8231 13273
13273 2551 8231
6136 8300 10887
10887 6136 8300
8300 6136 10887
1439 12419 14745
14745 1439 12419
12419 1439 14745
6143 14581 14918
14918 6143 14581
14581 6143 14918
206 6865 9907
6865 206 9907
9907 206 6865
2690 7492 10160
10160 2690 7492
7492 2690 10160
6266 4821 8182
4821 6266 8182
8182 4821 6266
1639 2234 5580
5580 1639 2234
2234 1639 5580
10778 13608 14530
13608 10778 14530
14530 10778 13608
12457 6051 13172
13172 6051 12457
6051 12457 13172
3017 3054 4317
3054 3017 4317
4317 3017 3054
1276 11970 13164
11970 1276 13164
13164 1276 11970
2226 4092 11507
11507 2226 4092
4092 2226 11507
5252 3818 13863
3818 5252 13863
13863 3818 5252
8832 49 5495
5495 49 8832
49 5495 8832
6589 1365 4609
4609 1365 6589
1365 4609 6589
12634 1053 13091
1053 12634 13091
13091 1053 12634
3223 11822 12342
12342 3223 11822
11822 3223 12342
4153 2445 10110
2445 4153 10110
10110 2445 4153
406 8224 14993
14993 406 8224
8224 406 14993
2426 1270 10177
10177 1270 2426
1270 2426 10177
2013 3580 7345
3580 2013 7345
7345 2013 3580
8429 6447 9329
6447 8429 9329
9329 6447 8429
13251 5492 8994
8994 5492 13251
5492 8994 13251
3664 600 12699
12699 600 3664
600 3664 12699
14200 6063 11189
11189 6063 14200
6063 11189 14200
14990 8075 9221
9221 8075 14990
8075 9221 14990
13626 760 13225
760 13225 13626
13225 760 13626
9025 4241 13142
4241 9025 13142
13142 4241 9025
12869 1254 9622
1254 9622 12869
9622 1254 12869
6963 1742 14499
1742 6963 14499
14499 1742 6963
522 2286 13389
2286 522 13389
13389 522 2286
13687 8896 9665
9665 8896 13687
8896 9665 13687
8813 5037 8463
5037 8463 8813
8463 5037 8813
8343 5762 14614
5762 8343 14614
14614 5762 8343
11236 2250 5973
5973 2250 11236
2250 5973 11236
5443 5221 8376
5221 5443 8376
8376 5221 5443
11923 2078 7783
2078 7783 11923
7783 2078 11923
7226 682 8517
8517 682 7226
682 7226 8517
12803 7811 12474
7811 12474 12803
12474 7811 12803
4633 6864 14349
14349 4633 6864
6864 4633 14349
11834 1312 8958
8958 1312 11834
1312 8958 11834
5137 7575 9095
7575 5137 9095
9095 5137 7575
14155 193 8836
8836 193 14155
193 8836 14155
12408 9072 12561
9072 12408 12561
12561 9072 12408
12341 6334 14386
14386 6334 12341
6334 12341 14386
5509 515 2025
515 2025 5509
2025 515 5509
11835 2499 12931
2499 11835 12931
12931 2499 11835
14961 4994 7220
7220 4994 14961
4994 7220 14961
2038 4521 5701
4521 2038 5701
5701 2038 4521
13857 5732 7808
5732 7808 13857
7808 5732 13857
11109 176 2558
2558 176 11109
176 2558 11109
