1274 524 1311
1311 524 1274
524 1274 1311
1088 1076 1398
1076 1088 1398
1398 1076 1088
1038 5 895
895 5 1038
5 895 1038
1057 764 769
764 769 1057
769 764 1057
1127 432 902
432 902 1127
902 432 1127
1096 90 175
90 175 1096
175 90 1096
657 240 1261
1261 240 657
240 657 1261
1472 899 1071
899 1071 1472
1071 899 1472
462 1332 1486
1332 462 1486
1486 462 1332
545 608 735
735 545 608
608 545 735
565 403 1407
403 565 1407
1407 403 565
1124 514 717
514 717 1124
717 514 1124
837 744 903
744 837 903
903 744 837
1299 521 621
521 621 1299
621 521 1299
1370 747 1270
1270 747 1370
747 1270 1370
338 1081 1442
1081 338 1442
1442 338 1081
776 686 827
686 776 827
827 686 776
480 603 1317
603 480 1317
1317 480 603
180 906 1037
906 180 1037
1037 180 906
885 71 1298
71 885 1298
1298 71 885
368 532 980
980 368 532
532 368 980
1449 171 196
196 171 1449
171 196 1449
759 260 560
560 260 759
260 560 759
236 89 668
668 89 236
89 236 668
723 592 1323
1323 592 723
592 723 1323
1244 142 496
142 496 1244
496 142 1244
499 346 765
765 346 499
346 499 765
997 607 1409
1409 607 997
607 997 1409
1049 540 921
921 540 1049
540 921 1049
1122 361 1017
361 1017 1122
1017 361 1122
610 1253 1267
1267 610 1253
1253 610 1267
154 256 675
256 154 675
675 154 256
18 189 1451
189 18 1451
1451 18 189
539 633 767
767 539 633
633 539 767
828 37 1276
37 828 1276
1276 37 828
1477 674 1491
1491 674 1477
674 1477 1491
485 92 442
442 92 485
92 442 485
69 582 1495
582 69 1495
1495 69 582
242 761 1083
1083 242 761
761 242 1083
1456 103 1316
103 1316 1456
1316 103 1456
575 407 793
407 575 793
793 407 575
1128 114 1109
1109 114 1128
114 1109 1128
558 378 628
628 378 558
378 558 628
307 589 1345
1345 307 589
589 307 1345
681 816 1215
816 681 1215
1215 681 816
1132 1065 1069
1065 1069 1132
1069 1065 1132
1377 323 792
792 323 1377
323 792 1377
1102 20 772
772 20 1102
20 772 1102
184 957 1227
957 184 1227
1227 184 957
452 149 246
149 246 452
246 149 452
388 127 1159
127 388 1159
1159 127 388
1120 467 566
467 566 1120
566 467 1120
720 994 1191
994 720 1191
1191 720 994
1240 437 1463
437 1240 1463
1463 437 1240
863 501 1352
501 863 1352
1352 501 863
266 705 752
705 266 752
752 266 705
198 102 410
102 198 410
410 102 198
1220 1011 1039
1011 1039 1220
1039 1011 1220
234 174 894
174 234 894
894 174 234
296 464 803
803 296 464
464 296 803
800 299 1384
299 800 1384
1384 299 800
498 1279 1474
1279 498 1474
1474 498 1279
1287 762 950
950 762 1287
762 950 1287
329 123 1382
1382 123 329
123 329 1382
856 135 1092
135 856 1092
1092 135 856
1131 275 370
275 370 1131
370 275 1131
1217 890 1318
890 1217 1318
1318 890 1217
1300 36 1422
36 1300 1422
1422 36 1300
809 1097 1379
1379 809 1097
1097 809 1379
604 1072 1176
1176 604 1072
1072 604 1176
1082 313 520
313 520 1082
520 313 1082
1342 507 1308
507 1308 1342
1308 507 1342
1238 528 690
528 690 1238
690 528 1238
1386 156 915
156 915 1386
915 156 1386
1353 909 1329
1329 909 1353
909 1329 1353
1189 476 1149
1149 476 1189
476 1149 1189
547 515 976
515 547 976
976 515 547
737 30 616
616 30 737
30 616 737
416 882 1004
1004 416 882
882 416 1004
780 409 555
409 555 780
555 409 780
1031 646 1224
646 1031 1224
1224 646 1031
393 12 1232
1232 12 393
12 393 1232
371 70 538
538 70 371
70 371 538
974 16 622
622 16 974
16 622 974
1056 446 609
446 609 1056
609 446 1056
504 325 1183
325 504 1183
1183 325 504
17 1018 1488
1488 17 1018
1018 17 1488
615 861 1226
1226 615 861
861 615 1226
421 804 1360
1360 421 804
804 421 1360
1418 382 943
943 382 1418
382 943 1418
1195 95 1019
95 1019 1195
1019 95 1195
1485 590 1163
1163 590 1485
590 1163 1485
1150 929 1392
929 1150 1392
1392 929 1150
544 797 1086
797 544 1086
1086 544 797
1282 284 1130
1130 284 1282
284 1130 1282
581 377 404
377 404 581
404 377 581
706 167 294
294 167 706
167 294 706
613 654 931
931 613 654
654 613 931
1339 427 770
770 427 1339
427 770 1339
28 146 689
689 28 146
146 28 689
321 1325 1421
1421 321 1325
1325 321 1421
824 238 451
451 238 824
238 451 824
597 239 697
697 239 597
239 597 697
1281 355 702
355 702 1281
702 355 1281
91 297 1427
297 91 1427
1427 91 297
81 428 743
743 81 428
428 81 743
584 283 810
283 584 810
810 283 584
469 402 652
652 402 469
402 469 652
639 852 1284
1284 639 852
852 639 1284
468 1258 1406
1406 468 1258
1258 468 1406
145 949 1181
1181 145 949
949 145 1181
1093 292 1044
1044 292 1093
292 1044 1093
630 1256 1469
1256 630 1469
1469 630 1256
1 34 935
34 1 935
935 1 34
531 267 995
267 531 995
995 267 531
1482 339 1255
1255 339 1482
339 1255 1482
179 585 1306
1306 179 585
585 179 1306
627 1218 1347
1347 627 1218
1218 627 1347
1321 1250 1414
1414 1250 1321
1250 1321 1414
789 988 1078
988 789 1078
1078 789 988
482 104 741
741 104 482
104 482 741
109 206 337
337 109 206
206 109 337
941 853 1467
853 941 1467
1467 853 941
418 212 1272
212 418 1272
1272 212 418
595 746 1111
1111 595 746
746 595 1111
917 366 1030
366 917 1030
1030 366 917
1303 319 1106
319 1106 1303
1106 319 1303
596 671 964
671 596 964
964 596 671
192 463 1126
463 192 1126
1126 192 463
536 1233 1457
1233 536 1457
1457 536 1233
64 150 986
986 64 150
150 64 986
352 495 503
495 352 503
503 352 495
40 13 870
13 40 870
870 13 40
567 1208 1383
1208 567 1383
1383 567 1208
594 84 918
84 594 918
918 84 594
1479 784 1091
784 1091 1479
1091 784 1479
855 561 812
812 561 855
561 812 855
220 661 977
661 220 977
977 220 661
1266 733 1368
733 1266 1368
1368 733 1266
647 265 396
265 396 647
396 265 647
1123 130 408
408 130 1123
130 408 1123
847 1008 1263
1263 847 1008
1008 847 1263
1193 533 1050
1050 533 1193
533 1050 1193
748 481 740
740 481 748
481 740 748
1480 247 513
513 247 1480
247 513 1480
43 213 952
213 43 952
952 43 213
981 1005 1492
1492 981 1005
1005 981 1492
424 420 1257
1257 420 424
420 424 1257
1484 570 1249
1249 570 1484
570 1249 1484
193 844 1359
844 193 1359
1359 193 844
530 1058 1219
1058 530 1219
1219 530 1058
1043 276 910
910 276 1043
276 910 1043
908 831 1355
1355 831 908
831 908 1355
19 128 298
128 19 298
298 19 128
658 874 1247
874 658 1247
1247 658 874
1499 162 1185
1185 162 1499
162 1185 1499
1466 871 1481
1481 871 1466
871 1466 1481
347 391 842
391 347 842
842 347 391
713 1094 1358
1358 713 1094
1094 713 1358
305 65 454
454 65 305
65 305 454
473 649 1390
649 473 1390
1390 473 649
1146 86 262
262 86 1146
86 262 1146
1223 876 982
876 982 1223
982 876 1223
644 471 1497
471 644 1497
1497 471 644
1283 26 1073
26 1073 1283
1073 26 1283
472 1101 1415
1415 472 1101
1101 472 1415
1194 946 1203
946 1194 1203
1203 946 1194
83 983 1236
983 83 1236
1236 83 983
932 821 1333
1333 821 932
821 932 1333
802 115 704
704 115 802
115 704 802
898 320 474
320 474 898
474 320 898
1077 41 148
41 148 1077
148 41 1077
1098 286 1487
1487 286 1098
286 1098 1487
738 315 1372
1372 315 738
315 738 1372
858 330 707
707 330 858
330 707 858
600 665 1446
1446 600 665
665 600 1446
692 683 1060
683 692 1060
1060 683 692
1198 447 466
447 466 1198
466 447 1198
721 327 1305
1305 327 721
327 721 1305
199 430 438
438 199 430
430 199 438
506 121 1363
1363 121 506
121 506 1363
458 151 1324
151 458 1324
1324 151 458
210 660 1473
1473 210 660
660 210 1473
93 718 1369
718 93 1369
1369 93 718
529 872 959
872 529 959
959 529 872
100 139 1190
1190 100 139
139 100 1190
1027 120 1079
120 1027 1079
1079 120 1027
22 216 379
379 22 216
216 22 379
629 23 270
23 270 629
270 23 629
905 357 1476
1476 357 905
357 905 1476
987 67 984
67 984 987
984 67 987
1047 725 1264
725 1047 1264
1264 725 1047
693 666 971
666 693 971
971 666 693
215 724 1341
724 215 1341
1341 215 724
763 44 796
796 44 763
44 763 796
1173 1216 1413
1216 1173 1413
1413 1173 1216
948 922 1204
1204 922 948
922 948 1204
414 280 586
586 280 414
280 414 586
385 525 1397
1397 385 525
525 385 1397
400 598 749
598 400 749
749 400 598
700 285 1006
1006 285 700
285 700 1006
617 158 235
158 235 617
235 158 617
896 1118 1271
1271 896 1118
1118 896 1271
1344 63 1112
1112 63 1344
63 1112 1344
1022 143 938
143 938 1022
938 143 1022
963 907 1242
1242 907 963
907 963 1242
1293 202 559
202 559 1293
559 202 1293
869 783 1292
1292 783 869
783 869 1292
362 510 549
549 362 510
510 362 549
74 15 924
924 15 74
15 74 924
1168 673 960
960 673 1168
673 960 1168
144 568 1364
568 144 1364
1364 144 568
1024 979 1090
979 1024 1090
1090 979 1024
989 88 1348
1348 88 989
88 989 1348
624 35 688
35 624 688
688 35 624
739 182 1179
182 739 1179
1179 182 739
805 328 1009
1009 328 805
328 805 1009
1320 87 229
87 229 1320
229 87 1320
641 350 1433
1433 350 641
350 641 1433
316 259 1041
1041 259 316
259 316 1041
209 261 1337
261 209 1337
1337 209 261
459 222 1155
1155 222 459
222 459 1155
642 557 972
557 642 972
972 557 642
588 956 1349
1349 588 956
956 588 1349
1419 494 867
867 494 1419
494 867 1419
1205 111 484
111 484 1205
484 111 1205
1040 1063 1445
1063 1040 1445
1445 1040 1063
195 79 1133
79 195 1133
1133 79 195
497 679 1029
679 497 1029
1029 497 679
426 66 768
66 426 768
768 66 426
851 356 1239
356 851 1239
1239 356 851
191 326 422
326 191 422
422 191 326
254 637 1201
1201 254 637
637 254 1201
587 492 1450
1450 492 587
492 587 1450
1331 822 1084
822 1084 1331
1084 822 1331
1035 293 1465
1465 293 1035
293 1035 1465
1036 80 625
80 625 1036
625 80 1036
59 913 1254
1254 59 913
913 59 1254
680 431 517
517 431 680
431 517 680
1447 1012 1145
1145 1012 1447
1012 1145 1447
140 29 1143
1143 29 140
29 140 1143
1275 203 962
203 962 1275
962 203 1275
1440 493 1116
1116 493 1440
493 1116 1440
1431 274 672
672 274 1431
274 672 1431
376 289 1260
1260 289 376
289 376 1260
1209 667 728
667 728 1209
728 667 1209
773 926 1336
1336 773 926
926 773 1336
857 919 1061
1061 857 919
919 857 1061
993 197 1273
197 993 1273
1273 197 993
839 509 754
509 754 839
754 509 839
324 116 1314
1314 116 324
116 324 1314
626 105 1152
105 626 1152
1152 105 626
576 819 1158
819 576 1158
1158 576 819
1119 131 444
444 131 1119
131 444 1119
317 11 832
832 11 317
11 317 832
618 332 927
332 618 927
927 332 618
230 21 56
56 21 230
21 56 230
669 58 214
214 58 669
58 214 669
384 380 1411
1411 380 384
380 384 1411
542 365 635
635 365 542
365 542 635
226 177 489
177 226 489
489 177 226
1366 228 415
415 228 1366
228 415 1366
1080 634 823
823 634 1080
634 823 1080
620 1100 1475
1100 620 1475
1475 620 1100
1424 253 878
253 878 1424
878 253 1424
1199 1304 1448
1448 1199 1304
1304 1199 1448
1297 928 1068
928 1068 1297
1068 928 1297
107 194 939
939 107 194
194 107 939
461 168 1055
1055 168 461
168 461 1055
636 643 1108
643 636 1108
1108 636 643
766 383 999
383 766 999
999 383 766
848 550 1378
550 848 1378
1378 550 848
477 516 1330
516 477 1330
1330 477 516
1125 760 1007
1007 760 1125
760 1007 1125
112 263 345
263 112 345
345 112 263
188 978 1285
1285 188 978
978 188 1285
170 966 1471
1471 170 966
966 170 1471
1136 527 722
722 527 1136
527 722 1136
1156 1147 1221
1147 1156 1221
1221 1147 1156
1437 419 866
419 866 1437
866 419 1437
60 322 1212
1212 60 322
322 60 1212
893 301 429
301 429 893
429 301 893
734 207 836
836 207 734
207 734 836
611 268 1367
1367 268 611
268 611 1367
258 651 889
889 258 651
651 258 889
335 303 312
303 312 335
312 303 335
46 698 1443
1443 46 698
698 46 1443
1393 369 519
369 519 1393
519 369 1393
405 730 781
730 405 781
781 405 730
417 126 860
860 126 417
126 417 860
1432 124 1262
124 1262 1432
1262 124 1432
580 255 825
255 580 825
825 255 580
1171 110 165
165 110 1171
110 165 1171
157 714 1399
1399 157 714
714 157 1399
990 425 564
425 564 990
564 425 990
965 311 398
311 398 965
398 311 965
551 204 1234
1234 204 551
204 551 1234
1052 291 1230
1230 291 1052
291 1052 1230
439 183 843
843 183 439
183 439 843
219 99 1167
1167 99 219
99 219 1167
1187 1290 1328
1328 1187 1290
1290 1187 1328
940 958 1129
1129 940 958
958 940 1129
1169 541 1374
541 1169 1374
1374 541 1169
818 250 969
969 250 818
250 818 969
892 4 1291
4 892 1291
1291 4 892
1401 8 1357
8 1357 1401
1357 8 1401
1265 904 1277
904 1265 1277
1277 904 1265
1436 835 1425
1425 835 1436
835 1425 1436
1394 314 543
543 314 1394
314 543 1394
224 38 1180
38 224 1180
1180 38 224
883 840 1140
1140 840 883
840 883 1140
554 829 1144
1144 554 829
829 554 1144
1003 712 1188
1188 712 1003
712 1003 1188
1373 1178 1259
1178 1259 1373
1259 1178 1373
640 129 612
129 612 640
612 129 640
659 342 873
873 342 659
342 659 873
578 1210 1494
1210 578 1494
1494 578 1210
306 387 777
387 306 777
777 306 387
133 27 412
27 133 412
412 27 133
833 719 1206
1206 719 833
719 833 1206
96 173 1051
173 96 1051
1051 96 173
1023 223 1391
223 1023 1391
1391 223 1023
331 106 141
106 141 331
141 106 331
1310 923 1441
923 1310 1441
1441 923 1310
460 172 1295
172 460 1295
1295 172 460
1237 1054 1423
1423 1054 1237
1054 1237 1423
470 653 951
653 470 951
951 470 653
546 1025 1400
1400 546 1025
1025 546 1400
434 868 1376
868 434 1376
1376 434 868
1389 1000 1107
1107 1000 1389
1000 1107 1389
73 241 351
351 73 241
241 73 351
1211 295 684
684 295 1211
295 684 1211
736 153 1014
1014 153 736
153 736 1014
1154 340 1105
1105 340 1154
340 1105 1154
155 996 1153
1153 155 996
996 155 1153
601 1087 1172
1172 601 1087
1087 601 1172
1326 395 745
395 745 1326
745 395 1326
862 1001 1289
1289 862 1001
1001 862 1289
1110 664 715
715 664 1110
664 715 1110
726 1365 1408
1365 726 1408
1408 726 1365
1371 392 614
614 392 1371
392 614 1371
205 125 1085
1085 125 205
125 205 1085
1412 118 364
118 364 1412
364 118 1412
1013 563 716
716 563 1013
563 716 1013
1192 399 970
970 399 1192
399 970 1192
1021 333 363
333 363 1021
363 333 1021
62 9 1453
1453 9 62
9 62 1453
152 232 813
813 152 232
232 152 813
985 302 1135
302 985 1135
1135 302 985
887 807 1388
807 887 1388
1388 807 887
801 729 1381
729 801 1381
1381 729 801
1186 838 953
838 953 1186
953 838 1186
1177 186 699
699 186 1177
186 699 1177
1489 208 1138
208 1138 1489
1138 208 1489
1099 185 967
185 967 1099
967 185 1099
367 108 632
108 367 632
632 108 367
24 710 750
750 24 710
710 24 750
774 344 1020
1020 344 774
344 774 1020
758 288 778
288 758 778
778 288 758
77 1002 1134
1002 77 1134
1134 77 1002
677 225 912
225 677 912
912 225 677
53 591 1354
591 53 1354
1354 53 591
137 535 1222
1222 137 535
535 137 1222
583 727 811
811 583 727
727 583 811
1327 166 1278
166 1278 1327
1278 166 1327
1395 406 505
505 406 1395
406 505 1395
1202 281 353
281 353 1202
353 281 1202
78 526 916
916 78 526
526 78 916
508 886 944
944 508 886
886 508 944
1139 701 815
815 701 1139
701 815 1139
448 181 685
685 181 448
181 448 685
245 691 1048
1048 245 691
691 245 1048
1356 178 676
676 178 1356
178 676 1356
879 101 1161
1161 101 879
101 879 1161
930 1296 1429
1429 930 1296
1296 930 1429
1452 271 1410
1410 271 1452
271 1410 1452
992 1243 1322
1243 992 1322
1322 992 1243
54 682 1148
1148 54 682
682 54 1148
440 945 1483
945 440 1483
1483 440 945
1032 272 1248
1248 272 1032
272 1032 1248
1294 757 1252
757 1252 1294
1252 757 1294
82 49 782
49 82 782
782 49 82
68 349 1213
1213 68 349
349 68 1213
961 134 1207
1207 134 961
134 961 1207
450 694 1034
694 450 1034
1034 450 694
211 925 1334
1334 211 925
925 211 1334
218 500 1500
500 218 1500
1500 218 500
1162 14 201
201 14 1162
14 201 1162
696 411 1121
411 696 1121
1121 411 696
998 441 755
755 441 998
441 755 998
1075 163 790
163 790 1075
790 163 1075
711 638 1346
1346 638 711
638 711 1346
1464 933 1417
933 1417 1464
1417 933 1464
1405 423 1288
1288 423 1405
423 1288 1405
456 631 911
631 456 911
911 456 631
579 50 252
252 50 579
50 252 579
32 248 934
248 32 934
934 32 248
1498 1070 1235
1235 1070 1498
1070 1235 1498
1046 880 884
884 880 1046
880 884 1046
518 47 1151
1151 47 518
47 518 1151
845 57 817
57 817 845
817 57 845
695 227 854
854 227 695
227 695 854
891 1053 1478
1053 891 1478
1478 891 1053
556 490 645
490 556 645
645 490 556
449 569 1113
1113 449 569
569 449 1113
374 593 1160
1160 374 593
593 374 1160
279 799 1434
799 279 1434
1434 279 799
795 360 841
360 795 841
841 360 795
574 159 373
159 373 574
373 159 574
2 375 1312
1312 2 375
375 2 1312
1228 511 1042
1042 511 1228
511 1042 1228
287 864 937
864 287 937
937 287 864
304 537 571
571 304 537
537 304 571
1280 389 791
791 389 1280
389 791 1280
136 76 1066
76 136 1066
1066 76 136
413 55 455
55 413 455
455 55 413
703 161 257
161 257 703
257 161 703
117 243 991
991 117 243
243 117 991
1142 221 1166
221 1142 1166
1166 221 1142
308 237 548
237 308 548
548 237 308
1396 670 1196
1196 670 1396
670 1196 1396
619 914 1493
1493 619 914
914 619 1493
483 901 1439
901 483 1439
1439 483 901
794 42 479
42 479 794
479 42 794
650 61 1045
1045 61 650
61 650 1045
1468 394 1175
1175 394 1468
394 1175 1468
348 381 1387
1387 348 381
381 348 1387
3 436 798
436 3 798
798 3 436
1229 502 1174
502 1174 1229
1174 502 1229
1286 334 573
334 573 1286
573 334 1286
1064 553 1214
553 1064 1214
1214 553 1064
779 523 830
523 779 830
830 523 779
475 1404 1420
1420 475 1404
1404 475 1420
1010 33 1302
1302 33 1010
33 1010 1302
249 187 1095
1095 187 249
187 249 1095
200 7 1340
1340 7 200
7 200 1340
1455 217 1164
217 1164 1455
1164 217 1455
1059 397 1200
1200 397 1059
397 1059 1200
920 453 1309
1309 453 920
453 920 1309
1426 386 648
648 386 1426
386 648 1426
1182 487 1089
487 1089 1182
1089 487 1182
52 512 1338
1338 52 512
512 52 1338
975 138 336
138 336 975
336 138 975
968 834 1490
1490 834 968
834 968 1490
1246 310 1062
1062 310 1246
310 1062 1246
1319 300 808
808 300 1319
300 808 1319
1458 457 1157
1157 457 1458
457 1157 1458
1462 169 1459
169 1459 1462
1459 169 1462
1067 51 244
51 244 1067
244 51 1067
708 900 1380
1380 708 900
900 708 1380
775 753 1301
1301 753 775
753 775 1301
771 877 1028
1028 771 877
877 771 1028
341 233 1460
233 341 1460
1460 233 341
39 732 1428
1428 39 732
732 39 1428
491 6 354
354 6 491
6 354 491
1315 264 562
562 264 1315
264 562 1315
1016 176 954
954 176 1016
176 954 1016
1375 534 751
751 534 1375
534 751 1375
1313 687 1026
687 1026 1313
1026 687 1313
888 113 164
113 164 888
164 113 888
1430 572 1245
572 1245 1430
1245 572 1430
731 826 1335
1335 731 826
826 731 1335
1385 1268 1361
1268 1361 1385
1361 1268 1385
955 443 785
443 785 955
785 443 955
1362 478 1231
478 1231 1362
1231 478 1362
875 433 973
433 875 973
973 433 875
655 850 936
936 655 850
850 655 936
48 309 1435
309 48 1435
1435 48 309
290 72 577
577 72 290
72 290 577
160 1197 1225
1197 160 1225
1225 160 1197
1114 358 606
358 606 1114
606 358 1114
787 820 1074
1074 787 820
820 787 1074
10 662 1137
662 10 1137
1137 10 662
552 865 1416
1416 552 865
865 552 1416
97 277 756
277 97 756
756 97 277
1170 122 445
445 122 1170
122 445 1170
786 390 1444
390 786 1444
1444 390 786
1184 132 1351
1351 132 1184
132 1184 1351
605 94 190
94 190 605
190 94 605
1015 599 1165
599 1015 1165
1165 599 1015
849 119 947
947 119 849
119 849 947
1403 806 1103
1103 806 1403
806 1103 1403
401 31 147
147 31 401
31 147 401
1438 372 1350
1350 372 1438
372 1350 1438
678 343 1251
1251 343 678
343 678 1251
1496 1241 1307
1307 1241 1496
1241 1307 1496
45 522 663
663 45 522
522 45 663
1115 709 742
742 709 1115
709 742 1115
942 85 269
269 85 942
85 269 942
465 251 1269
251 465 1269
1269 251 465
1033 273 282
282 273 1033
273 282 1033
788 318 1117
318 788 1117
1117 318 788
98 1141 1461
1461 98 1141
1141 98 1461
846 623 1343
1343 623 846
623 846 1343
486 814 897
814 486 897
897 486 814
1454 25 1470
25 1454 1470
1470 25 1454
435 359 881
881 359 435
359 435 881
656 278 602
278 602 656
602 278 656
231 859 1402
859 231 1402
1402 231 859
488 75 1104
1104 75 488
75 488 1104
