12815 9135 11803
11803 9135 12815
9135 11803 12815
5675 10065 14568
10065 5675 14568
14568 5675 10065
7677 1953 5631
5631 1953 7677
1953 5631 7677
7453 8696 9922
9922 7453 8696
8696 7453 9922
6526 7976 13850
13850 6526 7976
7976 6526 13850
5233 2446 4154
4154 2446 5233
2446 4154 5233
998 9662 13082
9662 998 13082
13082 998 9662
92 4566 6763
6763 92 4566
4566 92 6763
12165 3773 9621
3773 9621 12165
9621 3773 12165
3162 61 9545
9545 61 3162
61 3162 9545
9973 839 6057
6057 839 9973
839 6057 9973
11181 11360 14469
14469 11181 11360
11360 11181 14469
11626 3909 8082
8082 3909 11626
3909 8082 11626
9240 5532 12023
5532 9240 12023
12023 5532 9240
3814 3415 13289
13289 3415 3814
3415 3814 13289
8495 10311 13143
13143 8495 10311
10311 8495 13143
2089 2256 13275
13275 2089 2256
2256 2089 13275
11511 1614 10650
10650 1614 11511
1614 10650 11511
12259 2364 5014
2364 5014 12259
5014 2364 12259
8922 2794 4848
2794 4848 8922
4848 2794 8922
7964 1122 8494
8494 1122 7964
1122 7964 8494
3219 2060 10301
2060 3219 10301
10301 2060 3219
1022 275 1279
1279 275 1022
275 1022 1279
13610 9345 10421
10421 9345 13610
9345 10421 13610
7015 10954 11003
11003 7015 10954
10954 7015 11003
3040 1573 11754
11754 1573 3040
1573 3040 11754
2703 1516 14404
1516 2703 14404
14404 1516 2703
3700 4597 9849
4597 3700 9849
9849 3700 4597
14753 1570 7697
1570 7697 14753
7697 1570 14753
2025 112 5884
5884 112 2025
112 2025 5884
5659 4005 9084
9084 4005 5659
4005 5659 9084
9771 8992 11456
11456 8992 9771
8992 9771 11456
8672 4951 14646
14646 4951 8672
4951 8672 14646
1931 506 3659
3659 506 1931
506 1931 3659
12547 11245 14425
11245 12547 14425
14425 11245 12547
370 12432 14171
12432 370 14171
14171 370 12432
5954 1435 3618
3618 1435 5954
1435 3618 5954
11660 4940 7330
4940 7330 11660
7330 4940 11660
6627 3740 12193
3740 6627 12193
12193 3740 6627
8283 7953 13381
7953 8283 13381
13381 7953 8283
12895 5904 8764
5904 8764 12895
8764 5904 12895
8874 912 7514
912 7514 8874
7514 912 8874
1408 4193 7181
4193 1408 7181
7181 1408 4193
13356 30 4492
4492 30 13356
30 4492 13356
782 3240 14395
14395 782 3240
3240 782 14395
2843 648 14441
648 2843 14441
14441 648 2843
5799 1907 13655
1907 5799 13655
13655 1907 5799
11454 589 8260
589 8260 11454
8260 589 11454
14394 3706 14341
3706 14341 14394
14341 3706 14394
14978 958 2283
958 2283 14978
2283 958 14978
3789 5457 13479
5457 3789 13479
13479 3789 5457
6380 8030 11881
11881 6380 8030
8030 6380 11881
8129 3712 14101
3712 8129 14101
14101 3712 8129
13129 10948 13542
10948 13129 13542
13542 10948 13129
4077 10890 11432
11432 4077 10890
10890 4077 11432
5541 6600 8547
6600 5541 8547
8547 5541 6600
3446 4058 7774
7774 3446 4058
4058 3446 7774
6766 2377 8879
2377 6766 8879
8879 2377 6766
6425 6452 13626
6452 6425 13626
13626 6425 6452
420 9161 13856
9161 420 13856
13856 420 9161
5392 334 4588
334 4588 5392
4588 334 5392
3831 4489 9737
4489 3831 9737
9737 3831 4489
3870 3932 11464
3932 3870 11464
11464 3870 3932
11922 1595 3817
1595 3817 11922
3817 1595 11922
11830 8433 9253
8433 9253 11830
9253 8433 11830
907 2419 9045
9045 907 2419
2419 907 9045
4082 4137 12354
12354 4082 4137
4137 4082 12354
13781 575 12470
575 12470 13781
12470 575 13781
14255 755 6495
6495 755 14255
755 6495 14255
5238 138 4386
4386 138 5238
138 4386 5238
10596 2655 14419
2655 10596 14419
14419 2655 10596
9262 6013 9994
9994 6013 9262
6013 9262 9994
12182 2271 13660
2271 12182 13660
13660 2271 12182
2398 2439 5711
2439 2398 5711
5711 2398 2439
11569 2491 9883
9883 2491 11569
2491 9883 11569
9834 10713 12376
12376 9834 10713
10713 9834 12376
4332 6421 11299
6421 4332 11299
11299 4332 6421
9633 4504 11106
4504 9633 11106
11106 4504 9633
3640 5221 12214
12214 3640 5221
5221 3640 12214
2184 538 10926
10926 538 2184
538 2184 10926
10453 9786 12914
12914 9786 10453
9786 10453 12914
8512 367 3657
3657 367 8512
367 3657 8512
4103 5751 10259
10259 4103 5751
5751 4103 10259
6127 5833 8156
8156 5833 6127
5833 6127 8156
9148 5391 8890
5391 8890 9148
8890 5391 9148
5103 5881 6358
5881 5103 6358
6358 5103 5881
12799 333 6807
6807 333 12799
333 6807 12799
6977 378 10504
10504 378 6977
378 6977 10504
1412 4730 14297
4730 1412 14297
14297 1412 4730
10307 207 2630
2630 207 10307
207 2630 10307
310 3769 14256
3769 310 14256
14256 310 3769
13161 10246 12586
12586 10246 13161
10246 12586 13161
12257 4602 13617
4602 12257 13617
13617 4602 12257
1051 10791 12711
12711 1051 10791
10791 1051 12711
6121 9800 11306
11306 6121 9800
9800 6121 11306
11990 629 989
989 629 11990
629 989 11990
3593 5653 10418
10418 3593 5653
5653 3593 10418
12640 13530 14471
13530 12640 14471
14471 12640 13530
9959 6024 13040
6024 9959 13040
13040 6024 9959
5981 7331 8048
8048 5981 7331
7331 5981 8048
1154 3387 5844
3387 1154 5844
5844 1154 3387
3108 8252 10332
10332 3108 8252
8252 3108 10332
11127 10664 11357
10664 11127 11357
11357 10664 11127
2741 5095 9029
5095 2741 9029
9029 2741 5095
6862 2455 3101
3101 2455 6862
2455 3101 6862
4474 1470 10770
1470 4474 10770
10770 1470 4474
3182 353 6720
353 3182 6720
6720 353 3182
2310 770 3580
770 2310 3580
3580 770 2310
2911 6692 10931
6692 2911 10931
10931 2911 6692
2380 11757 13941
11757 2380 13941
13941 2380 11757
6698 97 9766
97 6698 9766
9766 97 6698
5248 10822 12805
12805 5248 10822
10822 5248 12805
4322 10751 14585
14585 4322 10751
10751 4322 14585
10350 7486 10887
7486 10350 10887
10887 7486 10350
7128 2571 5862
5862 2571 7128
2571 5862 7128
6464 1050 13703
1050 6464 13703
13703 1050 6464
7324 515 13844
13844 515 7324
515 7324 13844
12032 2459 7447
7447 2459 12032
2459 7447 12032
10362 2044 3565
3565 2044 10362
2044 3565 10362
13371 13 13280
13280 13 13371
13 13280 13371
3153 5587 10157
10157 3153 5587
5587 3153 10157
13213 2137 13150
13150 2137 13213
2137 13150 13213
3124 200 1128
1128 200 3124
200 1128 3124
14196 686 10845
686 10845 14196
10845 686 14196
14675 5092 13034
5092 13034 14675
13034 5092 14675
12802 1510 10910
10910 1510 12802
1510 10910 12802
5624 5984 13339
5984 5624 13339
13339 5624 5984
9784 6415 11345
6415 9784 11345
11345 6415 9784
14189 4889 9196
4889 9196 14189
9196 4889 14189
6731 2326 14950
14950 2326 6731
2326 6731 14950
399 5637 12730
5637 399 12730
12730 399 5637
13193 1270 7943
7943 1270 13193
1270 7943 13193
7197 4993 11907
4993 7197 11907
11907 4993 7197
5178 6055 8427
6055 5178 8427
8427 5178 6055
965 6 12760
12760 6 965
6 965 12760
14077 2980 11724
11724 2980 14077
2980 11724 14077
4485 7633 10088
7633 4485 10088
10088 4485 7633
9496 3613 8823
8823 3613 9496
3613 8823 9496
8106 10823 13500
13500 8106 10823
10823 8106 13500
4962 8906 11656
8906 4962 11656
11656 4962 8906
6472 13125 13419
13125 6472 13419
13419 6472 13125
10402 2646 10740
10740 2646 10402
2646 10402 10740
6810 1175 13189
1175 6810 13189
13189 1175 6810
4260 9317 11000
9317 4260 11000
11000 4260 9317
14372 9537 14806
9537 14372 14806
14806 9537 14372
5620 4584 11314
4584 5620 11314
11314 4584 5620
7351 2684 14641
2684 7351 14641
14641 2684 7351
13644 5015 5673
5015 5673 13644
5673 5015 13644
6708 375 6221
375 6221 6708
6221 375 6708
754 1640 9787
1640 754 9787
9787 754 1640
4164 2592 4910
2592 4164 4910
4910 2592 4164
4120 9424 14881
9424 4120 14881
14881 4120 9424
4737 6090 8909
8909 4737 6090
6090 4737 8909
14595 598 2766
598 2766 14595
2766 598 14595
4000 11229 13591
11229 4000 13591
13591 4000 11229
6212 7596 12597
7596 6212 12597
12597 6212 7596
5274 4583 4660
4583 4660 5274
4660 4583 5274
10204 1354 7458
1354 7458 10204
7458 1354 10204
13039 7557 9113
9113 7557 13039
7557 9113 13039
13221 427 2098
427 2098 13221
2098 427 13221
491 915 7098
915 491 7098
7098 491 915
13257 127 12118
12118 127 13257
127 12118 13257
12046 7792 7851
7851 7792 12046
7792 7851 12046
1112 9248 14307
9248 1112 14307
14307 1112 9248
9833 3337 7460
3337 7460 9833
7460 3337 9833
1449 6622 11831
11831 1449 6622
6622 1449 11831
10624 5408 11613
5408 10624 11613
11613 5408 10624
4316 13521 13600
13521 4316 13600
13600 4316 13521
14826 5134 9960
5134 9960 14826
9960 5134 14826
548 3819 11195
11195 548 3819
3819 548 11195
14905 12536 14934
12536 14905 14934
14934 12536 14905
1757 2642 4473
4473 1757 2642
2642 1757 4473
1762 1592 13549
13549 1592 1762
1592 1762 13549
13408 5303 7413
5303 7413 13408
7413 5303 13408
6579 2936 7606
2936 6579 7606
7606 2936 6579
14807 9367 11004
9367 11004 14807
11004 9367 14807
14993 8083 8103
8103 8083 14993
8083 8103 14993
6661 3463 13867
3463 6661 13867
13867 3463 6661
769 4507 6759
6759 769 4507
4507 769 6759
11665 1701 2945
2945 1701 11665
1701 2945 11665
14941 7276 9727
9727 7276 14941
7276 9727 14941
5617 4050 6587
4050 5617 6587
6587 4050 5617
14872 7554 13238
7554 13238 14872
13238 7554 14872
8406 5645 11493
11493 5645 8406
5645 8406 11493
11480 3444 11548
3444 11480 11548
11548 3444 11480
11197 3903 8211
3903 8211 11197
8211 3903 11197
11579 796 7114
7114 796 11579
796 7114 11579
6001 272 512
272 512 6001
512 272 6001
2866 13023 14323
13023 2866 14323
14323 2866 13023
7783 4953 11998
11998 4953 7783
4953 7783 11998
6375 439 3992
439 3992 6375
3992 439 6375
10206 9560 13483
9560 10206 13483
13483 9560 10206
2123 5913 10283
5913 2123 10283
10283 2123 5913
13682 3950 12423
3950 12423 13682
12423 3950 13682
4253 12218 14604
12218 4253 14604
14604 4253 12218
11832 13621 13934
13621 11832 13934
13934 11832 13621
9867 9092 12225
12225 9092 9867
9092 9867 12225
3802 2925 10317
2925 3802 10317
10317 2925 3802
6974 5629 10699
5629 6974 10699
10699 5629 6974
11884 826 10293
826 10293 11884
10293 826 11884
690 7969 10254
7969 690 10254
10254 690 7969
3650 1805 4817
4817 1805 3650
1805 3650 4817
7692 2501 6402
6402 2501 7692
2501 6402 7692
2353 7778 13661
7778 2353 13661
13661 2353 7778
8185 1095 11173
11173 1095 8185
1095 8185 11173
13472 13373 13664
13664 13373 13472
13373 13472 13664
3662 2626 10982
10982 2626 3662
2626 3662 10982
9764 1666 6417
6417 1666 9764
1666 6417 9764
10533 2203 4301
2203 4301 10533
4301 2203 10533
9211 11538 12161
11538 9211 12161
12161 9211 11538
14287 1192 11938
11938 1192 14287
1192 11938 14287
4487 1264 2158
1264 2158 4487
2158 1264 4487
5890 29 7587
29 5890 7587
7587 29 5890
13707 2567 8475
8475 2567 13707
2567 8475 13707
7475 4620 12700
4620 7475 12700
12700 4620 7475
4375 12319 12999
12999 4375 12319
12319 4375 12999
4702 7090 14023
7090 4702 14023
14023 4702 7090
13702 9129 11994
9129 11994 13702
11994 9129 13702
13992 7955 8539
8539 7955 13992
7955 8539 13992
3627 5791 6915
5791 3627 6915
6915 3627 5791
6416 3391 14926
3391 6416 14926
14926 3391 6416
9840 3563 13747
3563 9840 13747
13747 3563 9840
6750 3762 5607
3762 5607 6750
5607 3762 6750
9179 7973 8812
8812 7973 9179
7973 8812 9179
1292 8765 13139
8765 1292 13139
13139 1292 8765
14112 289 6340
6340 289 14112
289 6340 14112
7967 4072 4587
4072 4587 7967
4587 4072 7967
4097 3774 10526
10526 3774 4097
3774 4097 10526
8850 1278 12270
12270 1278 8850
1278 8850 12270
6240 210 4307
4307 210 6240
210 4307 6240
6077 4401 11233
11233 4401 6077
4401 6077 11233
7310 3378 9623
9623 3378 7310
3378 7310 9623
209 713 1260
1260 209 713
713 209 1260
12985 4968 13805
13805 4968 12985
4968 12985 13805
11268 5752 12311
5752 11268 12311
12311 5752 11268
724 10550 11761
10550 724 11761
11761 724 10550
3352 413 2617
2617 413 3352
413 2617 3352
1389 4857 13755
4857 1389 13755
13755 1389 4857
12275 8622 13303
13303 8622 12275
8622 12275 13303
4914 4140 9428
4140 4914 9428
9428 4140 4914
12405 3330 10479
3330 10479 12405
10479 3330 12405
10825 6544 9204
6544 9204 10825
9204 6544 10825
1864 10234 13007
10234 1864 13007
13007 1864 10234
9168 5020 7950
5020 7950 9168
7950 5020 9168
8282 2663 6096
2663 6096 8282
6096 2663 8282
12379 6664 8787
6664 8787 12379
8787 6664 12379
1861 3044 12964
12964 1861 3044
3044 1861 12964
6458 6784 11175
6784 6458 11175
11175 6458 6784
12787 4390 13800
13800 4390 12787
4390 12787 13800
56 3051 6598
3051 56 6598
6598 56 3051
11874 7507 9206
7507 9206 11874
9206 7507 11874
10062 13095 14857
13095 10062 14857
14857 10062 13095
10215 7748 7840
7748 7840 10215
7840 7748 10215
14388 5932 10458
5932 10458 14388
10458 5932 14388
14385 743 14517
14517 743 14385
743 14385 14517
117 1132 9957
1132 117 9957
9957 117 1132
5449 4022 9448
4022 5449 9448
9448 4022 5449
1818 4134 8521
8521 1818 4134
4134 1818 8521
13158 1778 4877
1778 4877 13158
4877 1778 13158
4355 4148 7070
4148 4355 7070
7070 4148 4355
14223 4511 8013
8013 4511 14223
4511 8013 14223
13977 5597 6180
6180 5597 13977
5597 6180 13977
11654 11123 12146
12146 11123 11654
11123 11654 12146
547 5321 13070
13070 547 5321
5321 547 13070
11472 7791 13326
13326 7791 11472
7791 11472 13326
1650 119 8069
119 1650 8069
8069 119 1650
1933 1348 11864
11864 1348 1933
1348 1933 11864
927 13808 14290
13808 927 14290
14290 927 13808
12778 277 10343
10343 277 12778
277 10343 12778
12412 1916 6502
1916 6502 12412
6502 1916 12412
2117 7494 8685
8685 2117 7494
7494 2117 8685
14129 14509 14920
14509 14129 14920
14920 14129 14509
445 5017 7747
5017 445 7747
7747 445 5017
1390 1518 2411
1518 1390 2411
2411 1390 1518
14706 2175 13247
2175 13247 14706
13247 2175 14706
6821 9259 14822
9259 6821 14822
14822 6821 9259
3267 2176 9116
9116 2176 3267
2176 3267 9116
5121 1033 9915
9915 1033 5121
1033 5121 9915
10925 5789 7779
5789 7779 10925
7779 5789 10925
11900 1776 11355
1776 11355 11900
11355 1776 11900
10889 6796 14935
6796 10889 14935
14935 6796 10889
3145 11970 14895
11970 3145 14895
14895 3145 11970
5284 10467 11244
10467 5284 11244
11244 5284 10467
10879 2237 8595
8595 2237 10879
2237 8595 10879
14092 2445 9824
2445 9824 14092
9824 2445 14092
5666 1890 7113
1890 5666 7113
7113 1890 5666
10397 8262 11627
8262 10397 11627
11627 8262 10397
7219 4233 10487
4233 7219 10487
10487 4233 7219
7221 8959 12058
8959 7221 12058
12058 7221 8959
3638 8276 13293
8276 3638 13293
13293 3638 8276
11912 7624 11859
11859 7624 11912
7624 11859 11912
4578 2160 5047
5047 2160 4578
2160 4578 5047
10426 1683 8700
8700 1683 10426
1683 8700 10426
406 2681 7043
7043 406 2681
2681 406 7043
4127 94 11924
94 4127 11924
11924 94 4127
8364 481 8596
8596 481 8364
481 8364 8596
11089 5500 10385
10385 5500 11089
5500 10385 11089
9435 4509 7009
7009 4509 9435
4509 7009 9435
1653 8332 12132
12132 1653 8332
8332 1653 12132
2406 1941 14169
1941 2406 14169
14169 1941 2406
4577 6483 10779
6483 4577 10779
10779 4577 6483
14584 913 9630
9630 913 14584
913 9630 14584
1799 6985 12741
12741 1799 6985
6985 1799 12741
10193 10604 11226
10604 10193 11226
11226 10193 10604
13059 8986 13024
8986 13024 13059
13024 8986 13059
6885 10532 11968
10532 6885 11968
11968 6885 10532
9453 3297 11448
11448 3297 9453
3297 9453 11448
2531 1993 3091
3091 1993 2531
1993 2531 3091
1967 11680 13191
11680 1967 13191
13191 1967 11680
1689 8550 14200
8550 1689 14200
14200 1689 8550
12090 5466 8056
8056 5466 12090
5466 8056 12090
6768 3220 12450
3220 6768 12450
12450 3220 6768
13618 4437 10986
10986 4437 13618
4437 10986 13618
4920 6272 8186
6272 4920 8186
8186 4920 6272
2902 297 12818
12818 297 2902
297 2902 12818
2522 7906 11800
7906 2522 11800
11800 2522 7906
751 1486 7106
7106 751 1486
1486 751 7106
6123 473 6936
473 6123 6936
6936 473 6123
6628 5652 10102
10102 5652 6628
5652 6628 10102
9781 532 14086
532 9781 14086
14086 532 9781
3840 8493 14417
8493 3840 14417
14417 3840 8493
722 3248 7567
7567 722 3248
3248 722 7567
13491 3246 9157
3246 9157 13491
9157 3246 13491
9986 261 8391
261 8391 9986
8391 261 9986
12865 2078 10346
2078 10346 12865
10346 2078 12865
5698 8935 10978
10978 5698 8935
8935 5698 10978
2935 76 3093
76 2935 3093
3093 76 2935
13679 4354 13372
13372 4354 13679
4354 13372 13679
9299 4532 7112
4532 7112 9299
7112 4532 9299
2250 4382 6822
6822 2250 4382
4382 2250 6822
4556 4599 7848
4599 4556 7848
7848 4556 4599
2732 4773 8224
4773 2732 8224
8224 2732 4773
7952 10091 11888
10091 7952 11888
11888 7952 10091
10796 3150 7804
7804 3150 10796
3150 7804 10796
4135 101 1638
1638 101 4135
101 1638 4135
14028 2997 6743
2997 6743 14028
6743 2997 14028
6073 1903 9394
1903 6073 9394
9394 1903 6073
605 3515 11202
11202 605 3515
3515 605 11202
1401 7688 11160
7688 1401 11160
11160 1401 7688
487 48 505
505 48 487
48 487 505
12533 5846 13538
13538 5846 12533
5846 12533 13538
7270 3277 11663
11663 3277 7270
3277 7270 11663
14631 3127 3516
3516 3127 14631
3127 3516 14631
12062 2917 10268
2917 10268 12062
10268 2917 12062
7928 6376 13578
13578 6376 7928
6376 7928 13578
7213 8830 10269
8830 7213 10269
10269 7213 8830
3975 3708 12457
3708 3975 12457
12457 3708 3975
4087 5149 11285
5149 4087 11285
11285 4087 5149
8606 10531 13881
10531 8606 13881
13881 8606 10531
13926 4837 12018
4837 12018 13926
12018 4837 13926
1177 4911 11706
11706 1177 4911
4911 1177 11706
154 9855 10490
10490 154 9855
9855 154 10490
2061 4718 6719
6719 2061 4718
4718 2061 6719
10497 4883 9610
4883 9610 10497
9610 4883 10497
11458 355 11095
355 11095 11458
11095 355 11458
10297 6256 9391
9391 6256 10297
6256 9391 10297
6792 9706 13160
13160 6792 9706
9706 6792 13160
10581 9297 10648
9297 10581 10648
10648 9297 10581
13416 4320 11559
4320 11559 13416
11559 4320 13416
546 4693 6873
4693 546 6873
6873 546 4693
274 4887 6290
6290 274 4887
4887 274 6290
2963 7517 11933
11933 2963 7517
7517 2963 11933
9149 3285 11053
3285 9149 11053
11053 3285 9149
7235 254 8449
8449 254 7235
254 7235 8449
7134 10400 13475
13475 7134 10400
10400 7134 13475
4918 1334 6078
1334 4918 6078
6078 1334 4918
13590 5985 8334
5985 8334 13590
8334 5985 13590
14707 4012 5417
4012 5417 14707
5417 4012 14707
11644 11249 12669
11249 11644 12669
12669 11249 11644
6494 1191 3499
3499 1191 6494
1191 3499 6494
2180 7097 10222
10222 2180 7097
7097 2180 10222
4490 4328 9479
4328 4490 9479
9479 4328 4490
2154 4426 10507
10507 2154 4426
4426 2154 10507
1004 7444 14632
14632 1004 7444
7444 1004 14632
1695 1810 10228
1810 1695 10228
10228 1695 1810
5621 7266 13891
7266 5621 13891
13891 5621 7266
4469 5054 8786
5054 4469 8786
8786 4469 5054
10496 4100 9680
4100 9680 10496
9680 4100 10496
7821 2926 5496
5496 2926 7821
2926 5496 7821
4048 1261 2460
2460 1261 4048
1261 2460 4048
10299 4568 11466
4568 10299 11466
11466 4568 10299
6449 10216 13208
13208 6449 10216
10216 6449 13208
10069 5021 7659
7659 5021 10069
5021 7659 10069
653 4416 13404
4416 653 13404
13404 653 4416
3103 11773 13056
11773 3103 13056
13056 3103 11773
12634 12 13726
12 12634 13726
13726 12 12634
11684 2805 5684
2805 5684 11684
5684 2805 11684
7541 1813 14655
14655 1813 7541
1813 7541 14655
4207 3166 9773
9773 3166 4207
3166 4207 9773
9207 10000 14889
14889 9207 10000
10000 9207 14889
9328 2596 13057
2596 9328 13057
13057 2596 9328
10371 671 9422
9422 671 10371
671 9422 10371
5170 5165 13032
13032 5165 5170
5165 5170 13032
922 4059 8745
8745 922 4059
4059 922 8745
14240 2969 6359
2969 6359 14240
6359 2969 14240
4270 858 1704
858 1704 4270
1704 858 4270
12245 126 2609
126 2609 12245
2609 126 12245
7189 6966 14288
14288 6966 7189
6966 7189 14288
5572 7689 10352
7689 5572 10352
10352 5572 7689
1396 7296 9946
9946 1396 7296
7296 1396 9946
10591 4611 8336
8336 4611 10591
4611 8336 10591
11667 2848 12278
12278 2848 11667
2848 11667 12278
13753 10963 11399
10963 11399 13753
11399 10963 13753
11937 6039 13155
6039 11937 13155
13155 6039 11937
12768 6928 10792
6928 10792 12768
10792 6928 12768
5647 1234 9529
1234 5647 9529
9529 1234 5647
1217 7913 10027
10027 1217 7913
7913 1217 10027
11549 5198 11253
11253 5198 11549
5198 11253 11549
8565 4205 6634
6634 4205 8565
4205 6634 8565
1349 4590 8394
4590 1349 8394
8394 1349 4590
12227 1310 2387
2387 1310 12227
1310 2387 12227
4798 8592 12780
12780 4798 8592
8592 4798 12780
8605 3473 5201
5201 3473 8605
3473 5201 8605
8134 13429 13605
13429 8134 13605
13605 8134 13429
5923 13888 13938
13888 5923 13938
13938 5923 13888
6412 615 7155
7155 615 6412
615 6412 7155
1556 10376 12867
12867 1556 10376
10376 1556 12867
2927 9768 10705
10705 2927 9768
9768 2927 10705
9826 6780 10384
6780 9826 10384
10384 6780 9826
12670 3828 3944
3944 3828 12670
3828 3944 12670
9209 5353 9841
5353 9209 9841
9841 5353 9209
2582 4856 9975
9975 2582 4856
4856 2582 9975
2829 8855 9155
9155 2829 8855
8855 2829 9155
921 1321 7482
1321 921 7482
7482 921 1321
11743 7193 13943
13943 7193 11743
7193 11743 13943
201 3998 9250
3998 201 9250
9250 201 3998
4475 1183 12944
1183 4475 12944
12944 1183 4475
5878 341 7661
341 5878 7661
7661 341 5878
7645 7400 13064
7400 7645 13064
13064 7400 7645
6270 5147 14187
5147 6270 14187
14187 5147 6270
13921 6851 12746
6851 12746 13921
12746 6851 13921
8190 2941 7945
2941 7945 8190
7945 2941 8190
8357 7260 11527
11527 7260 8357
7260 8357 11527
3365 2340 9332
9332 2340 3365
2340 3365 9332
1802 4391 8359
4391 1802 8359
8359 1802 4391
14680 11218 11594
11218 11594 14680
11594 11218 14680
5420 6049 9591
6049 5420 9591
9591 5420 6049
10178 11 5026
11 5026 10178
5026 11 10178
8893 920 5729
920 5729 8893
5729 920 8893
14150 6725 10217
10217 6725 14150
6725 10217 14150
12082 6443 8863
6443 8863 12082
8863 6443 12082
11462 1880 4938
4938 1880 11462
1880 4938 11462
8356 2892 7718
7718 2892 8356
2892 7718 8356
11216 8178 11316
11316 8178 11216
8178 11216 11316
5831 5670 8439
5670 5831 8439
8439 5670 5831
9201 176 14081
14081 176 9201
176 9201 14081
1605 9350 14201
9350 1605 14201
14201 1605 9350
14958 734 1680
1680 734 14958
734 1680 14958
12979 4062 5355
4062 5355 12979
5355 4062 12979
5368 644 2751
644 2751 5368
2751 644 5368
6879 4370 6394
4370 6394 6879
6394 4370 6879
9487 6231 7552
7552 6231 9487
6231 7552 9487
12749 9544 14016
14016 9544 12749
9544 12749 14016
12310 2021 7868
2021 7868 12310
7868 2021 12310
2251 7326 9891
7326 2251 9891
9891 2251 7326
2890 2934 7994
2934 2890 7994
7994 2890 2934
11927 1017 8841
1017 8841 11927
8841 1017 11927
9509 10763 11350
11350 9509 10763
10763 9509 11350
7989 2761 10560
10560 2761 7989
2761 7989 10560
5813 4804 11418
4804 5813 11418
11418 4804 5813
1767 13108 14530
13108 1767 14530
14530 1767 13108
1964 398 6992
6992 398 1964
398 1964 6992
308 12915 13177
12915 308 13177
13177 308 12915
9714 3594 11640
11640 3594 9714
3594 9714 11640
12822 1660 7563
1660 7563 12822
7563 1660 12822
2449 2680 11378
2680 2449 11378
11378 2449 2680
3314 10683 14691
14691 3314 10683
10683 3314 14691
13700 9365 13771
13771 9365 13700
9365 13700 13771
14683 3284 3912
3912 3284 14683
3284 3912 14683
2384 10548 14219
14219 2384 10548
10548 2384 14219
8970 5561 10800
5561 8970 10800
10800 5561 8970
13322 7191 11520
7191 11520 13322
11520 7191 13322
11978 9598 13535
9598 11978 13535
13535 9598 11978
6980 4261 14025
14025 4261 6980
4261 6980 14025
5968 81 13670
13670 81 5968
81 5968 13670
11543 5616 12022
12022 5616 11543
5616 11543 12022
13963 1093 10242
10242 1093 13963
1093 10242 13963
10111 6673 10200
10200 6673 10111
6673 10111 10200
11188 1226 3634
3634 1226 11188
1226 3634 11188
13991 6771 9176
6771 9176 13991
9176 6771 13991
684 2674 5437
2674 684 5437
5437 684 2674
9863 5641 10316
10316 5641 9863
5641 9863 10316
2194 3455 10849
3455 2194 10849
10849 2194 3455
4069 5573 14264
14264 4069 5573
5573 4069 14264
13306 7872 11317
7872 11317 13306
11317 7872 13306
2511 202 7416
202 2511 7416
7416 202 2511
8690 3922 9810
9810 3922 8690
3922 8690 9810
10047 5575 8410
8410 5575 10047
5575 8410 10047
7014 13846 14065
13846 7014 14065
14065 7014 13846
11960 2834 11296
2834 11296 11960
11296 2834 11960
6666 6052 8837
8837 6052 6666
6052 6666 8837
7200 1785 5661
1785 5661 7200
5661 1785 7200
260 1741 3626
3626 260 1741
1741 260 3626
3315 2458 8404
8404 2458 3315
2458 3315 8404
10583 1299 6876
6876 1299 10583
1299 6876 10583
10393 1265 12925
12925 1265 10393
1265 10393 12925
12986 357 2835
357 2835 12986
2835 357 12986
8532 7548 11741
7548 8532 11741
11741 7548 8532
13638 4025 7704
7704 4025 13638
4025 7704 13638
13136 5150 8655
8655 5150 13136
5150 8655 13136
14559 268 2600
268 2600 14559
2600 268 14559
321 1978 9819
9819 321 1978
1978 321 9819
5002 1225 10657
1225 5002 10657
10657 1225 5002
434 9375 9999
9999 434 9375
9375 434 9999
8511 11040 14910
14910 8511 11040
11040 8511 14910
10980 9337 10122
10122 9337 10980
9337 10122 10980
4152 712 6021
6021 712 4152
712 4152 6021
2300 1377 8923
8923 1377 2300
1377 2300 8923
14205 428 1197
1197 428 14205
428 1197 14205
3716 13242 13368
13368 3716 13242
13242 3716 13368
8088 3835 9233
3835 8088 9233
9233 3835 8088
5352 4244 14017
4244 5352 14017
14017 4244 5352
13188 7407 12454
12454 7407 13188
7407 12454 13188
9000 3994 10374
10374 3994 9000
3994 9000 10374
492 990 2547
990 492 2547
2547 492 990
13314 1224 1846
1224 1846 13314
1846 1224 13314
3235 2811 9456
2811 3235 9456
9456 2811 3235
483 9081 10646
9081 483 10646
10646 483 9081
6166 3707 12595
12595 3707 6166
3707 6166 12595
6843 11916 14882
14882 6843 11916
11916 6843 14882
13906 8145 9830
9830 8145 13906
8145 9830 13906
5990 1856 2157
2157 1856 5990
1856 2157 5990
5609 11278 11908
11908 5609 11278
11278 5609 11908
8350 2179 13484
2179 8350 13484
13484 2179 8350
108 177 5043
5043 108 177
177 108 5043
2264 4466 14965
4466 2264 14965
14965 2264 4466
10628 10775 14890
14890 10628 10775
10775 10628 14890
12679 8778 14911
14911 8778 12679
8778 12679 14911
9095 6864 12541
12541 6864 9095
6864 9095 12541
7380 591 5691
591 5691 7380
5691 591 7380
13675 3301 4582
3301 4582 13675
4582 3301 13675
7037 7319 9093
9093 7037 7319
7319 7037 9093
7653 568 862
568 862 7653
862 568 7653
14276 3518 3726
3518 3726 14276
3726 3518 14276
6990 651 8783
8783 651 6990
651 6990 8783
5503 7503 12219
7503 5503 12219
12219 5503 7503
12374 4182 6373
6373 4182 12374
4182 6373 12374
4774 7759 10768
10768 4774 7759
7759 4774 10768
4032 7545 14349
7545 4032 14349
14349 4032 7545
5906 6357 10585
10585 5906 6357
6357 5906 10585
6563 11409 11739
11739 6563 11409
11409 6563 11739
12972 3508 14445
14445 3508 12972
3508 12972 14445
3656 4259 6137
6137 3656 4259
4259 3656 6137
10403 3589 5891
5891 3589 10403
3589 5891 10403
14280 11836 14539
14539 11836 14280
11836 14280 14539
9859 771 5917
771 5917 9859
5917 771 9859
599 522 14828
522 599 14828
14828 522 599
3427 7926 9322
7926 3427 9322
9322 3427 7926
6906 10169 12856
12856 6906 10169
10169 6906 12856
14422 8627 12122
12122 8627 14422
8627 12122 14422
3951 8368 14587
14587 3951 8368
8368 3951 14587
14933 1392 6255
1392 6255 14933
6255 1392 14933
11129 10099 10367
10367 10099 11129
10099 10367 11129
10331 7601 11243
11243 7601 10331
7601 10331 11243
8314 1745 8388
1745 8314 8388
8388 1745 8314
11122 143 14197
143 11122 14197
14197 143 11122
513 5173 9469
9469 513 5173
5173 513 9469
13848 960 7446
7446 960 13848
960 7446 13848
12759 1572 6105
6105 1572 12759
1572 6105 12759
6670 2559 2771
2771 2559 6670
2559 2771 6670
1768 4783 6889
4783 1768 6889
6889 1768 4783
4074 1597 5578
5578 1597 4074
1597 4074 5578
10960 4141 7272
4141 7272 10960
7272 4141 10960
8231 2173 13750
2173 8231 13750
13750 2173 8231
9731 13452 14165
13452 9731 14165
14165 9731 13452
5345 6034 12940
6034 5345 12940
12940 5345 6034
9067 4522 11362
11362 4522 9067
4522 9067 11362
7182 4667 6454
6454 4667 7182
4667 6454 7182
1999 5135 6487
6487 1999 5135
5135 1999 6487
5687 4095 12514
4095 5687 12514
12514 4095 5687
6167 3475 5427
5427 3475 6167
3475 5427 6167
4172 111 14105
111 4172 14105
14105 111 4172
14215 3394 5511
3394 5511 14215
5511 3394 14215
9481 1520 6658
6658 1520 9481
1520 6658 9481
10993 2878 12698
2878 10993 12698
12698 2878 10993
7474 12089 13950
12089 7474 13950
13950 7474 12089
14426 3643 14713
14713 3643 14426
3643 14426 14713
10370 3606 10649
3606 10370 10649
10649 3606 10370
12751 5219 8666
5219 8666 12751
8666 5219 12751
3161 2865 7323
7323 2865 3161
2865 3161 7323
8360 6683 8697
6683 8360 8697
8697 6683 8360
3129 880 8102
8102 880 3129
880 3129 8102
12222 6773 10877
6773 10877 12222
10877 6773 12222
11047 426 14823
426 11047 14823
14823 426 11047
12624 6435 12498
6435 12498 12624
12498 6435 12624
1083 10016 13552
10016 1083 13552
13552 1083 10016
14213 3465 13686
13686 3465 14213
3465 13686 14213
8047 2948 9901
2948 8047 9901
9901 2948 8047
9393 8285 9522
9522 8285 9393
8285 9393 9522
14024 5029 11109
11109 5029 14024
5029 11109 14024
6584 7536 11726
7536 6584 11726
11726 6584 7536
6865 4453 7370
4453 6865 7370
7370 4453 6865
12121 5244 14967
14967 5244 12121
5244 12121 14967
1759 3079 9433
3079 1759 9433
9433 1759 3079
9650 1123 3924
3924 1123 9650
1123 3924 9650
3948 5406 8146
5406 3948 8146
8146 3948 5406
6809 1243 3486
3486 1243 6809
1243 3486 6809
8628 3178 11540
3178 8628 11540
11540 3178 8628
10552 1085 2465
2465 1085 10552
1085 2465 10552
8529 7815 8800
8800 7815 8529
7815 8529 8800
12418 7571 12205
12205 7571 12418
7571 12205 12418
14439 4812 14172
4812 14172 14439
14172 4812 14439
2489 9189 12673
9189 2489 12673
12673 2489 9189
7726 1698 5565
5565 1698 7726
1698 5565 7726
7841 1655 2317
2317 1655 7841
1655 2317 7841
3081 8080 14677
14677 3081 8080
8080 3081 14677
899 2641 9291
9291 899 2641
2641 899 9291
11965 10289 14961
10289 11965 14961
14961 10289 11965
1883 4735 5473
5473 1883 4735
4735 1883 5473
6111 6922 12639
6922 6111 12639
12639 6111 6922
5008 2360 13594
2360 5008 13594
13594 2360 5008
9396 383 10896
10896 383 9396
383 9396 10896
3699 1038 12469
1038 3699 12469
12469 1038 3699
4721 11437 14073
11437 4721 14073
14073 4721 11437
6391 1997 8950
1997 6391 8950
8950 1997 6391
10658 1455 8448
8448 1455 10658
1455 8448 10658
12718 6676 14181
6676 12718 14181
14181 6676 12718
4922 11756 13845
11756 4922 13845
13845 4922 11756
4888 5939 6074
6074 4888 5939
5939 4888 6074
5153 3734 10042
3734 5153 10042
10042 3734 5153
7542 4963 7737
4963 7542 7737
7737 4963 7542
8548 287 8808
287 8548 8808
8808 287 8548
7625 2497 3112
3112 2497 7625
2497 3112 7625
5764 12422 14939
14939 5764 12422
12422 5764 14939
696 14494 14554
14494 696 14554
14554 696 14494
2852 875 10584
875 2852 10584
10584 875 2852
8100 10506 13524
13524 8100 10506
10506 8100 13524
7340 2400 14022
14022 2400 7340
2400 7340 14022
11080 4933 10908
4933 10908 11080
10908 4933 11080
12183 2742 5005
2742 5005 12183
5005 2742 12183
1056 1306 1641
1306 1056 1641
1641 1056 1306
5547 6799 7577
7577 5547 6799
6799 5547 7577
8752 9884 14451
9884 8752 14451
14451 8752 9884
8215 424 11943
424 8215 11943
11943 424 8215
13047 1297 14277
1297 13047 14277
14277 1297 13047
14790 2797 12479
12479 2797 14790
2797 12479 14790
2303 6200 11204
6200 2303 11204
11204 2303 6200
13338 7530 12383
7530 12383 13338
12383 7530 13338
13210 7373 10812
7373 10812 13210
10812 7373 13210
11478 6950 10226
6950 10226 11478
10226 6950 11478
2619 6931 14194
14194 2619 6931
6931 2619 14194
1367 5877 11824
11824 1367 5877
5877 1367 11824
11690 10101 11750
11750 10101 11690
10101 11690 11750
7652 4197 4679
4679 4197 7652
4197 4679 7652
10633 1280 12188
1280 10633 12188
12188 1280 10633
1127 1363 7147
1363 1127 7147
7147 1127 1363
1709 4698 9686
9686 1709 4698
4698 1709 9686
670 3533 12331
3533 670 12331
12331 670 3533
6083 8832 11609
8832 6083 11609
11609 6083 8832
14090 12490 13085
12490 13085 14090
13085 12490 14090
3796 1892 14421
1892 3796 14421
14421 1892 3796
12313 9406 12654
12654 9406 12313
9406 12313 12654
6973 7080 8659
8659 6973 7080
7080 6973 8659
5983 5619 6104
6104 5619 5983
5619 5983 6104
8742 6040 13250
6040 8742 13250
13250 6040 8742
4024 6700 8585
6700 4024 8585
8585 4024 6700
1816 2837 11763
11763 1816 2837
2837 1816 11763
1737 12874 13825
13825 1737 12874
12874 1737 13825
6302 1664 9963
1664 6302 9963
9963 1664 6302
9656 262 7909
7909 262 9656
262 7909 9656
7041 1897 7109
7109 1897 7041
1897 7041 7109
3251 1151 12110
12110 1151 3251
1151 3251 12110
116 5710 11414
5710 116 11414
11414 116 5710
2758 5651 9760
5651 2758 9760
9760 2758 5651
4610 4325 6626
4325 4610 6626
6626 4325 4610
347 419 12247
12247 347 419
419 347 12247
8361 777 7835
777 7835 8361
7835 777 8361
2046 3243 12524
3243 2046 12524
12524 2046 3243
7732 1780 11975
11975 1780 7732
1780 7732 11975
2073 22 3282
22 2073 3282
3282 22 2073
5351 1681 5018
1681 5018 5351
5018 1681 5351
7047 1488 11819
1488 7047 11819
11819 1488 7047
12894 9158 11084
9158 11084 12894
11084 9158 12894
9244 9138 11853
11853 9138 9244
9138 9244 11853
1523 314 2633
2633 314 1523
314 1523 2633
9905 10105 11770
10105 9905 11770
11770 9905 10105
208 911 10323
911 208 10323
10323 208 911
9463 848 5450
5450 848 9463
848 5450 9463
2065 5338 13924
5338 2065 13924
13924 2065 5338
4441 1341 3684
1341 3684 4441
3684 1341 4441
12655 2463 11585
11585 2463 12655
2463 11585 12655
1373 389 9438
389 1373 9438
9438 389 1373
6195 5031 6998
5031 6195 6998
6998 5031 6195
11553 7751 11535
11535 7751 11553
7751 11535 11553
5411 5745 11269
5745 5411 11269
11269 5411 5745
13683 3053 8181
8181 3053 13683
3053 8181 13683
332 5022 5259
5022 332 5259
5259 332 5022
6746 5567 12602
12602 5567 6746
5567 6746 12602
7875 2599 6241
2599 6241 7875
6241 2599 7875
13562 1307 5030
5030 1307 13562
1307 5030 13562
9101 3439 13447
3439 9101 13447
13447 3439 9101
1437 4572 14475
4572 1437 14475
14475 1437 4572
12206 4614 9876
9876 4614 12206
4614 9876 12206
9671 6643 13863
6643 9671 13863
13863 6643 9671
12020 1609 13359
13359 1609 12020
1609 12020 13359
10619 1990 14084
1990 10619 14084
14084 1990 10619
11502 1034 6818
6818 1034 11502
1034 6818 11502
8661 4716 13630
4716 8661 13630
13630 4716 8661
8801 844 4946
844 4946 8801
4946 844 8801
11797 5734 13286
5734 11797 13286
13286 5734 11797
4458 4429 6171
6171 4429 4458
4429 4458 6171
4803 3359 4293
4293 3359 4803
3359 4293 4803
2315 2563 12852
12852 2315 2563
2563 2315 12852
7117 7359 8888
7359 7117 8888
8888 7117 7359
5957 1974 12810
12810 1974 5957
1974 5957 12810
5425 1002 14915
14915 1002 5425
1002 5425 14915
5067 748 13581
748 5067 13581
13581 748 5067
11775 10864 14218
14218 10864 11775
10864 11775 14218
7956 2322 13507
2322 7956 13507
13507 2322 7956
14423 6849 14797
14797 6849 14423
6849 14423 14797
6071 2372 2992
2372 2992 6071
2992 2372 6071
11993 521 14865
521 11993 14865
14865 521 11993
11537 3979 10083
10083 3979 11537
3979 10083 11537
8289 2959 7406
2959 7406 8289
7406 2959 8289
12520 6453 7067
7067 6453 12520
6453 7067 12520
13828 803 8263
8263 803 13828
803 8263 13828
3435 10852 14728
10852 3435 14728
14728 3435 10852
1015 3917 4300
4300 1015 3917
3917 1015 4300
7403 10966 11764
11764 7403 10966
10966 7403 11764
14371 6411 10017
10017 6411 14371
6411 10017 14371
5811 7412 10167
7412 5811 10167
10167 5811 7412
3570 221 1581
1581 221 3570
221 1581 3570
9384 11187 11589
11187 9384 11589
11589 9384 11187
5087 3133 11029
11029 3133 5087
3133 5087 11029
1668 1594 14076
14076 1594 1668
1594 1668 14076
11931 11510 12620
11510 11931 12620
12620 11510 11931
5663 436 620
620 436 5663
436 620 5663
14034 879 13080
13080 879 14034
879 13080 14034
10835 1098 7282
7282 1098 10835
1098 7282 10835
3034 4537 9952
9952 3034 4537
4537 3034 9952
1973 10145 13063
13063 1973 10145
10145 1973 13063
14523 3349 4144
3349 4144 14523
4144 3349 14523
12935 8274 9801
9801 8274 12935
8274 9801 12935
4472 5250 6037
6037 4472 5250
5250 4472 6037
5742 10406 13893
13893 5742 10406
10406 5742 13893
1081 5863 14912
14912 1081 5863
5863 1081 14912
14472 10420 13207
13207 10420 14472
10420 13207 14472
13304 3787 6638
3787 6638 13304
6638 3787 13304
9521 5319 10155
5319 9521 10155
10155 5319 9521
65 3260 14053
14053 65 3260
3260 65 14053
1924 12764 14545
12764 1924 14545
14545 1924 12764
1369 10253 11428
10253 1369 11428
11428 1369 10253
8608 9688 9858
9858 8608 9688
9688 8608 9858
5782 8936 14743
14743 5782 8936
8936 5782 14743
14470 6196 7825
7825 6196 14470
6196 7825 14470
5743 9173 13432
13432 5743 9173
9173 5743 13432
10842 4999 11602
11602 4999 10842
4999 10842 11602
6596 820 3207
3207 820 6596
820 3207 6596
5059 12136 13957
13957 5059 12136
12136 5059 13957
13297 1865 10373
10373 1865 13297
1865 10373 13297
3436 6259 14052
14052 3436 6259
6259 3436 14052
1622 5601 11128
5601 1622 11128
11128 1622 5601
11279 10869 13878
13878 10869 11279
10869 11279 13878
7083 8418 13346
8418 7083 13346
13346 7083 8418
360 1358 4342
1358 360 4342
4342 360 1358
18 1147 9954
1147 18 9954
9954 18 1147
12240 3043 14984
3043 12240 14984
14984 3043 12240
7461 10082 10128
10082 7461 10128
10128 7461 10082
8976 942 12608
12608 942 8976
942 8976 12608
12505 3454 5558
5558 3454 12505
3454 5558 12505
14660 627 7358
627 7358 14660
7358 627 14660
6752 7831 10357
7831 6752 10357
10357 6752 7831
5271 77 7195
7195 77 5271
77 5271 7195
8998 6114 10117
6114 8998 10117
10117 6114 8998
13993 2263 10249
10249 2263 13993
2263 10249 13993
2826 12733 14625
14625 2826 12733
12733 2826 14625
6690 8536 10081
10081 6690 8536
8536 6690 10081
10142 6976 12129
12129 6976 10142
6976 10142 12129
9403 13975 14126
14126 9403 13975
13975 9403 14126
4744 1169 5668
1169 4744 5668
5668 1169 4744
1743 542 850
542 850 1743
850 542 1743
9533 10288 14351
10288 9533 14351
14351 9533 10288
2071 551 14305
551 2071 14305
14305 551 2071
917 1344 4806
4806 917 1344
1344 917 4806
9091 10787 12603
12603 9091 10787
10787 9091 12603
10750 768 2045
768 2045 10750
2045 768 10750
8599 2591 10113
2591 8599 10113
10113 2591 8599
8264 2321 13175
13175 2321 8264
2321 8264 13175
4399 3801 8575
8575 3801 4399
3801 4399 8575
8123 9304 11759
11759 8123 9304
9304 8123 11759
9573 573 1008
1008 573 9573
573 1008 9573
2635 2381 3876
2381 2635 3876
3876 2381 2635
14810 6850 9559
9559 6850 14810
6850 9559 14810
642 9608 9965
9608 642 9965
9965 642 9608
4068 4649 11288
4649 4068 11288
11288 4068 4649
698 10818 12808
10818 698 12808
12808 698 10818
7899 9499 12627
9499 7899 12627
12627 7899 9499
6695 4521 14027
14027 4521 6695
4521 6695 14027
11424 4802 11956
11956 4802 11424
4802 11424 11956
4840 799 1688
1688 799 4840
799 1688 4840
11328 4525 11407
11407 4525 11328
4525 11328 11407
13411 7308 7508
7308 7508 13411
7508 7308 13411
6265 5874 12012
12012 5874 6265
5874 6265 12012
12540 5529 13604
5529 12540 13604
13604 5529 12540
878 7377 13720
13720 878 7377
7377 878 13720
5490 1625 4748
1625 4748 5490
4748 1625 5490
6505 4065 5959
4065 5959 6505
5959 4065 6505
3095 1492 14348
1492 3095 14348
14348 1492 3095
4102 3092 11440
3092 4102 11440
11440 3092 4102
1345 6794 7424
6794 1345 7424
7424 1345 6794
3358 4415 14723
14723 3358 4415
4415 3358 14723
1703 3231 13354
3231 1703 13354
13354 1703 3231
2285 7488 14830
14830 2285 7488
7488 2285 14830
14431 6795 10821
6795 10821 14431
10821 6795 14431
3399 2536 14145
2536 3399 14145
14145 2536 3399
12431 5696 8235
8235 5696 12431
5696 8235 12431
5656 2553 3871
3871 2553 5656
2553 3871 5656
10904 12102 14522
14522 10904 12102
12102 10904 14522
10653 1021 7081
1021 7081 10653
7081 1021 10653
3151 2530 11886
2530 3151 11886
11886 2530 3151
11496 526 9895
9895 526 11496
526 9895 11496
416 7719 12913
12913 416 7719
7719 416 12913
9925 1473 6113
1473 6113 9925
6113 1473 9925
4417 1588 8414
8414 1588 4417
1588 4417 8414
6549 2949 6630
2949 6549 6630
6630 2949 6549
7914 2643 13358
2643 7914 13358
13358 2643 7914
4362 5538 7564
7564 4362 5538
5538 4362 7564
5266 2538 12066
2538 5266 12066
12066 2538 5266
8119 2066 14799
2066 8119 14799
14799 2066 8119
328 10973 14875
10973 328 14875
14875 328 10973
8187 1635 9277
1635 8187 9277
9277 1635 8187
6541 3393 8542
3393 6541 8542
8542 3393 6541
11692 5460 10712
5460 10712 11692
10712 5460 11692
2219 3193 13471
13471 2219 3193
3193 2219 13471
9557 9894 11147
9894 9557 11147
11147 9557 9894
3671 7003 12585
7003 3671 12585
12585 3671 7003
1647 5222 6346
6346 1647 5222
5222 1647 6346
13693 4304 4452
4304 4452 13693
4452 4304 13693
633 34 3596
3596 34 633
34 633 3596
10643 9921 13302
9921 10643 13302
13302 9921 10643
5523 8538 11988
11988 5523 8538
8538 5523 11988
9897 4900 13628
4900 9897 13628
13628 4900 9897
9646 4706 5717
5717 4706 9646
4706 5717 9646
13352 5702 11325
5702 11325 13352
11325 5702 13352
13784 13168 14481
13168 13784 14481
14481 13168 13784
8598 7322 14671
7322 8598 14671
14671 7322 8598
14757 495 9076
495 9076 14757
9076 495 14757
11918 2198 13705
13705 2198 11918
2198 11918 13705
13773 973 6242
973 6242 13773
6242 973 13773
8817 4741 12519
4741 8817 12519
12519 4741 8817
5546 4545 7249
7249 4545 5546
4545 5546 7249
13601 6389 11725
6389 11725 13601
11725 6389 13601
7722 9041 12187
9041 7722 12187
12187 7722 9041
5293 3070 7372
7372 3070 5293
3070 5293 7372
8065 5046 10691
5046 8065 10691
10691 5046 8065
12546 3411 13554
3411 12546 13554
13554 3411 12546
