10397 4873 13822
13822 4873 10397
4873 10397 13822
13965 6329 7137
7137 6329 13965
6329 7137 13965
3773 9124 12131
12131 3773 9124
9124 3773 12131
4416 10313 11147
11147 4416 10313
10313 4416 11147
2631 4740 9053
4740 2631 9053
9053 2631 4740
10918 1343 5274
1343 5274 10918
5274 1343 10918
10098 8741 14328
14328 8741 10098
8741 10098 14328
4309 1118 8624
1118 4309 8624
8624 1118 4309
4694 6935 11800
6935 4694 11800
11800 4694 6935
8057 2589 11582
11582 2589 8057
2589 8057 11582
4734 8287 13983
8287 4734 13983
13983 4734 8287
449 2630 8183
2630 449 8183
8183 449 2630
9633 1891 11128
1891 9633 11128
11128 1891 9633
4931 8703 13301
8703 4931 13301
13301 4931 8703
1754 9102 11913
11913 1754 9102
9102 1754 11913
12898 284 1765
1765 284 12898
284 1765 12898
14572 9126 14115
9126 14115 14572
14115 9126 14572
11298 13070 13496
13496 11298 13070
13070 11298 13496
13838 7272 12938
7272 12938 13838
12938 7272 13838
3718 13016 14097
14097 3718 13016
13016 3718 14097
4340 7662 12180
12180 4340 7662
7662 4340 12180
3656 1810 4625
4625 1810 3656
1810 3656 4625
10609 387 1577
387 1577 10609
1577 387 10609
2751 3542 4295
4295 2751 3542
3542 2751 4295
6877 109 11901
109 6877 11901
11901 109 6877
4226 9226 14039
14039 4226 9226
9226 4226 14039
12548 6471 13809
6471 12548 13809
13809 6471 12548
3461 8103 12877
8103 3461 12877
12877 3461 8103
6119 1835 6337
1835 6119 6337
6337 1835 6119
12353 3668 9793
3668 9793 12353
9793 3668 12353
10993 4882 12878
12878 4882 10993
4882 10993 12878
6081 330 6181
330 6081 6181
6181 330 6081
9307 6893 8451
8451 6893 9307
6893 8451 9307
14410 4868 11806
4868 11806 14410
11806 4868 14410
9654 7494 7519
7519 7494 9654
7494 7519 9654
1574 203 14112
203 1574 14112
14112 203 1574
6950 3271 5972
5972 3271 6950
3271 5972 6950
1291 4012 13970
13970 1291 4012
4012 1291 13970
12305 6251 8069
6251 8069 12305
8069 6251 12305
6855 743 4872
743 4872 6855
4872 743 6855
7387 11580 14473
11580 7387 14473
14473 7387 11580
14810 7713 14407
7713 14407 14810
14407 7713 14810
7817 4458 10145
10145 4458 7817
4458 7817 10145
163 813 14068
813 163 14068
14068 163 813
4893 5046 7558
7558 4893 5046
5046 4893 7558
3888 179 7730
7730 179 3888
179 3888 7730
8237 2882 10154
10154 2882 8237
2882 8237 10154
13001 1662 5147
5147 1662 13001
1662 5147 13001
3618 9652 14911
9652 3618 14911
14911 3618 9652
13619 2398 6668
2398 6668 13619
6668 2398 13619
6625 1431 5717
1431 5717 6625
5717 1431 6625
2342 950 4566
4566 950 2342
950 2342 4566
14104 12308 13643
13643 12308 14104
12308 13643 14104
11370 7093 10610
7093 10610 11370
10610 7093 11370
2547 8109 11518
11518 2547 8109
8109 2547 11518
7770 2771 10671
10671 2771 7770
2771 7770 10671
1942 5170 11824
5170 1942 11824
11824 1942 5170
7426 79 9801
9801 79 7426
79 7426 9801
11939 4843 14974
4843 11939 14974
14974 4843 11939
10547 12035 14755
12035 10547 14755
14755 10547 12035
9398 1322 14202
1322 9398 14202
14202 1322 9398
8197 3283 10334
3283 8197 10334
10334 3283 8197
6497 9534 10197
9534 6497 10197
10197 6497 9534
12778 5103 11170
5103 11170 12778
11170 5103 12778
13071 8877 11266
11266 8877 13071
8877 11266 13071
5766 1095 5916
5916 1095 5766
1095 5766 5916
3252 7551 14846
7551 3252 14846
14846 3252 7551
12992 1012 3008
3008 1012 12992
1012 3008 12992
4215 1808 4423
1808 4215 4423
4423 1808 4215
4312 7003 8052
7003 4312 8052
8052 4312 7003
9069 6242 8417
6242 8417 9069
8417 6242 9069
9945 10286 10889
10286 9945 10889
10889 9945 10286
12926 8611 9101
8611 9101 12926
9101 8611 12926
10780 5765 10330
10330 5765 10780
5765 10330 10780
1492 6602 14263
14263 1492 6602
6602 1492 14263
12144 13145 14177
13145 12144 14177
14177 12144 13145
14167 5010 7658
7658 5010 14167
5010 7658 14167
12785 2606 3147
3147 2606 12785
2606 3147 12785
13672 7956 11204
7956 11204 13672
11204 7956 13672
13262 4417 11671
4417 11671 13262
11671 4417 13262
8510 7120 7553
7120 7553 8510
7553 7120 8510
9518 14444 14654
14654 9518 14444
14444 9518 14654
5095 2357 3346
2357 3346 5095
3346 2357 5095
8747 6656 12832
12832 6656 8747
6656 8747 12832
4526 7937 8934
8934 4526 7937
7937 4526 8934
6231 5269 11646
11646 5269 6231
5269 6231 11646
12064 2648 6851
6851 2648 12064
2648 6851 12064
5196 4254 10382
4254 5196 10382
10382 4254 5196
7914 8578 10243
10243 7914 8578
8578 7914 10243
3950 2959 14145
2959 3950 14145
14145 2959 3950
12117 9478 10597
9478 10597 12117
10597 9478 12117
13562 895 6755
895 6755 13562
6755 895 13562
14897 1966 13529
1966 13529 14897
13529 1966 14897
2518 2229 6537
2229 2518 6537
6537 2229 2518
208 6192 10633
6192 208 10633
10633 208 6192
12216 6173 12919
6173 12216 12919
12919 6173 12216
5156 5025 13860
13860 5025 5156
5025 5156 13860
13973 1556 4900
4900 1556 13973
1556 4900 13973
145 1937 2712
1937 145 2712
2712 145 1937
14413 2991 5861
2991 5861 14413
5861 2991 14413
12459 1328 9703
9703 1328 12459
1328 9703 12459
2449 866 13705
866 2449 13705
13705 866 2449
9900 3029 3064
3029 3064 9900
3064 3029 9900
3517 10808 11751
10808 3517 11751
11751 3517 10808
7409 1481 2619
2619 1481 7409
1481 2619 7409
8942 6037 8294
8294 6037 8942
6037 8294 8942
2217 585 12528
12528 585 2217
585 2217 12528
13402 795 1289
1289 795 13402
795 1289 13402
11833 689 11275
11275 689 11833
689 11275 11833
5339 10087 14326
10087 5339 14326
14326 5339 10087
12475 2663 13780
13780 2663 12475
2663 12475 13780
13946 5895 10968
10968 5895 13946
5895 10968 13946
10865 751 8445
8445 751 10865
751 8445 10865
14886 9988 11668
9988 11668 14886
11668 9988 14886
6180 403 477
403 477 6180
477 403 6180
7329 1898 14361
1898 7329 14361
14361 1898 7329
4939 739 5401
739 4939 5401
5401 739 4939
4700 5791 11849
5791 4700 11849
11849 4700 5791
7542 4355 12014
12014 4355 7542
4355 7542 12014
1688 14408 14929
14408 1688 14929
14929 1688 14408
4963 10044 10856
10856 4963 10044
10044 4963 10856
2099 10796 13345
10796 2099 13345
13345 2099 10796
11618 8712 12600
12600 8712 11618
8712 11618 12600
7972 2940 11860
2940 7972 11860
11860 2940 7972
5788 1045 8277
8277 1045 5788
1045 5788 8277
476 3335 10214
3335 476 10214
10214 476 3335
595 1148 2943
2943 595 1148
1148 595 2943
8135 7267 11345
11345 7267 8135
7267 8135 11345
5080 3551 10561
10561 3551 5080
3551 5080 10561
13480 2363 7138
2363 7138 13480
7138 2363 13480
2153 3322 6795
3322 2153 6795
6795 2153 3322
9886 5175 10071
10071 5175 9886
5175 9886 10071
8366 8584 11033
11033 8366 8584
8584 8366 11033
9504 4008 6206
6206 4008 9504
4008 6206 9504
704 5755 13602
13602 704 5755
5755 704 13602
9578 1273 4002
4002 1273 9578
1273 4002 9578
1660 9228 12755
9228 1660 12755
12755 1660 9228
14881 300 1763
1763 300 14881
300 1763 14881
1888 1374 12661
1374 1888 12661
12661 1374 1888
1573 9247 11522
11522 1573 9247
9247 1573 11522
6592 3616 11768
3616 6592 11768
11768 3616 6592
3311 3397 12912
12912 3311 3397
3397 3311 12912
5928 9402 14238
14238 5928 9402
9402 5928 14238
1527 3892 6861
6861 1527 3892
3892 1527 6861
3259 3156 12948
3156 3259 12948
12948 3156 3259
14536 2609 9334
2609 9334 14536
9334 2609 14536
1859 7154 8785
8785 1859 7154
7154 1859 8785
11063 3611 8301
3611 8301 11063
8301 3611 11063
3721 11374 13853
13853 3721 11374
11374 3721 13853
984 8369 13074
8369 984 13074
13074 984 8369
7036 896 1506
1506 896 7036
896 1506 7036
13107 7985 14904
7985 13107 14904
14904 7985 13107
6212 2033 11291
2033 6212 11291
11291 2033 6212
13437 11723 13117
11723 13117 13437
13117 11723 13437
3584 12563 14771
12563 3584 14771
14771 3584 12563
14032 11785 13553
11785 13553 14032
13553 11785 14032
3870 9005 13625
9005 3870 13625
13625 3870 9005
6720 5137 11487
11487 5137 6720
5137 6720 11487
1697 9399 10245
10245 1697 9399
9399 1697 10245
12176 5034 6577
5034 6577 12176
6577 5034 12176
11003 101 4671
101 4671 11003
4671 101 11003
7379 7924 14762
14762 7379 7924
7924 7379 14762
8336 5716 5959
5959 5716 8336
5716 5959 8336
7603 11489 12570
12570 7603 11489
11489 7603 12570
5489 8381 14489
8381 5489 14489
14489 5489 8381
10707 2486 5296
2486 5296 10707
5296 2486 10707
7509 5166 5902
5902 5166 7509
5166 5902 7509
2030 14008 14272
14008 2030 14272
14272 2030 14008
8874 22 5021
5021 22 8874
22 5021 8874
11904 812 10164
10164 812 11904
812 10164 11904
10542 5626 5867
5626 5867 10542
5867 5626 10542
7116 2846 6730
2846 6730 7116
6730 2846 7116
12499 7605 13169
7605 12499 13169
13169 7605 12499
11199 6641 10719
6641 10719 11199
10719 6641 11199
1272 6211 14214
6211 1272 14214
14214 1272 6211
12706 1260 9511
1260 9511 12706
9511 1260 12706
10943 2726 11719
2726 10943 11719
11719 2726 10943
2848 1372 9382
9382 1372 2848
1372 2848 9382
9659 4924 12025
4924 9659 12025
12025 4924 9659
11889 6140 13178
6140 11889 13178
13178 6140 11889
5694 8629 10438
10438 5694 8629
8629 5694 10438
8899 6271 6771
6771 6271 8899
6271 6771 8899
14977 5509 14174
5509 14174 14977
14174 5509 14977
630 465 8063
465 630 8063
8063 465 630
6055 2452 11032
2452 6055 11032
11032 2452 6055
7667 111 576
576 111 7667
111 576 7667
14615 4205 9595
4205 9595 14615
9595 4205 14615
9071 1607 3267
3267 1607 9071
1607 3267 9071
10103 322 13690
13690 322 10103
322 10103 13690
167 8857 14461
8857 167 14461
14461 167 8857
108 4615 10091
4615 108 10091
10091 108 4615
2418 14173 14179
14179 2418 14173
14173 2418 14179
2026 2507 3261
3261 2026 2507
2507 2026 3261
4419 10648 13347
10648 4419 13347
13347 4419 10648
6995 5570 10121
10121 5570 6995
5570 6995 10121
4090 13937 14345
14345 4090 13937
13937 4090 14345
311 2561 5219
2561 311 5219
5219 311 2561
869 11400 14910
11400 869 14910
14910 869 11400
1331 2952 10301
10301 1331 2952
2952 1331 10301
14651 8616 13046
13046 8616 14651
8616 13046 14651
2387 427 3931
3931 427 2387
427 2387 3931
6072 267 14996
267 6072 14996
14996 267 6072
14766 2593 12076
2593 12076 14766
12076 2593 14766
9429 8431 13493
13493 8431 9429
8431 9429 13493
1217 8047 13161
13161 1217 8047
8047 1217 13161
11258 10700 13062
13062 10700 11258
10700 11258 13062
4793 246 2946
2946 246 4793
246 2946 4793
13176 1447 12871
1447 12871 13176
12871 1447 13176
6309 6480 8006
6480 6309 8006
8006 6309 6480
11167 1433 14103
14103 1433 11167
1433 11167 14103
13864 10666 12727
10666 12727 13864
12727 10666 13864
11632 7776 11954
7776 11632 11954
11954 7776 11632
4528 6008 7095
7095 4528 6008
6008 4528 7095
11834 7257 13762
7257 11834 13762
13762 7257 11834
149 4621 7892
4621 149 7892
7892 149 4621
2966 7952 9074
7952 2966 9074
9074 2966 7952
11957 2692 4088
2692 4088 11957
4088 2692 11957
12665 9075 9848
9848 9075 12665
9075 9848 12665
5089 11224 11682
11224 5089 11682
11682 5089 11224
953 5966 6751
5966 953 6751
6751 953 5966
14682 1921 8497
8497 1921 14682
1921 8497 14682
8577 3814 14725
14725 3814 8577
3814 8577 14725
11673 6857 13520
13520 6857 11673
6857 11673 13520
3861 7540 13026
7540 3861 13026
13026 3861 7540
3580 4460 10134
4460 3580 10134
10134 3580 4460
8335 823 13122
13122 823 8335
823 8335 13122
811 10836 14899
10836 811 14899
14899 811 10836
1330 12766 14211
12766 1330 14211
14211 1330 12766
13304 7726 11685
7726 11685 13304
11685 7726 13304
11299 1614 6236
1614 6236 11299
6236 1614 11299
13102 4695 10839
4695 10839 13102
10839 4695 13102
9167 1346 8406
8406 1346 9167
1346 8406 9167
7894 8820 14730
8820 7894 14730
14730 7894 8820
2352 1231 11088
11088 1231 2352
1231 2352 11088
10975 3811 13781
13781 3811 10975
3811 10975 13781
1487 12201 13277
13277 1487 12201
12201 1487 13277
5825 5236 14833
5236 5825 14833
14833 5236 5825
11697 5921 11482
11482 5921 11697
5921 11482 11697
7176 7136 9383
9383 7136 7176
7136 7176 9383
5609 5721 12525
12525 5609 5721
5721 5609 12525
7227 8447 9250
8447 7227 9250
9250 7227 8447
6362 6895 13354
13354 6362 6895
6895 6362 13354
7223 769 10759
769 7223 10759
10759 769 7223
5829 3237 12454
3237 5829 12454
12454 3237 5829
4605 2992 13288
13288 2992 4605
2992 4605 13288
12943 541 7017
7017 541 12943
541 7017 12943
4941 3429 4374
4374 3429 4941
3429 4374 4941
9844 1887 8124
1887 8124 9844
8124 1887 9844
10034 7563 10112
10112 7563 10034
7563 10034 10112
13023 1078 6496
1078 6496 13023
6496 1078 13023
10736 9278 14095
9278 10736 14095
14095 9278 10736
12146 7527 12409
7527 12146 12409
12409 7527 12146
5030 9178 13748
13748 5030 9178
9178 5030 13748
14786 8666 9872
9872 8666 14786
8666 9872 14786
3792 918 13563
13563 918 3792
918 3792 13563
14399 2599 8079
2599 8079 14399
8079 2599 14399
11520 2253 10404
2253 10404 11520
10404 2253 11520
2376 1037 8463
1037 2376 8463
8463 1037 2376
6463 7322 14939
14939 6463 7322
7322 6463 14939
7270 798 12028
798 7270 12028
12028 798 7270
4546 196 8077
8077 196 4546
196 4546 8077
7950 9688 9827
9688 7950 9827
9827 7950 9688
2649 8137 9658
8137 2649 9658
9658 2649 8137
2574 7882 11127
11127 2574 7882
7882 2574 11127
14984 10888 13695
10888 13695 14984
13695 10888 14984
14936 6090 8717
8717 6090 14936
6090 8717 14936
8817 3768 9065
9065 3768 8817
3768 8817 9065
7639 1147 6359
6359 1147 7639
1147 6359 7639
8859 1061 4071
4071 1061 8859
1061 4071 8859
7785 1390 14127
14127 1390 7785
1390 7785 14127
5630 3079 9800
9800 3079 5630
3079 5630 9800
3350 3513 7675
7675 3350 3513
3513 3350 7675
6734 1230 5789
1230 5789 6734
5789 1230 6734
6341 3425 14945
3425 6341 14945
14945 3425 6341
6354 3324 11877
11877 3324 6354
3324 6354 11877
10520 10326 12050
10326 10520 12050
12050 10326 10520
7858 29 610
610 29 7858
29 610 7858
4175 7445 13608
7445 4175 13608
13608 4175 7445
13368 3788 3980
3788 3980 13368
3980 3788 13368
5731 10555 13313
13313 5731 10555
10555 5731 13313
12033 9896 10755
10755 9896 12033
9896 10755 12033
7753 86 306
86 306 7753
306 86 7753
821 6847 12812
6847 821 12812
12812 821 6847
6719 8440 12792
12792 6719 8440
8440 6719 12792
11099 1100 1801
1801 1100 11099
1100 1801 11099
11000 6576 14831
14831 6576 11000
6576 11000 14831
9609 1128 11456
1128 9609 11456
11456 1128 9609
6109 5886 6904
6904 5886 6109
5886 6109 6904
153 4448 13233
13233 153 4448
4448 153 13233
9135 8062 14228
14228 8062 9135
8062 9135 14228
12194 1424 6623
1424 6623 12194
6623 1424 12194
6334 553 7831
553 6334 7831
7831 553 6334
13957 8334 11568
8334 11568 13957
11568 8334 13957
3357 1910 8522
8522 1910 3357
1910 3357 8522
5078 1338 2199
2199 1338 5078
1338 2199 5078
13211 271 8125
8125 271 13211
271 8125 13211
8773 7779 10883
7779 8773 10883
10883 7779 8773
13635 836 6368
836 6368 13635
6368 836 13635
8388 335 4833
335 4833 8388
4833 335 8388
2869 5974 12172
12172 2869 5974
5974 2869 12172
8709 60 2284
60 2284 8709
2284 60 8709
8600 4663 13642
4663 8600 13642
13642 4663 8600
3370 2360 7760
7760 2360 3370
2360 3370 7760
1969 6637 7076
7076 1969 6637
6637 1969 7076
13418 2122 9944
9944 2122 13418
2122 9944 13418
4290 2146 2560
2560 2146 4290
2146 2560 4290
9785 135 4229
135 4229 9785
4229 135 9785
1357 3895 4026
4026 1357 3895
3895 1357 4026
12021 9359 10706
10706 9359 12021
9359 10706 12021
10454 5402 6123
6123 5402 10454
5402 6123 10454
819 11179 12957
11179 819 12957
12957 819 11179
11718 446 2788
446 2788 11718
2788 446 11718
3195 9989 12234
9989 3195 12234
12234 3195 9989
1402 6265 8514
6265 1402 8514
8514 1402 6265
10790 2863 6011
2863 6011 10790
6011 2863 10790
1924 1469 7965
7965 1469 1924
1469 1924 7965
13140 2159 8202
8202 2159 13140
2159 8202 13140
13093 14026 14270
14270 13093 14026
14026 13093 14270
12547 1135 7258
1135 7258 12547
7258 1135 12547
3779 4317 12973
4317 3779 12973
12973 3779 4317
5261 7086 13085
13085 5261 7086
7086 5261 13085
2311 8913 12515
12515 2311 8913
8913 2311 12515
14710 10099 11881
11881 10099 14710
10099 11881 14710
2870 12512 14951
12512 2870 14951
14951 2870 12512
1866 1459 9700
1459 1866 9700
9700 1459 1866
2370 3199 5466
5466 2370 3199
3199 2370 5466
12368 10965 11592
11592 10965 12368
10965 11592 12368
12159 112 13834
112 12159 13834
13834 112 12159
9179 9326 13701
13701 9179 9326
9326 9179 13701
2142 12538 12941
12941 2142 12538
12538 2142 12941
4910 5136 5290
5290 4910 5136
5136 4910 5290
2850 1276 13451
1276 2850 13451
13451 1276 2850
2088 5071 11890
11890 2088 5071
5071 2088 11890
2106 4302 10416
10416 2106 4302
4302 2106 10416
3747 3347 9452
9452 3347 3747
3347 3747 9452
8649 4155 4985
4155 4985 8649
4985 4155 8649
6897 241 9107
241 6897 9107
9107 241 6897
11920 4914 9713
4914 9713 11920
9713 4914 11920
8788 1716 10139
1716 8788 10139
10139 1716 8788
7712 310 938
938 310 7712
310 938 7712
14462 4356 7259
7259 4356 14462
4356 7259 14462
12859 7343 14540
7343 12859 14540
14540 7343 12859
12361 10765 10931
10931 10765 12361
10765 10931 12361
6163 4084 8619
8619 4084 6163
4084 6163 8619
1158 3609 13376
3609 1158 13376
13376 1158 3609
10572 9489 10686
9489 10572 10686
10686 9489 10572
9600 4562 14160
14160 4562 9600
4562 9600 14160
9998 605 3352
3352 605 9998
605 3352 9998
8175 103 13755
13755 103 8175
103 8175 13755
9502 3874 8935
3874 8935 9502
8935 3874 9502
1489 1396 12360
1396 1489 12360
12360 1396 1489
2681 1628 8567
8567 1628 2681
1628 2681 8567
83 2290 5939
2290 83 5939
5939 83 2290
9590 7361 11959
7361 9590 11959
11959 7361 9590
9538 7449 11186
7449 9538 11186
11186 7449 9538
8009 10491 13123
13123 8009 10491
10491 8009 13123
10192 7420 10353
10353 7420 10192
7420 10192 10353
8545 4689 9349
4689 8545 9349
9349 4689 8545
3878 12762 12779
12762 3878 12779
12779 3878 12762
5986 3963 14610
3963 5986 14610
14610 3963 5986
5075 10402 11545
10402 5075 11545
11545 5075 10402
14495 3818 3965
3965 3818 14495
3818 3965 14495
11366 6076 12445
6076 11366 12445
12445 6076 11366
6964 5425 10022
10022 5425 6964
5425 6964 10022
6815 2689 6871
2689 6815 6871
6871 2689 6815
4136 4331 14620
14620 4136 4331
4331 4136 14620
6118 5894 12737
12737 5894 6118
5894 6118 12737
9475 1656 8508
8508 1656 9475
1656 8508 9475
1200 3942 10777
3942 1200 10777
10777 1200 3942
9920 1117 4033
1117 4033 9920
4033 1117 9920
4590 4595 14287
4595 4590 14287
14287 4590 4595
14258 7333 9649
7333 9649 14258
9649 7333 14258
5146 12507 13229
12507 5146 13229
13229 5146 12507
6603 3056 7570
3056 6603 7570
7570 3056 6603
10257 348 4013
348 4013 10257
4013 348 10257
14678 10971 12843
12843 10971 14678
10971 12843 14678
5983 6544 9724
9724 5983 6544
6544 5983 9724
14706 7367 9994
9994 7367 14706
7367 9994 14706
14842 7571 11023
7571 11023 14842
11023 7571 14842
4278 1704 13164
13164 1704 4278
1704 4278 13164
9927 2470 6989
2470 6989 9927
6989 2470 9927
13566 5230 9601
9601 5230 13566
5230 9601 13566
3033 7629 9177
9177 3033 7629
7629 3033 9177
2917 5318 11816
11816 2917 5318
5318 2917 11816
9611 2586 3926
3926 2586 9611
2586 3926 9611
1027 6165 11546
11546 1027 6165
6165 1027 11546
5714 2367 3806
3806 2367 5714
2367 3806 5714
8648 1320 7461
1320 7461 8648
7461 1320 8648
9575 9813 13951
13951 9575 9813
9813 9575 13951
11362 11805 13056
11805 11362 13056
13056 11362 11805
4099 996 1928
996 1928 4099
1928 996 4099
980 1378 3940
1378 980 3940
3940 980 1378
9484 3647 4338
3647 4338 9484
4338 3647 9484
5251 1144 1445
1144 1445 5251
1445 1144 5251
13038 5692 12946
12946 5692 13038
5692 12946 13038
7918 10483 14371
10483 7918 14371
14371 7918 10483
7663 5069 13247
5069 7663 13247
13247 5069 7663
3102 3568 4830
4830 3102 3568
3568 3102 4830
1026 2215 5181
2215 1026 5181
5181 1026 2215
7105 9004 11248
11248 7105 9004
9004 7105 11248
9204 4870 12215
4870 9204 12215
12215 4870 9204
6789 4841 14083
14083 4841 6789
4841 6789 14083
263 4499 7194
7194 263 4499
4499 263 7194
14432 3566 3651
3651 3566 14432
3566 3651 14432
13426 1146 10239
1146 10239 13426
10239 1146 13426
637 12319 13719
12319 637 13719
13719 637 12319
2160 10624 13174
13174 2160 10624
10624 2160 13174
6662 7810 9466
7810 6662 9466
9466 6662 7810
7718 4560 8883
4560 7718 8883
8883 4560 7718
8252 3224 9802
9802 3224 8252
3224 8252 9802
6041 4337 5149
5149 4337 6041
4337 5149 6041
3015 10828 11714
10828 3015 11714
11714 3015 10828
13661 8595 13680
8595 13661 13680
13680 8595 13661
3553 3115 6200
3115 3553 6200
6200 3115 3553
13147 4101 13535
13535 4101 13147
4101 13147 13535
214 1812 8085
1812 214 8085
8085 214 1812
13099 5392 13791
13791 5392 13099
5392 13099 13791
11832 478 6513
478 6513 11832
6513 478 11832
3514 7173 9928
9928 3514 7173
7173 3514 9928
9809 6486 12157
12157 6486 9809
6486 9809 12157
5311 9526 12724
12724 5311 9526
9526 5311 12724
574 9404 12357
12357 574 9404
9404 574 12357
9441 7056 9116
7056 9116 9441
9116 7056 9441
9522 7719 14521
14521 7719 9522
7719 9522 14521
11817 6792 14768
6792 11817 14768
14768 6792 11817
8182 1594 11443
11443 1594 8182
1594 8182 11443
12611 3480 12011
3480 12011 12611
12011 3480 12611
6520 75 817
75 817 6520
817 75 6520
3354 4783 13829
13829 3354 4783
4783 3354 13829
6150 20 9955
20 6150 9955
9955 20 6150
14643 8587 10817
10817 8587 14643
8587 10817 14643
5012 11417 12438
11417 5012 12438
12438 5012 11417
13835 2298 6259
6259 2298 13835
2298 6259 13835
2244 8418 14969
14969 2244 8418
8418 2244 14969
7425 8719 14363
14363 7425 8719
8719 7425 14363
9022 1679 4956
1679 4956 9022
4956 1679 9022
3104 3411 10645
3411 3104 10645
10645 3104 3411
13136 598 3859
3859 598 13136
598 3859 13136
13321 8019 11404
8019 11404 13321
11404 8019 13321
12699 67 14330
67 12699 14330
14330 67 12699
9070 2740 10794
10794 2740 9070
2740 9070 10794
8113 1843 5218
1843 5218 8113
5218 1843 8113
2810 5638 10982
5638 2810 10982
10982 2810 5638
9980 1458 7932
7932 1458 9980
1458 7932 9980
2029 1579 7579
1579 2029 7579
7579 1579 2029
231 3741 6321
6321 231 3741
3741 231 6321
8781 1021 6301
1021 6301 8781
6301 1021 8781
1781 7907 14947
14947 1781 7907
7907 1781 14947
9491 1620 9161
9161 1620 9491
1620 9161 9491
8761 606 4877
606 4877 8761
4877 606 8761
6963 5548 11515
11515 5548 6963
5548 6963 11515
12674 1743 14499
14499 1743 12674
1743 12674 14499
14814 992 5330
992 5330 14814
5330 992 14814
9728 971 3935
971 3935 9728
3935 971 9728
3409 9711 11599
9711 3409 11599
11599 3409 9711
11356 155 4844
4844 155 11356
155 4844 11356
12988 3687 11070
3687 11070 12988
11070 3687 12988
6509 1478 6531
1478 6509 6531
6531 1478 6509
9634 9188 9514
9188 9514 9634
9514 9188 9634
12272 5740 14100
14100 5740 12272
5740 12272 14100
2477 1667 14992
14992 1667 2477
1667 2477 14992
2621 4127 5904
5904 2621 4127
4127 2621 5904
12537 4652 6378
6378 4652 12537
4652 6378 12537
2149 7365 9449
9449 2149 7365
7365 2149 9449
14894 2445 5964
2445 5964 14894
5964 2445 14894
5620 1495 10199
1495 5620 10199
10199 1495 5620
7411 5051 10355
5051 7411 10355
10355 5051 7411
12139 8853 10043
8853 10043 12139
10043 8853 12139
3716 10441 12577
10441 3716 12577
12577 3716 10441
14164 4469 13589
13589 4469 14164
4469 13589 14164
11610 6375 10222
10222 6375 11610
6375 10222 11610
8960 8460 13358
8460 8960 13358
13358 8460 8960
11542 6446 8778
6446 8778 11542
8778 6446 11542
6535 3990 4555
4555 3990 6535
3990 4555 6535
13887 5779 7554
7554 5779 13887
5779 7554 13887
12069 12991 13234
12991 12069 13234
13234 12069 12991
4192 3890 9976
9976 3890 4192
3890 4192 9976
12901 4138 14506
14506 4138 12901
4138 12901 14506
2994 9743 14942
14942 2994 9743
9743 2994 14942
6784 7300 10031
7300 6784 10031
10031 6784 7300
14308 317 13650
317 13650 14308
13650 317 14308
14672 12874 14673
12874 14672 14673
14673 12874 14672
993 3692 14409
14409 993 3692
3692 993 14409
13033 6923 10521
6923 10521 13033
10521 6923 13033
5920 4847 5571
4847 5571 5920
5571 4847 5920
8157 11212 14511
11212 8157 14511
14511 8157 11212
2274 8097 9262
9262 2274 8097
8097 2274 9262
377 11454 14396
11454 377 14396
14396 377 11454
7637 4513 9376
4513 7637 9376
9376 4513 7637
10912 12276 12870
12870 10912 12276
12276 10912 12870
7224 2001 12756
12756 2001 7224
2001 7224 12756
8969 2077 10062
2077 8969 10062
10062 2077 8969
13912 12971 12996
12971 12996 13912
12996 12971 13912
8105 2673 8329
8329 2673 8105
2673 8105 8329
10950 3987 14946
3987 10950 14946
14946 3987 10950
11621 11161 13436
13436 11161 11621
11161 11621 13436
13348 731 6005
731 6005 13348
6005 731 13348
8026 2491 3725
2491 3725 8026
3725 2491 8026
10470 2717 11053
2717 10470 11053
11053 2717 10470
9285 4504 5877
5877 4504 9285
4504 5877 9285
5684 5505 6190
5505 5684 6190
6190 5505 5684
5650 10860 11355
11355 5650 10860
10860 5650 11355
4993 8275 14580
14580 4993 8275
8275 4993 14580
12664 1387 3575
1387 3575 12664
3575 1387 12664
2762 3785 6703
6703 2762 3785
3785 2762 6703
10526 5450 7710
7710 5450 10526
5450 7710 10526
3734 4656 9987
4656 3734 9987
9987 3734 4656
13817 5354 9778
9778 5354 13817
5354 9778 13817
1906 1839 10141
1839 1906 10141
10141 1839 1906
5484 667 3564
667 3564 5484
3564 667 5484
9527 7210 8566
8566 7210 9527
7210 8566 9527
1622 361 5663
5663 361 1622
361 1622 5663
11734 1755 9358
9358 1755 11734
1755 9358 11734
1047 1409 10349
10349 1047 1409
1409 1047 10349
5648 7248 7981
7248 5648 7981
7981 5648 7248
10314 7735 11683
7735 10314 11683
11683 7735 10314
13118 1441 10713
10713 1441 13118
1441 10713 13118
9683 2921 9400
2921 9400 9683
9400 2921 9683
7462 8283 9205
9205 7462 8283
8283 7462 9205
10593 4657 4901
4657 4901 10593
4901 4657 10593
12096 559 2238
559 2238 12096
2238 559 12096
14181 5813 11062
11062 5813 14181
5813 11062 14181
6219 12354 13300
12354 6219 13300
13300 6219 12354
14071 2919 11565
11565 2919 14071
2919 11565 14071
3636 4224 5710
4224 3636 5710
5710 3636 4224
12261 3771 14866
14866 3771 12261
3771 12261 14866
2187 5853 9798
9798 2187 5853
5853 2187 9798
13815 3754 7948
3754 7948 13815
7948 3754 13815
11591 26 13129
26 11591 13129
13129 26 11591
976 11846 12077
11846 976 12077
12077 976 11846
8836 692 13544
692 8836 13544
13544 692 8836
162 2980 11503
11503 162 2980
2980 162 11503
9867 7012 14681
14681 7012 9867
7012 9867 14681
7692 1680 2475
2475 1680 7692
1680 2475 7692
1499 2849 5057
5057 1499 2849
2849 1499 5057
3065 2616 6737
2616 3065 6737
6737 2616 3065
3444 10068 11821
11821 3444 10068
10068 3444 11821
13786 5591 9267
9267 5591 13786
5591 9267 13786
7833 5231 12635
5231 7833 12635
12635 5231 7833
14808 1920 14382
14382 1920 14808
1920 14382 14808
12853 1995 3825
3825 1995 12853
1995 3825 12853
6589 1831 5518
1831 5518 6589
5518 1831 6589
3386 3971 5067
5067 3386 3971
3971 3386 5067
11393 975 5000
975 5000 11393
5000 975 11393
7525 3021 11701
3021 7525 11701
11701 3021 7525
13636 6669 10533
10533 6669 13636
6669 10533 13636
5283 1609 4459
1609 4459 5283
4459 1609 5283
7966 842 9770
9770 842 7966
842 7966 9770
362 5403 10110
10110 362 5403
5403 362 10110
11900 9206 14676
9206 11900 14676
14676 9206 11900
9742 1498 5855
1498 5855 9742
5855 1498 9742
211 5350 9545
9545 211 5350
5350 211 9545
9968 1962 10179
1962 9968 10179
10179 1962 9968
13088 422 9619
9619 422 13088
422 9619 13088
14647 10354 12964
10354 12964 14647
12964 10354 14647
3728 4153 8295
8295 3728 4153
4153 3728 8295
636 9310 10979
10979 636 9310
9310 636 10979
5629 3887 13011
3887 5629 13011
13011 3887 5629
7235 9348 10092
10092 7235 9348
9348 7235 10092
3790 9541 14131
14131 3790 9541
9541 3790 14131
5520 3761 8918
8918 3761 5520
3761 5520 8918
13448 3696 6495
3696 6495 13448
6495 3696 13448
11616 957 14545
957 11616 14545
14545 957 11616
9062 1567 8262
1567 8262 9062
8262 1567 9062
6858 10985 11041
11041 6858 10985
10985 6858 11041
11994 3097 13236
13236 3097 11994
3097 11994 13236
1820 4452 8941
8941 1820 4452
4452 1820 8941
12482 5688 10568
10568 5688 12482
5688 10568 12482
10722 1085 12929
12929 1085 10722
1085 10722 12929
9169 8123 14802
8123 9169 14802
14802 8123 9169
13009 10481 13575
13575 10481 13009
10481 13009 13575
7372 11950 14338
11950 7372 14338
14338 7372 11950
12032 545 2447
545 2447 12032
2447 545 12032
1225 3698 12787
12787 1225 3698
3698 1225 12787
12804 1261 2728
2728 1261 12804
1261 2728 12804
4705 14004 14137
14004 4705 14137
14137 4705 14004
2239 10556 13593
10556 2239 13593
13593 2239 10556
9992 69 13008
13008 69 9992
69 9992 13008
10364 5696 9696
9696 5696 10364
5696 9696 10364
12086 10605 11380
11380 10605 12086
10605 11380 12086
13051 1436 2356
1436 2356 13051
2356 1436 13051
8356 9125 11644
9125 8356 11644
11644 8356 9125
13168 3353 14747
14747 3353 13168
3353 13168 14747
5647 5132 9557
5132 5647 9557
9557 5132 5647
7698 7055 7404
7055 7404 7698
7404 7055 7698
11145 2903 12039
12039 2903 11145
2903 11145 12039
6673 9182 13058
13058 6673 9182
9182 6673 13058
469 10 6467
10 469 6467
6467 10 469
12760 2 6674
2 6674 12760
6674 2 12760
5082 4036 13660
13660 4036 5082
4036 5082 13660
10170 4367 8303
4367 8303 10170
8303 4367 10170
10693 4642 7078
4642 7078 10693
7078 4642 10693
13082 10216 11661
11661 10216 13082
10216 11661 13082
7765 1547 3840
3840 1547 7765
1547 3840 7765
4563 2052 9192
2052 4563 9192
9192 2052 4563
5118 3477 6388
6388 3477 5118
3477 5118 6388
9629 564 13431
13431 564 9629
564 9629 13431
12075 6225 7896
7896 6225 12075
6225 7896 12075
2634 194 7087
7087 194 2634
194 2634 7087
3183 1460 6465
6465 1460 3183
1460 3183 6465
6352 9353 13392
13392 6352 9353
9353 6352 13392
2792 6996 12917
12917 2792 6996
6996 2792 12917
8054 540 12840
12840 540 8054
540 8054 12840
14855 5462 13253
13253 5462 14855
5462 13253 14855
1382 4576 10703
4576 1382 10703
10703 1382 4576
873 444 8646
8646 444 873
444 873 8646
10834 2172 12628
2172 10834 12628
12628 2172 10834
12467 7715 14135
7715 12467 14135
14135 7715 12467
12729 10156 13557
13557 10156 12729
10156 12729 13557
2809 3594 6728
6728 2809 3594
3594 2809 6728
11681 1301 11463
11463 1301 11681
1301 11463 11681
5085 3039 11297
3039 5085 11297
11297 3039 5085
2330 5732 12546
12546 2330 5732
5732 2330 12546
3911 925 3068
925 3068 3911
3068 925 3911
1955 499 4704
499 1955 4704
4704 499 1955
11513 4310 14577
14577 4310 11513
4310 11513 14577
8574 10545 10756
10756 8574 10545
10545 8574 10756
13924 8115 11630
8115 11630 13924
11630 8115 13924
11663 7317 13850
7317 11663 13850
13850 7317 11663
9953 4445 5809
4445 5809 9953
5809 4445 9953
4256 4514 7319
7319 4256 4514
4514 4256 7319
9897 2653 10962
2653 9897 10962
10962 2653 9897
5208 4137 5191
4137 5191 5208
5191 4137 5208
7214 2382 5583
5583 2382 7214
2382 5583 7214
11368 5182 12202
12202 5182 11368
5182 11368 12202
3899 2141 3101
2141 3101 3899
3101 2141 3899
7167 999 6524
999 6524 7167
6524 999 7167
12236 9876 12240
12240 9876 12236
9876 12236 12240
4772 7934 14903
14903 4772 7934
7934 4772 14903
5157 5984 11760
5984 5157 11760
11760 5157 5984
14282 6136 7150
7150 6136 14282
6136 7150 14282
12574 12933 14670
14670 12574 12933
12933 12574 14670
1377 710 1076
1076 710 1377
710 1076 1377
5160 1281 2169
2169 1281 5160
1281 2169 5160
12364 1055 10574
10574 1055 12364
1055 10574 12364
14622 3601 12324
12324 3601 14622
3601 12324 14622
6532 6622 13114
6622 6532 13114
13114 6532 6622
6727 9003 13536
9003 6727 13536
13536 6727 9003
8228 6952 12554
12554 6952 8228
6952 8228 12554
7566 256 4561
4561 256 7566
256 4561 7566
9561 5735 13720
13720 5735 9561
5735 9561 13720
6476 6729 10472
6729 6476 10472
10472 6476 6729
12108 1746 7994
7994 1746 12108
1746 7994 12108
13564 6759 14025
14025 6759 13564
6759 13564 14025
14081 1652 2138
1652 2138 14081
2138 1652 14081
17 653 5214
5214 17 653
653 17 5214
10256 3527 10232
10232 3527 10256
3527 10232 10256
4711 1551 3748
1551 3748 4711
3748 1551 4711
3141 4614 12274
12274 3141 4614
4614 3141 12274
9881 10596 11450
10596 9881 11450
11450 9881 10596
13992 916 8971
8971 916 13992
916 8971 13992
8187 3910 6962
3910 6962 8187
6962 3910 8187
10866 718 4195
718 4195 10866
4195 718 10866
3428 312 14012
14012 312 3428
312 3428 14012
4461 3504 3944
3504 3944 4461
3944 3504 4461
13461 5992 12748
5992 12748 13461
12748 5992 13461
14796 9646 9877
9646 9877 14796
9877 9646 14796
2399 8002 13714
8002 2399 13714
13714 2399 8002
9984 3003 11757
11757 3003 9984
3003 9984 11757
11961 7237 10027
7237 10027 11961
10027 7237 11961
13842 207 11346
11346 207 13842
207 11346 13842
9066 5189 11205
11205 5189 9066
5189 9066 11205
8952 2225 7859
2225 7859 8952
7859 2225 8952
9821 1502 11949
11949 1502 9821
1502 9821 11949
10714 550 1201
550 1201 10714
1201 550 10714
14573 6546 7526
6546 7526 14573
7526 6546 14573
7750 6459 7011
7011 6459 7750
6459 7011 7750
8946 5981 10461
10461 5981 8946
5981 8946 10461
13196 2245 12531
2245 12531 13196
12531 2245 13196
11504 2840 3842
3842 2840 11504
2840 3842 11504
1822 9207 10601
9207 1822 10601
10601 1822 9207
183 7158 12210
12210 183 7158
7158 183 12210
12225 11902 12557
12557 11902 12225
11902 12225 12557
7371 909 6248
909 6248 7371
6248 909 7371
10549 3678 13667
3678 10549 13667
13667 3678 10549
1049 571 4492
4492 571 1049
571 1049 4492
592 2202 11553
11553 592 2202
2202 592 11553
6177 3473 14928
14928 3473 6177
3473 6177 14928
10175 12576 13500
13500 10175 12576
12576 10175 13500
13936 11907 12805
12805 11907 13936
11907 12805 13936
9846 8042 8168
8168 8042 9846
8042 8168 9846
5107 10280 12791
12791 5107 10280
10280 5107 12791
5299 3422 8112
3422 5299 8112
8112 3422 5299
8637 1865 12587
1865 8637 12587
12587 1865 8637
11115 3197 10804
3197 10804 11115
10804 3197 11115
4608 3439 6775
3439 4608 6775
6775 3439 4608
3982 13999 14773
13999 3982 14773
14773 3982 13999
7090 490 14023
14023 490 7090
490 7090 14023
451 1857 6474
6474 451 1857
1857 451 6474
10628 10036 12495
10036 10628 12495
12495 10036 10628
14420 6564 9355
6564 9355 14420
9355 6564 14420
10458 9018 10999
9018 10458 10999
10999 9018 10458
8505 3642 5317
5317 3642 8505
3642 5317 8505
13344 14460 14924
14924 13344 14460
14460 13344 14924
3393 1713 2566
2566 1713 3393
1713 2566 3393
13180 3103 3150
3150 3103 13180
3103 3150 13180
14592 9322 13721
9322 13721 14592
13721 9322 14592
6077 2333 3161
3161 2333 6077
2333 3161 6077
7436 5320 14938
14938 5320 7436
5320 7436 14938
5303 7184 7745
7745 5303 7184
7184 5303 7745
1858 11842 13366
11842 1858 13366
13366 1858 11842
13416 3013 4735
4735 3013 13416
3013 4735 13416
5427 258 14711
258 5427 14711
14711 258 5427
8737 5315 8439
8439 5315 8737
5315 8439 8737
9586 4824 5202
5202 4824 9586
4824 5202 9586
1490 5398 10204
5398 1490 10204
10204 1490 5398
2327 6733 13037
6733 2327 13037
13037 2327 6733
6306 3897 6986
6986 3897 6306
3897 6306 6986
3707 2965 10009
2965 3707 10009
10009 2965 3707
9564 762 12697
12697 762 9564
762 9564 12697
11121 8608 8823
8608 8823 11121
8823 8608 11121
2127 7308 8037
7308 2127 8037
8037 2127 7308
3285 3374 9756
9756 3285 3374
3374 3285 9756
830 2179 10758
2179 830 10758
10758 830 2179
9360 2975 4912
2975 4912 9360
4912 2975 9360
2276 5875 7560
7560 2276 5875
5875 2276 7560
9661 2851 7793
2851 7793 9661
7793 2851 9661
1072 9299 13415
13415 1072 9299
9299 1072 13415
12913 510 9210
9210 510 12913
510 9210 12913
12977 12450 14520
12450 12977 14520
14520 12450 12977
3635 5842 13055
13055 3635 5842
5842 3635 13055
10316 3296 7604
3296 7604 10316
7604 3296 10316
10311 2989 11490
2989 10311 11490
11490 2989 10311
9823 1298 9077
9077 1298 9823
1298 9077 9823
6010 1250 13337
1250 6010 13337
13337 1250 6010
7737 1569 5989
1569 5989 7737
5989 1569 7737
14076 5341 5348
5341 5348 14076
5348 5341 14076
13369 9718 13876
9718 13369 13876
13876 9718 13369
5433 3923 11106
11106 3923 5433
3923 5433 11106
1286 954 7771
7771 954 1286
954 1286 7771
8298 4051 4874
4874 4051 8298
4051 4874 8298
6014 6216 12099
12099 6014 6216
6216 6014 12099
8134 1649 13734
13734 1649 8134
1649 8134 13734
4673 933 3160
3160 933 4673
933 3160 4673
3258 6918 9171
6918 3258 9171
9171 3258 6918
12514 55 11471
11471 55 12514
55 11471 12514
1479 7378 9162
7378 1479 9162
9162 1479 7378
4358 2541 11960
2541 4358 11960
11960 2541 4358
11226 6049 11659
6049 11226 11659
11659 6049 11226
3142 6606 9261
6606 3142 9261
9261 3142 6606
5002 5900 9869
9869 5002 5900
5900 5002 9869
8915 723 4968
4968 723 8915
723 4968 8915
5736 1658 12449
12449 1658 5736
1658 5736 12449
12235 7414 12045
12045 7414 12235
7414 12045 12235
6327 9635 9669
9635 6327 9669
9669 6327 9635
11347 4862 6561
4862 6561 11347
6561 4862 11347
14048 4532 6258
4532 6258 14048
6258 4532 14048
13379 4018 4191
4018 4191 13379
4191 4018 13379
11655 14311 14558
14558 11655 14311
14311 11655 14558
12930 11963 13386
13386 11963 12930
11963 12930 13386
733 1653 3109
3109 733 1653
1653 733 3109
6294 4483 13935
13935 4483 6294
4483 6294 13935
5378 7234 13507
7234 5378 13507
13507 5378 7234
9512 3048 8159
8159 3048 9512
3048 8159 9512
10198 3961 14069
3961 10198 14069
14069 3961 10198
4434 12377 13627
12377 4434 13627
13627 4434 12377
178 71 13863
71 178 13863
13863 71 178
12668 245 1923
1923 245 12668
245 1923 12668
3860 2783 13904
13904 2783 3860
2783 3860 13904
3599 5763 9317
5763 3599 9317
9317 3599 5763
5527 1571 4064
4064 1571 5527
1571 4064 5527
2379 54 6221
54 2379 6221
6221 54 2379
1930 5987 10018
5987 1930 10018
10018 1930 5987
13098 1583 10507
1583 10507 13098
10507 1583 13098
9567 8721 13899
13899 8721 9567
8721 9567 13899
13417 937 11413
937 11413 13417
11413 937 13417
1803 4464 9467
4464 1803 9467
9467 1803 4464
12559 1936 3501
1936 3501 12559
3501 1936 12559
8645 5713 10715
5713 8645 10715
10715 5713 8645
14708 5224 12714
12714 5224 14708
5224 12714 14708
2135 6320 11660
11660 2135 6320
6320 2135 11660
4747 3855 14845
14845 3855 4747
3855 4747 14845
11873 511 6363
6363 511 11873
511 6363 11873
11773 6128 9145
9145 6128 11773
6128 9145 11773
436 2979 3626
2979 436 3626
3626 436 2979
13053 1693 2397
1693 2397 13053
2397 1693 13053
4744 626 6293
626 4744 6293
6293 626 4744
9637 3677 14321
3677 9637 14321
14321 3677 9637
9295 945 9421
945 9295 9421
9421 945 9295
9446 2763 8722
2763 8722 9446
8722 2763 9446
6227 9302 12585
9302 6227 12585
12585 6227 9302
5420 2292 12617
12617 2292 5420
2292 5420 12617
5096 85 13273
85 5096 13273
13273 85 5096
3090 2214 10935
10935 2214 3090
2214 3090 10935
7744 3872 12693
3872 7744 12693
12693 3872 7744
2961 2906 6754
2906 2961 6754
6754 2906 2961
10806 4558 13125
13125 4558 10806
4558 10806 13125
419 3833 14542
3833 419 14542
14542 419 3833
8156 4714 12558
4714 8156 12558
12558 4714 8156
7577 11710 13699
13699 7577 11710
11710 7577 13699
8142 48 6141
48 6141 8142
6141 48 8142
1633 414 3948
414 1633 3948
3948 414 1633
7962 5423 10107
5423 7962 10107
10107 5423 7962
13265 844 900
900 844 13265
844 900 13265
624 7930 9437
9437 624 7930
7930 624 9437
4974 10236 11457
11457 4974 10236
10236 4974 11457
11465 6046 14965
14965 6046 11465
6046 11465 14965
6398 7027 14579
14579 6398 7027
7027 6398 14579
305 2219 13629
13629 305 2219
2219 305 13629
8638 8813 12584
8813 8638 12584
12584 8638 8813
8755 1593 7707
1593 7707 8755
7707 1593 8755
3274 3410 11081
3410 3274 11081
11081 3274 3410
8966 6856 8757
8757 6856 8966
6856 8757 8966
6478 5560 9592
5560 6478 9592
9592 5560 6478
14184 13509 14549
14549 13509 14184
13509 14184 14549
2679 3608 12882
3608 2679 12882
12882 2679 3608
10138 6776 13830
13830 6776 10138
6776 10138 13830
4472 7567 9397
9397 4472 7567
7567 4472 9397
7883 2704 7211
7211 2704 7883
2704 7211 7883
5946 9642 11247
11247 5946 9642
9642 5946 11247
13113 3671 12177
3671 12177 13113
12177 3671 13113
13560 7285 11089
7285 11089 13560
11089 7285 13560
13132 10182 12476
12476 10182 13132
10182 12476 13132
11059 1141 11016
1141 11016 11059
11016 1141 11059
12429 3105 3112
3112 3105 12429
3105 3112 12429
5569 11365 14078
14078 5569 11365
11365 5569 14078
5553 1307 6153
6153 1307 5553
1307 5553 6153
4537 5730 12629
5730 4537 12629
12629 4537 5730
7444 2338 13696
2338 7444 13696
13696 2338 7444
6826 11047 14313
11047 6826 14313
14313 6826 11047
9857 5810 9315
9315 5810 9857
5810 9315 9857
8106 12716 13917
13917 8106 12716
12716 8106 13917
11464 1878 5308
1878 5308 11464
5308 1878 11464
10660 9283 11536
9283 10660 11536
11536 9283 10660
11909 3518 14038
3518 11909 14038
14038 3518 11909
2614 10440 12712
12712 2614 10440
10440 2614 12712
11698 341 4403
4403 341 11698
341 4403 11698
9747 10025 10746
10746 9747 10025
10025 9747 10746
8663 589 14963
589 8663 14963
14963 589 8663
2496 115 1339
115 1339 2496
1339 115 2496
14856 3515 13235
3515 13235 14856
13235 3515 14856
4643 505 4880
4880 505 4643
505 4643 4880
11956 7498 10535
10535 7498 11956
7498 10535 11956
3705 3503 6457
6457 3503 3705
3503 3705 6457
2733 6483 12998
6483 2733 12998
12998 2733 6483
10445 4975 10319
4975 10319 10445
10319 4975 10445
7276 2545 10299
2545 7276 10299
10299 2545 7276
12253 9146 9321
9321 9146 12253
9146 9321 12253
12222 2243 4520
2243 4520 12222
4520 2243 12222
5422 2234 12119
12119 2234 5422
2234 5422 12119
1184 561 4442
561 1184 4442
4442 561 1184
13096 2346 13828
13828 2346 13096
2346 13096 13828
2129 5955 12881
12881 2129 5955
5955 2129 12881
13006 1561 11538
1561 11538 13006
11538 1561 13006
