13930 4494 14080
4494 13930 14080
14080 4494 13930
1624 845 8855
845 1624 8855
8855 845 1624
22 1972 8748
1972 22 8748
8748 22 1972
55 6080 13899
6080 55 13899
13899 55 6080
14112 2392 9730
9730 2392 14112
2392 9730 14112
14803 7749 12341
7749 12341 14803
12341 7749 14803
257 1373 6438
1373 257 6438
6438 257 1373
12689 8111 13382
13382 8111 12689
8111 12689 13382
14093 3026 3070
3070 3026 14093
3026 3070 14093
4081 9476 9808
9476 4081 9808
9808 4081 9476
6686 5394 13994
13994 5394 6686
5394 6686 13994
7603 317 11821
317 7603 11821
11821 317 7603
8150 7446 10664
10664 7446 8150
7446 8150 10664
9218 9761 11185
11185 9218 9761
9761 9218 11185
9215 6451 14036
14036 6451 9215
6451 9215 14036
9553 7775 7856
7775 7856 9553
7856 7775 9553
7532 12877 13262
13262 7532 12877
12877 7532 13262
10259 7017 8035
8035 7017 10259
7017 8035 10259
10123 1847 7472
7472 1847 10123
1847 7472 10123
13655 1530 3060
1530 3060 13655
3060 1530 13655
13672 6707 12475
12475 6707 13672
6707 12475 13672
6226 2554 13594
2554 6226 13594
13594 2554 6226
9635 931 11588
11588 931 9635
931 9635 11588
13585 2165 14116
14116 2165 13585
2165 13585 14116
11370 1100 6252
1100 6252 11370
6252 1100 11370
9222 11865 14764
14764 9222 11865
11865 9222 14764
3402 4864 6797
4864 3402 6797
6797 3402 4864
14555 2820 12683
12683 2820 14555
2820 12683 14555
9533 9702 13704
13704 9533 9702
9702 9533 13704
11697 9739 11537
9739 11537 11697
11537 9739 11697
2337 1853 3833
3833 1853 2337
1853 2337 3833
14284 3004 13388
13388 3004 14284
3004 13388 14284
7221 9905 12831
9905 7221 12831
12831 7221 9905
12184 480 13536
13536 480 12184
480 12184 13536
4871 5733 11162
5733 4871 11162
11162 4871 5733
5043 653 5508
5508 653 5043
653 5043 5508
6664 774 3814
774 3814 6664
3814 774 6664
2395 10892 14425
14425 2395 10892
10892 2395 14425
9593 4208 11493
11493 4208 9593
4208 9593 11493
10684 6837 8744
6837 8744 10684
8744 6837 10684
10398 9164 12150
9164 10398 12150
12150 9164 10398
2475 11984 14438
14438 2475 11984
11984 2475 14438
12637 7672 7818
7672 7818 12637
7818 7672 12637
9499 3828 9932
9932 3828 9499
3828 9499 9932
2962 256 7141
7141 256 2962
256 2962 7141
11336 2285 8585
8585 2285 11336
2285 8585 11336
9819 2118 13825
13825 2118 9819
2118 9819 13825
13786 902 2789
2789 902 13786
902 2789 13786
11889 5615 5961
5961 5615 11889
5615 5961 11889
10501 633 13616
13616 633 10501
633 10501 13616
7501 3939 9078
3939 7501 9078
9078 3939 7501
3155 7981 11633
7981 3155 11633
11633 3155 7981
10722 14484 14538
14538 10722 14484
14484 10722 14538
8918 6476 8030
6476 8030 8918
8030 6476 8918
10873 2293 10365
2293 10365 10873
10365 2293 10873
10147 3764 5214
5214 3764 10147
3764 5214 10147
12890 12563 14089
14089 12563 12890
12563 12890 14089
9321 6236 11917
11917 6236 9321
6236 9321 11917
2544 12390 14978
14978 2544 12390
12390 2544 14978
4752 9220 11644
9220 4752 11644
11644 4752 9220
7036 4102 5920
4102 5920 7036
5920 4102 7036
6746 10163 10926
10163 6746 10926
10926 6746 10163
4726 1937 10633
1937 4726 10633
10633 1937 4726
7580 13688 13877
13688 7580 13877
13877 7580 13688
9380 7737 13817
13817 7737 9380
7737 9380 13817
9025 1742 7633
7633 1742 9025
1742 7633 9025
4019 3493 14621
3493 4019 14621
14621 3493 4019
1106 2663 4411
4411 1106 2663
2663 1106 4411
11891 12397 14715
12397 11891 14715
14715 11891 12397
1699 3761 9080
9080 1699 3761
3761 1699 9080
370 3304 12860
3304 370 12860
12860 370 3304
6791 1423 9629
1423 6791 9629
9629 1423 6791
11083 4537 4743
4537 4743 11083
4743 4537 11083
9766 11656 13112
11656 9766 13112
13112 9766 11656
7857 13320 14066
14066 7857 13320
13320 7857 14066
7284 11259 11932
11932 7284 11259
11259 7284 11932
4760 6647 10347
10347 4760 6647
6647 4760 10347
4401 6474 8469
8469 4401 6474
6474 4401 8469
2555 4008 13049
13049 2555 4008
4008 2555 13049
7966 9294 14558
14558 7966 9294
9294 7966 14558
13222 791 8881
8881 791 13222
791 8881 13222
8434 3424 10707
3424 8434 10707
10707 3424 8434
4425 1994 11601
1994 4425 11601
11601 1994 4425
10866 5286 12969
12969 5286 10866
5286 10866 12969
837 3645 10652
3645 837 10652
10652 837 3645
2643 4928 9721
4928 2643 9721
9721 2643 4928
5497 2022 5285
5285 2022 5497
2022 5285 5497
9139 4830 5441
5441 4830 9139
4830 5441 9139
638 5994 12854
5994 638 12854
12854 638 5994
10725 1830 14848
14848 1830 10725
1830 10725 14848
11091 567 12169
567 11091 12169
12169 567 11091
12320 3473 6398
6398 3473 12320
3473 6398 12320
8231 229 4150
229 4150 8231
4150 229 8231
4463 6735 9997
9997 4463 6735
6735 4463 9997
9426 6469 10504
10504 6469 9426
6469 9426 10504
12919 13794 13866
13794 12919 13866
13866 12919 13794
1539 4432 13450
13450 1539 4432
4432 1539 13450
5002 172 12336
12336 172 5002
172 5002 12336
3393 8739 9053
9053 3393 8739
8739 3393 9053
14955 7830 14527
7830 14527 14955
14527 7830 14955
10871 7074 9256
9256 7074 10871
7074 9256 10871
3358 11132 13626
13626 3358 11132
11132 3358 13626
2734 4987 6764
6764 2734 4987
4987 2734 6764
8168 14100 14318
14318 8168 14100
14100 8168 14318
5549 12888 13842
12888 5549 13842
13842 5549 12888
1623 5874 14900
14900 1623 5874
5874 1623 14900
9228 8049 14476
8049 9228 14476
14476 8049 9228
10638 5478 10983
5478 10638 10983
10983 5478 10638
3360 2149 10752
10752 2149 3360
2149 3360 10752
10424 5595 5699
5699 5595 10424
5595 5699 10424
2517 1462 14162
14162 1462 2517
1462 2517 14162
9060 9449 13155
13155 9060 9449
9449 9060 13155
8583 8312 12785
12785 8312 8583
8312 8583 12785
10916 1939 8215
1939 8215 10916
8215 1939 10916
9828 2735 14496
14496 2735 9828
2735 9828 14496
11867 1930 4468
1930 4468 11867
4468 1930 11867
9123 7878 12429
7878 9123 12429
12429 7878 9123
3048 4764 5502
4764 3048 5502
5502 3048 4764
10255 9850 14667
9850 10255 14667
14667 9850 10255
2403 2086 7625
2086 2403 7625
7625 2086 2403
11245 130 12938
130 11245 12938
12938 130 11245
7232 8776 10468
8776 7232 10468
10468 7232 8776
12554 12580 13610
13610 12554 12580
12580 12554 13610
12211 3794 13391
3794 12211 13391
13391 3794 12211
14395 11003 12281
11003 12281 14395
12281 11003 14395
2294 11023 12225
12225 2294 11023
11023 2294 12225
13713 10517 12855
12855 10517 13713
10517 12855 13713
5156 3656 3900
3656 3900 5156
3900 3656 5156
14528 11578 13938
13938 11578 14528
11578 13938 14528
8578 9989 10185
10185 8578 9989
9989 8578 10185
4988 1528 6546
1528 4988 6546
6546 1528 4988
2536 4140 9556
9556 2536 4140
4140 2536 9556
14644 3791 6880
6880 3791 14644
3791 6880 14644
1521 967 13642
967 1521 13642
13642 967 1521
10038 13232 13420
13232 10038 13420
13420 10038 13232
9180 9951 11780
11780 9180 9951
9951 9180 11780
1755 3471 9192
9192 1755 3471
3471 1755 9192
13589 6442 10785
10785 6442 13589
6442 10785 13589
3147 8777 11850
11850 3147 8777
8777 3147 11850
6060 6816 12952
6816 6060 12952
12952 6060 6816
8375 4615 13809
4615 8375 13809
13809 4615 8375
1081 4012 13898
13898 1081 4012
4012 1081 13898
9045 2560 4427
2560 4427 9045
4427 2560 9045
6069 6560 8032
6560 6069 8032
8032 6069 6560
6058 2135 3233
3233 2135 6058
2135 3233 6058
7959 5348 9998
5348 7959 9998
9998 5348 7959
6790 772 2890
2890 772 6790
772 2890 6790
4767 1911 4612
4612 1911 4767
1911 4612 4767
7726 182 9409
9409 182 7726
182 7726 9409
4299 6209 13381
6209 4299 13381
13381 4299 6209
2119 1129 9597
9597 1129 2119
1129 2119 9597
14428 4642 7980
7980 4642 14428
4642 7980 14428
7078 13228 13627
13228 7078 13627
13627 7078 13228
3583 3274 14405
3274 3583 14405
14405 3274 3583
9374 5624 13136
5624 9374 13136
13136 5624 9374
4619 258 11951
258 4619 11951
11951 258 4619
5830 1025 8768
8768 1025 5830
1025 5830 8768
13470 2706 6403
6403 2706 13470
2706 6403 13470
547 7374 8458
7374 547 8458
8458 547 7374
11056 1992 4739
4739 1992 11056
1992 4739 11056
12737 580 4650
580 4650 12737
4650 580 12737
8101 2782 11108
2782 8101 11108
11108 2782 8101
13830 7152 12381
12381 7152 13830
7152 12381 13830
6014 31 10199
10199 31 6014
31 6014 10199
3596 6588 8134
6588 3596 8134
8134 3596 6588
6135 1197 2889
2889 1197 6135
1197 2889 6135
5466 12111 12772
12111 5466 12772
12772 5466 12111
6411 6112 12660
6112 6411 12660
12660 6112 6411
8162 10578 12334
12334 8162 10578
10578 8162 12334
7514 3862 6336
6336 3862 7514
3862 6336 7514
7887 6637 9101
6637 7887 9101
9101 6637 7887
8074 2479 13234
13234 2479 8074
2479 8074 13234
12677 1203 2827
1203 2827 12677
2827 1203 12677
7471 5626 6303
5626 6303 7471
6303 5626 7471
7241 4836 8292
8292 4836 7241
4836 7241 8292
6265 5053 5233
5233 5053 6265
5053 5233 6265
12822 5180 12708
5180 12708 12822
12708 5180 12822
2234 953 4682
4682 953 2234
953 2234 4682
8330 3595 9209
9209 3595 8330
3595 8330 9209
8781 3407 11322
11322 3407 8781
3407 8781 11322
2670 3962 12441
3962 2670 12441
12441 2670 3962
11241 13345 13852
13345 11241 13852
13852 11241 13345
10390 6271 7722
6271 7722 10390
7722 6271 10390
11286 6869 7916
6869 7916 11286
7916 6869 11286
3420 11321 12482
11321 3420 12482
12482 3420 11321
1147 1980 4696
4696 1147 1980
1980 1147 4696
11706 1523 13659
1523 11706 13659
13659 1523 11706
6659 1643 2601
2601 1643 6659
1643 2601 6659
8428 8298 12999
12999 8298 8428
8298 8428 12999
6284 2745 11306
2745 6284 11306
11306 2745 6284
11599 8321 13067
13067 8321 11599
8321 11599 13067
14532 1957 11898
1957 11898 14532
11898 1957 14532
7553 233 3341
3341 233 7553
233 3341 7553
14471 8785 11687
11687 8785 14471
8785 11687 14471
6151 2313 8693
8693 2313 6151
2313 6151 8693
5712 6022 11577
6022 5712 11577
11577 5712 6022
13201 7478 14779
7478 13201 14779
14779 7478 13201
8164 1631 12001
1631 8164 12001
12001 1631 8164
14631 7421 8400
7421 8400 14631
8400 7421 14631
11071 5604 7733
5604 7733 11071
7733 5604 11071
12227 3491 12560
3491 12227 12560
12560 3491 12227
7396 2013 14369
2013 7396 14369
14369 2013 7396
3860 6575 9489
9489 3860 6575
6575 3860 9489
2299 6862 7465
6862 2299 7465
7465 2299 6862
6510 6095 14915
14915 6095 6510
6095 6510 14915
4009 2147 5702
5702 2147 4009
2147 4009 5702
5660 2621 7222
2621 5660 7222
7222 2621 5660
5651 2624 9188
2624 5651 9188
9188 2624 5651
990 5949 6338
5949 990 6338
6338 990 5949
12188 4264 13312
4264 12188 13312
13312 4264 12188
1690 3282 14006
14006 1690 3282
3282 1690 14006
12586 7728 14606
14606 7728 12586
7728 12586 14606
13894 3902 4495
3902 4495 13894
4495 3902 13894
10329 870 2933
2933 870 10329
870 2933 10329
3338 11692 14615
14615 3338 11692
11692 3338 14615
6234 7131 10675
10675 6234 7131
7131 6234 10675
11215 336 3925
336 3925 11215
3925 336 11215
6454 3235 3659
3659 3235 6454
3235 3659 6454
6224 6152 8198
8198 6152 6224
6152 6224 8198
3371 2973 3884
3884 2973 3371
2973 3371 3884
787 9684 13305
13305 787 9684
9684 787 13305
7965 7277 9949
9949 7277 7965
7277 7965 9949
8593 6919 9284
6919 8593 9284
9284 6919 8593
4107 10396 13486
10396 4107 13486
13486 4107 10396
589 318 12681
12681 318 589
318 589 12681
3725 11426 14133
11426 3725 14133
14133 3725 11426
14458 3747 10650
10650 3747 14458
3747 10650 14458
777 4708 10511
10511 777 4708
4708 777 10511
2163 5487 11409
5487 2163 11409
11409 2163 5487
8889 194 11583
194 8889 11583
11583 194 8889
926 9791 12410
9791 926 12410
12410 926 9791
8388 9331 14663
9331 8388 14663
14663 8388 9331
8145 964 14355
964 8145 14355
14355 964 8145
8318 4744 4997
4744 4997 8318
4997 4744 8318
286 90 9569
9569 90 286
90 286 9569
2342 262 3429
3429 262 2342
262 2342 3429
7488 1157 8490
8490 1157 7488
1157 7488 8490
10151 10709 11665
10709 10151 11665
11665 10151 10709
11389 246 2809
246 2809 11389
2809 246 11389
11813 7218 10959
10959 7218 11813
7218 10959 11813
9848 5886 7924
5886 7924 9848
7924 5886 9848
8647 1741 9088
1741 8647 9088
9088 1741 8647
6428 3419 5474
5474 3419 6428
3419 5474 6428
13686 3329 12364
3329 12364 13686
12364 3329 13686
6578 218 1454
218 1454 6578
1454 218 6578
12462 770 14364
770 12462 14364
14364 770 12462
14208 1502 8733
1502 8733 14208
8733 1502 14208
12656 1340 1718
1340 1718 12656
1718 1340 12656
5844 6390 8088
8088 5844 6390
6390 5844 8088
3173 3270 9102
3270 3173 9102
9102 3173 3270
4088 6220 8968
6220 4088 8968
8968 4088 6220
4535 2574 12456
12456 2574 4535
2574 4535 12456
10773 10251 11901
10251 10773 11901
11901 10251 10773
10454 1479 6531
1479 6531 10454
6531 1479 10454
6272 2055 9450
9450 2055 6272
2055 6272 9450
13150 10320 10735
10320 10735 13150
10735 10320 13150
7631 10388 11126
11126 7631 10388
10388 7631 11126
4547 4131 4690
4690 4131 4547
4131 4547 4690
5524 3969 10403
3969 5524 10403
10403 3969 5524
3355 212 11747
11747 212 3355
212 3355 11747
3310 402 12961
402 3310 12961
12961 402 3310
11642 4823 11266
4823 11266 11642
11266 4823 11642
7458 3506 5907
3506 5907 7458
5907 3506 7458
4772 9202 11387
9202 4772 11387
11387 4772 9202
6788 1841 3044
3044 1841 6788
1841 3044 6788
9663 1352 12451
1352 9663 12451
12451 1352 9663
4167 3480 4489
3480 4167 4489
4489 3480 4167
12487 7763 10130
10130 7763 12487
7763 10130 12487
2131 3185 7253
7253 2131 3185
3185 2131 7253
9837 2187 5537
5537 2187 9837
2187 5537 9837
11686 4464 12509
4464 11686 12509
12509 4464 11686
8843 5773 7294
7294 5773 8843
5773 7294 8843
12066 8228 8608
8608 8228 12066
8228 8608 12066
2445 2491 11744
2491 2445 11744
11744 2445 2491
14049 7429 9742
9742 7429 14049
7429 9742 14049
10137 2702 10025
2702 10025 10137
10025 2702 10137
5772 5868 7063
5868 5772 7063
7063 5772 5868
1882 7197 14171
7197 1882 14171
14171 1882 7197
5507 1705 6914
6914 1705 5507
1705 5507 6914
9232 12328 12528
12528 9232 12328
12328 9232 12528
13441 347 14135
14135 347 13441
347 13441 14135
1907 5449 5577
5449 1907 5577
5577 1907 5449
13931 2391 12789
12789 2391 13931
2391 12789 13931
11390 10332 11989
11989 10332 11390
10332 11390 11989
7027 11754 13846
11754 7027 13846
13846 7027 11754
10865 2636 5425
5425 2636 10865
2636 5425 10865
4883 5539 13910
13910 4883 5539
5539 4883 13910
719 7020 9024
9024 719 7020
7020 719 9024
64 4478 4520
4478 64 4520
4520 64 4478
6104 3615 9700
9700 3615 6104
3615 6104 9700
1670 10412 12754
10412 1670 12754
12754 1670 10412
3187 6986 7927
6986 3187 7927
7927 3187 6986
3342 6486 11525
11525 3342 6486
6486 3342 11525
9073 4890 10842
10842 4890 9073
4890 9073 10842
1488 12665 13819
13819 1488 12665
12665 1488 13819
12947 127 4641
4641 127 12947
127 4641 12947
12964 5250 9427
5250 9427 12964
9427 5250 12964
5848 11484 13862
11484 5848 13862
13862 5848 11484
6314 13487 14027
14027 6314 13487
13487 6314 14027
10245 10107 14514
10107 10245 14514
14514 10107 10245
10461 11005 14861
11005 10461 14861
14861 10461 11005
10467 5501 8498
5501 8498 10467
8498 5501 10467
7338 6292 13399
13399 6292 7338
6292 7338 13399
3205 11124 12954
12954 3205 11124
11124 3205 12954
8385 5318 6998
5318 6998 8385
6998 5318 8385
9525 2102 5860
2102 5860 9525
5860 2102 9525
6511 8841 10995
8841 6511 10995
10995 6511 8841
10206 1495 8289
8289 1495 10206
1495 8289 10206
4005 3300 11030
3300 4005 11030
11030 3300 4005
7556 685 6804
6804 685 7556
685 6804 7556
10096 862 5825
5825 862 10096
862 5825 10096
10879 6123 11616
6123 10879 11616
11616 6123 10879
7024 2446 11903
2446 7024 11903
11903 2446 7024
1570 5270 9345
5270 1570 9345
9345 1570 5270
4026 13438 13583
13583 4026 13438
13438 4026 13583
10323 4146 14333
14333 4146 10323
4146 10323 14333
3463 8759 12929
8759 3463 12929
12929 3463 8759
7227 8259 12731
8259 7227 12731
12731 7227 8259
1874 788 7858
7858 788 1874
788 1874 7858
5063 2794 14819
2794 5063 14819
14819 2794 5063
7984 1976 11009
1976 7984 11009
11009 1976 7984
10122 706 11911
706 10122 11911
11911 706 10122
4563 5511 8745
8745 4563 5511
5511 4563 8745
7799 7668 12653
12653 7668 7799
7668 7799 12653
8819 5042 12640
12640 5042 8819
5042 8819 12640
10457 2444 8307
2444 8307 10457
8307 2444 10457
9534 7800 8959
8959 7800 9534
7800 8959 9534
11113 452 6450
6450 452 11113
452 6450 11113
8022 2033 10502
2033 8022 10502
10502 2033 8022
11878 10279 13701
10279 11878 13701
13701 10279 11878
13897 8835 14992
14992 8835 13897
8835 13897 14992
13098 7663 13231
13231 7663 13098
7663 13098 13231
2148 7281 9523
9523 2148 7281
7281 2148 9523
593 9290 13878
13878 593 9290
9290 593 13878
2646 1857 13717
13717 1857 2646
1857 2646 13717
5908 2205 5337
2205 5337 5908
5337 2205 5908
5097 2998 8227
2998 5097 8227
8227 2998 5097
8561 1625 9818
9818 1625 8561
1625 8561 9818
4215 3389 9086
3389 4215 9086
9086 3389 4215
7685 6116 11330
6116 7685 11330
11330 6116 7685
104 5556 8488
8488 104 5556
5556 104 8488
8617 12742 13218
13218 8617 12742
12742 8617 13218
9272 11263 13834
11263 9272 13834
13834 9272 11263
5504 2331 12717
2331 5504 12717
12717 2331 5504
4998 7589 14506
7589 4998 14506
14506 4998 7589
14331 6462 14265
14265 6462 14331
6462 14265 14331
508 2260 13524
13524 508 2260
2260 508 13524
11233 1444 11128
1444 11128 11233
11128 1444 11233
10941 563 7872
7872 563 10941
563 7872 10941
12119 6470 13393
13393 6470 12119
6470 12119 13393
5680 2597 3775
2597 3775 5680
3775 2597 5680
6054 1259 8607
8607 1259 6054
1259 6054 8607
13384 2132 4972
2132 4972 13384
4972 2132 13384
4090 8413 14533
8413 4090 14533
14533 4090 8413
9979 11749 13630
11749 9979 13630
13630 9979 11749
1372 2943 4307
2943 1372 4307
4307 1372 2943
11678 6734 10340
10340 6734 11678
6734 10340 11678
12636 10273 14236
10273 12636 14236
14236 10273 12636
2255 3988 11244
11244 2255 3988
3988 2255 11244
6903 3622 9482
3622 6903 9482
9482 3622 6903
8864 9408 10820
10820 8864 9408
9408 8864 10820
3850 5435 9428
9428 3850 5435
5435 3850 9428
13119 5277 7921
7921 5277 13119
5277 7921 13119
7876 137 8826
137 7876 8826
8826 137 7876
10717 4234 4924
4234 4924 10717
4924 4234 10717
3033 7769 14011
14011 3033 7769
7769 3033 14011
14704 8097 13339
8097 13339 14704
13339 8097 14704
10465 727 7719
7719 727 10465
727 7719 10465
6441 48 1296
48 1296 6441
1296 48 6441
6836 1982 12902
12902 1982 6836
1982 6836 12902
6533 968 9967
968 6533 9967
9967 968 6533
10041 7983 12007
7983 10041 12007
12007 7983 10041
13304 128 11225
128 11225 13304
11225 128 13304
13238 2140 10341
2140 10341 13238
10341 2140 13238
404 6436 12466
12466 404 6436
6436 404 12466
453 4070 8863
4070 453 8863
8863 453 4070
12582 12304 14421
14421 12304 12582
12304 12582 14421
7697 9659 12485
9659 7697 12485
12485 7697 9659
11890 3023 11971
11971 3023 11890
3023 11890 11971
7303 10643 13619
13619 7303 10643
10643 7303 13619
6777 6915 7677
6915 6777 7677
7677 6777 6915
11947 11079 13584
13584 11079 11947
11079 11947 13584
2729 564 5054
564 2729 5054
5054 564 2729
214 5062 14092
5062 214 14092
14092 214 5062
14129 11012 12444
11012 12444 14129
12444 11012 14129
8676 446 14599
446 8676 14599
14599 446 8676
12674 61 5267
5267 61 12674
61 5267 12674
9873 2034 10961
10961 2034 9873
2034 9873 10961
582 2805 6480
6480 582 2805
2805 582 6480
2511 1413 13048
13048 1413 2511
1413 2511 13048
7968 8126 14726
14726 7968 8126
8126 7968 14726
6813 4604 8163
8163 4604 6813
4604 6813 8163
14883 9752 11800
11800 9752 14883
9752 11800 14883
6122 3937 13290
3937 6122 13290
13290 3937 6122
5343 1482 4179
4179 1482 5343
1482 4179 5343
3543 11396 12170
11396 3543 12170
12170 3543 11396
3196 975 3874
3874 975 3196
975 3196 3874
14547 5321 11732
5321 11732 14547
11732 5321 14547
2334 3933 13661
3933 2334 13661
13661 2334 3933
7061 10219 13503
10219 7061 13503
13503 7061 10219
13436 7512 13945
7512 13436 13945
13945 7512 13436
10856 2625 7112
7112 2625 10856
2625 7112 10856
1915 3226 10806
10806 1915 3226
3226 1915 10806
11227 4137 7585
4137 7585 11227
7585 4137 11227
14060 12568 13678
12568 13678 14060
13678 12568 14060
10649 756 3240
3240 756 10649
756 3240 10649
11109 8537 9182
9182 8537 11109
8537 9182 11109
11530 12620 13887
13887 11530 12620
12620 11530 13887
11386 12086 12561
12086 11386 12561
12561 11386 12086
11249 8630 12820
12820 8630 11249
8630 11249 12820
11350 900 10094
900 10094 11350
10094 900 11350
5754 8623 12002
8623 5754 12002
12002 5754 8623
13113 2869 12774
12774 2869 13113
2869 12774 13113
1529 5948 10017
10017 1529 5948
5948 1529 10017
12606 2176 3524
3524 2176 12606
2176 3524 12606
7735 683 2120
683 2120 7735
2120 683 7735
11096 2780 14346
14346 2780 11096
2780 11096 14346
6852 3212 5106
3212 5106 6852
5106 3212 6852
12 3998 14626
14626 12 3998
3998 12 14626
12700 6057 13685
6057 12700 13685
13685 6057 12700
12869 2215 9411
9411 2215 12869
2215 9411 12869
478 2811 14767
2811 478 14767
14767 478 2811
9019 9466 14815
9466 9019 14815
14815 9019 9466
6033 2837 14975
14975 2837 6033
2837 6033 14975
2324 1706 12278
1706 2324 12278
12278 1706 2324
2041 10621 12106
10621 2041 12106
12106 2041 10621
1960 5424 12876
12876 1960 5424
5424 1960 12876
5385 3593 12691
3593 5385 12691
12691 3593 5385
2853 557 8200
8200 557 2853
557 2853 8200
9030 11301 12630
11301 9030 12630
12630 9030 11301
5998 5171 11538
11538 5171 5998
5171 5998 11538
1890 8950 12824
8950 1890 12824
12824 1890 8950
14212 14352 14903
14352 14212 14903
14903 14212 14352
14833 941 10366
941 10366 14833
10366 941 14833
622 3845 5380
5380 622 3845
3845 622 5380
4403 10629 11454
10629 4403 11454
11454 4403 10629
10635 4728 5464
4728 5464 10635
5464 4728 10635
12894 13554 13756
13756 12894 13554
13554 12894 13756
588 1697 7258
1697 588 7258
7258 588 1697
275 183 9892
183 275 9892
9892 183 275
1585 1943 13237
1943 1585 13237
13237 1585 1943
10509 8811 12584
8811 10509 12584
12584 8811 10509
10898 4424 13855
13855 4424 10898
4424 10898 13855
2693 4260 8876
4260 2693 8876
8876 2693 4260
785 7447 9930
7447 785 9930
9930 785 7447
5392 10756 11142
11142 5392 10756
10756 5392 11142
1692 829 2107
829 1692 2107
2107 829 1692
5322 6133 9378
6133 5322 9378
9378 5322 6133
8317 2824 8550
2824 8317 8550
8550 2824 8317
13739 5599 6120
5599 6120 13739
6120 5599 13739
10737 7998 14258
7998 10737 14258
14258 7998 10737
8970 2825 5608
5608 2825 8970
2825 5608 8970
13623 3839 4845
4845 3839 13623
3839 4845 13623
13356 10399 12283
10399 12283 13356
12283 10399 13356
6311 2572 8908
8908 2572 6311
2572 6311 8908
12575 8116 9376
9376 8116 12575
8116 9376 12575
544 2766 3944
2766 544 3944
3944 544 2766
14617 8 8456
8 8456 14617
8456 8 14617
2724 8363 8914
8363 2724 8914
8914 2724 8363
4152 3036 14844
14844 3036 4152
3036 4152 14844
1640 2303 13882
13882 1640 2303
2303 1640 13882
6355 5483 11054
11054 5483 6355
5483 6355 11054
1593 1691 3439
1691 1593 3439
3439 1593 1691
10682 3328 9440
9440 3328 10682
3328 9440 10682
11287 2975 3829
2975 3829 11287
3829 2975 11287
7123 2589 7885
2589 7123 7885
7885 2589 7123
2864 7605 10800
10800 2864 7605
7605 2864 10800
1448 1694 9357
9357 1448 1694
1694 1448 9357
8399 9432 13111
9432 8399 13111
13111 8399 9432
4417 2076 10358
10358 2076 4417
2076 4417 10358
12524 5763 13614
13614 5763 12524
5763 12524 13614
13928 9506 11585
11585 9506 13928
9506 11585 13928
116 814 9723
814 116 9723
9723 116 814
10563 188 8167
8167 188 10563
188 8167 10563
9369 11423 12217
12217 9369 11423
11423 9369 12217
4571 1608 14070
14070 1608 4571
1608 4571 14070
9583 9899 14002
9899 9583 14002
14002 9583 9899
5633 11155 12767
11155 5633 12767
12767 5633 11155
2587 3920 6658
3920 2587 6658
6658 2587 3920
10148 606 2786
2786 606 10148
606 2786 10148
4205 8263 8936
8936 4205 8263
8263 4205 8936
494 4913 10054
10054 494 4913
4913 494 10054
12601 13967 14343
13967 12601 14343
14343 12601 13967
10290 5636 12827
12827 5636 10290
5636 10290 12827
4244 6081 7784
6081 4244 7784
7784 4244 6081
1798 5434 9226
5434 1798 9226
9226 1798 5434
3455 2669 14509
2669 3455 14509
14509 2669 3455
1151 3886 11332
3886 1151 11332
11332 1151 3886
5670 2050 8912
2050 5670 8912
8912 2050 5670
10940 8962 12426
8962 10940 12426
12426 8962 10940
10101 4109 10673
4109 10101 10673
10673 4109 10101
12763 3846 6460
6460 3846 12763
3846 6460 12763
6188 12288 12394
12394 6188 12288
12288 6188 12394
1812 4870 7673
7673 1812 4870
4870 1812 7673
13971 732 14568
732 13971 14568
14568 732 13971
647 3472 5491
3472 647 5491
5491 647 3472
9179 4614 5938
4614 5938 9179
5938 4614 9179
3997 630 6976
6976 630 3997
630 3997 6976
7752 5737 10977
10977 5737 7752
5737 7752 10977
359 3366 13310
3366 359 13310
13310 359 3366
12904 3006 6709
6709 3006 12904
3006 6709 12904
14314 6994 9621
6994 9621 14314
9621 6994 14314
9334 4788 13199
4788 9334 13199
13199 4788 9334
5297 4289 14872
4289 5297 14872
14872 4289 5297
14289 1866 4233
4233 1866 14289
1866 4233 14289
10104 7413 9474
9474 7413 10104
7413 9474 10104
8799 3499 12087
12087 3499 8799
3499 8799 12087
10063 4770 15000
4770 10063 15000
15000 4770 10063
6978 7781 13874
7781 6978 13874
13874 6978 7781
8066 3345 9637
9637 3345 8066
3345 8066 9637
13611 5089 12544
12544 5089 13611
5089 12544 13611
1123 6535 7186
7186 1123 6535
6535 1123 7186
4908 2388 11474
11474 2388 4908
2388 4908 11474
10469 10712 14293
10712 10469 14293
14293 10469 10712
7838 4538 13151
4538 7838 13151
13151 4538 7838
12777 3067 5442
5442 3067 12777
3067 5442 12777
2852 7787 9633
9633 2852 7787
7787 2852 9633
1682 4909 9570
9570 1682 4909
4909 1682 9570
4395 3823 11095
3823 4395 11095
11095 3823 4395
7188 4451 8601
4451 7188 8601
8601 4451 7188
987 3408 11975
11975 987 3408
3408 987 11975
10188 859 1578
859 1578 10188
1578 859 10188
5448 10734 11055
11055 5448 10734
10734 5448 11055
12968 1689 3005
3005 1689 12968
1689 3005 12968
4441 4621 14773
4621 4441 14773
14773 4441 4621
1768 5178 9763
9763 1768 5178
5178 1768 9763
4893 7181 8158
7181 4893 8158
8158 4893 7181
9656 7070 9934
7070 9656 9934
9934 7070 9656
9168 3564 12723
12723 3564 9168
3564 9168 12723
12883 78 7451
7451 78 12883
78 7451 12883
1862 2311 9625
9625 1862 2311
2311 1862 9625
3561 6160 14507
6160 3561 14507
14507 3561 6160
14495 6255 6891
6255 6891 14495
6891 6255 14495
561 9559 13802
9559 561 13802
13802 561 9559
12799 5757 12703
5757 12703 12799
12703 5757 12799
3865 9022 11632
11632 3865 9022
9022 3865 11632
3387 2689 2953
2953 2689 3387
2689 2953 3387
13040 7642 14948
7642 13040 14948
14948 7642 13040
11138 165 9251
9251 165 11138
165 9251 11138
10988 2850 11242
11242 2850 10988
2850 10988 11242
1716 2226 13219
2226 1716 13219
13219 1716 2226
5436 3705 13908
13908 3705 5436
3705 5436 13908
3477 2607 13115
13115 2607 3477
2607 3477 13115
2571 639 14542
14542 639 2571
639 2571 14542
4961 4410 13638
13638 4410 4961
4410 4961 13638
8513 115 10692
10692 115 8513
115 8513 10692
5583 7089 13818
7089 5583 13818
13818 5583 7089
12277 3246 8062
3246 8062 12277
8062 3246 12277
4922 4086 9680
9680 4086 4922
4086 4922 9680
10942 8904 10637
8904 10637 10942
10637 8904 10942
9348 2537 3290
2537 3290 9348
3290 2537 9348
11992 7839 7873
7839 7873 11992
7873 7839 11992
11248 9112 14897
14897 9112 11248
9112 11248 14897
9929 512 9783
9783 512 9929
512 9783 9929
3521 6905 13984
13984 3521 6905
6905 3521 13984
10144 3736 8069
8069 3736 10144
3736 8069 10144
12757 4484 13694
13694 4484 12757
4484 12757 13694
4143 4170 9265
4170 4143 9265
9265 4143 4170
9849 3573 14714
14714 3573 9849
3573 9849 14714
2010 7940 8505
8505 2010 7940
7940 2010 8505
3468 10184 11469
11469 3468 10184
10184 3468 11469
9845 8547 13326
13326 8547 9845
8547 9845 13326
3042 9436 10202
9436 3042 10202
10202 3042 9436
6806 1883 14491
1883 6806 14491
14491 1883 6806
8265 7627 8013
7627 8013 8265
8013 7627 8265
1785 3234 3283
3234 1785 3283
3283 1785 3234
13175 10247 11876
11876 10247 13175
10247 11876 13175
2907 539 5766
539 2907 5766
5766 539 2907
14744 758 5145
5145 758 14744
758 5145 14744
5631 10243 14966
14966 5631 10243
10243 5631 14966
10014 1006 14589
1006 10014 14589
14589 1006 10014
2638 8410 10310
10310 2638 8410
8410 2638 10310
10880 2310 5404
5404 2310 10880
2310 5404 10880
4793 3193 5939
3193 4793 5939
5939 3193 4793
10180 2145 14053
2145 10180 14053
14053 2145 10180
12547 5163 8527
5163 8527 12547
8527 5163 12547
8503 6859 11411
6859 8503 11411
11411 6859 8503
2456 62 12572
12572 62 2456
62 2456 12572
2161 10952 14769
14769 2161 10952
10952 2161 14769
13603 3984 5159
5159 3984 13603
3984 5159 13603
5951 3498 7525
3498 5951 7525
7525 3498 5951
4294 6463 9746
6463 4294 9746
9746 4294 6463
1177 7955 9197
9197 1177 7955
7955 1177 9197
2296 1301 8343
1301 2296 8343
8343 1301 2296
4657 6223 12332
6223 4657 12332
12332 4657 6223
6610 635 816
816 635 6610
635 816 6610
7380 4600 4882
4600 4882 7380
4882 4600 7380
9558 10893 13780
10893 9558 13780
13780 9558 10893
2814 12262 13581
12262 2814 13581
13581 2814 12262
8621 559 12605
12605 559 8621
559 8621 12605
13707 2748 14863
14863 2748 13707
2748 13707 14863
4960 2376 3225
3225 2376 4960
2376 3225 4960
4209 3198 14378
14378 3198 4209
3198 4209 14378
14022 5816 14822
14822 5816 14022
5816 14022 14822
2986 9699 12470
12470 2986 9699
9699 2986 12470
3268 4773 6009
4773 3268 6009
6009 3268 4773
3756 9328 12903
9328 3756 12903
12903 3756 9328
8872 6206 12210
6206 8872 12210
12210 6206 8872
609 8380 14890
8380 609 14890
14890 609 8380
2760 757 13421
757 2760 13421
13421 757 2760
5041 9645 11288
11288 5041 9645
9645 5041 11288
11247 1451 11496
1451 11247 11496
11496 1451 11247
3818 1120 3445
1120 3445 3818
3445 1120 3818
5224 177 10715
10715 177 5224
177 5224 10715
14418 10052 12104
10052 12104 14418
12104 10052 14418
1428 3191 3770
3770 1428 3191
3191 1428 3770
1344 1022 5025
5025 1022 1344
1022 1344 5025
7449 2051 12840
12840 2051 7449
2051 7449 12840
1278 7484 11236
11236 1278 7484
7484 1278 11236
879 5105 6883
6883 879 5105
5105 879 6883
14655 1275 13338
1275 13338 14655
13338 1275 14655
1746 1821 1989
1821 1746 1989
1989 1746 1821
14335 6802 11887
11887 6802 14335
6802 11887 14335
3124 5264 8192
5264 3124 8192
8192 3124 5264
14054 11037 11855
11037 11855 14054
11855 11037 14054
10007 3569 11805
11805 3569 10007
3569 10007 11805
12389 2733 6979
2733 6979 12389
6979 2733 12389
2398 7552 12258
7552 2398 12258
12258 2398 7552
10299 1983 8095
1983 8095 10299
8095 1983 10299
2716 11512 14552
14552 2716 11512
11512 2716 14552
4000 9312 13572
13572 4000 9312
9312 4000 13572
2488 6879 10642
6879 2488 10642
10642 2488 6879
4222 11468 12975
12975 4222 11468
11468 4222 12975
511 7199 9036
7199 511 9036
9036 511 7199
1902 10214 11032
11032 1902 10214
10214 1902 11032
10496 3478 8736
3478 8736 10496
8736 3478 10496
1571 8707 12647
8707 1571 12647
12647 1571 8707
14493 7811 14904
7811 14493 14904
14904 7811 14493
7420 7437 13255
13255 7420 7437
7437 7420 13255
13273 10361 14191
14191 10361 13273
10361 13273 14191
2681 5730 14560
5730 2681 14560
14560 2681 5730
1700 4552 14545
4552 1700 14545
14545 1700 4552
4768 846 12842
846 4768 12842
12842 846 4768
5172 6944 8479
6944 5172 8479
8479 5172 6944
12779 7833 12248
7833 12248 12779
12248 7833 12779
10291 13054 14756
14756 10291 13054
13054 10291 14756
10432 5899 12519
12519 5899 10432
5899 10432 12519
9327 5324 5716
5716 5324 9327
5324 5716 9327
11137 6515 9547
9547 6515 11137
6515 9547 11137
13681 3627 7333
7333 3627 13681
3627 7333 13681
678 534 852
852 534 678
534 678 852
12322 4145 6992
4145 6992 12322
6992 4145 12322
8570 1724 13955
13955 1724 8570
1724 8570 13955
4276 1516 2661
1516 2661 4276
2661 1516 4276
7610 8213 9132
9132 7610 8213
8213 7610 9132
1839 226 5872
5872 226 1839
226 1839 5872
10438 1054 8526
8526 1054 10438
1054 8526 10438
243 3972 4288
3972 243 4288
4288 243 3972
7172 10258 14747
10258 7172 14747
14747 7172 10258
7973 287 13835
13835 287 7973
287 7973 13835
9853 2201 12887
12887 2201 9853
2201 9853 12887
3649 4586 10249
10249 3649 4586
4586 3649 10249
1675 4685 7150
4685 1675 7150
7150 1675 4685
7899 4064 6010
6010 4064 7899
4064 6010 7899
8140 11663 12324
11663 8140 12324
12324 8140 11663
11922 7629 7771
7771 7629 11922
7629 7771 11922
6219 8450 11836
8450 6219 11836
11836 6219 8450
5427 6550 10205
6550 5427 10205
10205 5427 6550
6174 9600 10564
9600 6174 10564
10564 6174 9600
2538 9307 12350
9307 2538 12350
12350 2538 9307
1075 10539 13116
13116 1075 10539
10539 1075 13116
1028 10155 13274
13274 1028 10155
10155 1028 13274
3537 2263 10173
10173 2263 3537
2263 3537 10173
7040 4525 14534
4525 7040 14534
14534 4525 7040
12191 1629 13934
13934 1629 12191
1629 12191 13934
3570 896 11634
896 3570 11634
11634 896 3570
8833 2602 11154
2602 8833 11154
11154 2602 8833
11993 761 5384
761 5384 11993
5384 761 11993
8966 10749 11711
10749 8966 11711
11711 8966 10749
14302 5202 8913
5202 8913 14302
8913 5202 14302
4539 3295 5883
5883 3295 4539
3295 4539 5883
5044 400 4856
400 4856 5044
4856 400 5044
9010 1873 6455
6455 1873 9010
1873 6455 9010
12181 4504 8737
8737 4504 12181
4504 8737 12181
1487 3500 12986
12986 1487 3500
3500 1487 12986
10518 3911 7305
7305 3911 10518
3911 7305 10518
37 3924 5336
3924 37 5336
5336 37 3924
3763 9782 12634
9782 3763 12634
12634 3763 9782
599 5433 5525
5433 599 5525
5525 599 5433
14691 1376 4624
4624 1376 14691
1376 4624 14691
396 2831 5933
5933 396 2831
2831 396 5933
13840 4419 8487
8487 4419 13840
4419 8487 13840
11073 5295 7109
7109 5295 11073
5295 7109 11073
13976 1249 14669
14669 1249 13976
1249 13976 14669
2913 3248 4351
3248 2913 4351
4351 2913 3248
10470 1485 2777
1485 2777 10470
2777 1485 10470
12102 9917 10383
9917 10383 12102
10383 9917 12102
5278 8421 10950
8421 5278 10950
10950 5278 8421
4873 3277 3835
3835 3277 4873
3277 3835 4873
10665 1859 14154
1859 10665 14154
14154 1859 10665
8406 191 14994
14994 191 8406
191 8406 14994
5475 2703 6066
6066 2703 5475
2703 5475 6066
5567 9353 14007
14007 5567 9353
9353 5567 14007
7158 1568 9065
9065 1568 7158
1568 7158 9065
519 7340 14954
14954 519 7340
7340 519 14954
10705 5847 10812
5847 10705 10812
10812 5847 10705
6437 332 495
495 332 6437
332 495 6437
10900 8809 14933
14933 8809 10900
8809 10900 14933
7085 9190 12581
12581 7085 9190
9190 7085 12581
6841 4868 4900
4900 4868 6841
4868 4900 6841
8877 3651 8173
8173 3651 8877
3651 8173 8877
11494 3131 6693
6693 3131 11494
3131 6693 11494
4319 13751 14107
13751 4319 14107
14107 4319 13751
2770 7094 14111
14111 2770 7094
7094 2770 14111
9247 6715 13230
6715 9247 13230
13230 6715 9247
3871 2236 11840
11840 2236 3871
2236 3871 11840
2682 8031 8604
8031 2682 8604
8604 2682 8031
1779 8386 10072
8386 1779 10072
10072 1779 8386
458 3243 11273
3243 458 11273
11273 458 3243
5783 10319 14045
10319 5783 14045
14045 5783 10319
9829 8886 11428
11428 8886 9829
8886 9829 11428
4127 4408 12626
12626 4127 4408
4408 4127 12626
9966 4969 6394
6394 4969 9966
4969 6394 9966
11356 8084 12997
8084 11356 12997
12997 8084 11356
12176 3347 12442
3347 12176 12442
12442 3347 12176
7368 158 10405
10405 158 7368
158 7368 10405
2523 7709 10759
7709 2523 10759
10759 2523 7709
8906 441 1630
441 1630 8906
1630 441 8906
12105 9527 13037
13037 9527 12105
9527 12105 13037
5965 1926 11629
11629 1926 5965
1926 5965 11629
9052 2347 3773
2347 3773 9052
3773 2347 9052
10624 9631 12116
12116 9631 10624
9631 10624 12116
13927 1446 12472
1446 12472 13927
12472 1446 13927
950 9241 9377
9377 950 9241
9241 950 9377
4956 8631 13055
8631 4956 13055
13055 4956 8631
5300 3128 5359
5359 3128 5300
3128 5300 5359
7883 3485 3788
3485 3788 7883
3788 3485 7883
13480 2969 13999
13999 2969 13480
2969 13480 13999
7920 4700 5451
5451 4700 7920
4700 5451 7920
11398 3867 13684
3867 11398 13684
13684 3867 11398
13313 8934 12319
12319 8934 13313
8934 12319 13313
10000 1515 3594
1515 3594 10000
3594 1515 10000
12790 2709 10401
10401 2709 12790
2709 10401 12790
12215 1932 10611
10611 1932 12215
1932 10611 12215
523 3330 7028
3330 523 7028
7028 523 3330
9891 7541 8347
7541 8347 9891
8347 7541 9891
7986 6166 6373
6373 6166 7986
6166 6373 7986
8453 6848 13292
6848 8453 13292
13292 6848 8453
12173 1580 9643
1580 9643 12173
9643 1580 12173
2839 715 8135
715 2839 8135
8135 715 2839
9452 8367 10222
10222 8367 9452
8367 9452 10222
963 5077 11340
5077 963 11340
11340 963 5077
13723 5664 7355
7355 5664 13723
5664 7355 13723
10676 192 11184
192 10676 11184
11184 192 10676
5596 8014 10487
8014 5596 10487
10487 5596 8014
3640 4015 4866
4015 3640 4866
4866 3640 4015
4201 2757 10626
2757 4201 10626
10626 2757 4201
7450 1739 6142
1739 6142 7450
6142 1739 7450
5167 11504 14118
11504 5167 14118
14118 5167 11504
616 1524 2328
2328 616 1524
1524 616 2328
14019 4161 13691
4161 13691 14019
13691 4161 14019
6721 95 436
95 436 6721
436 95 6721
921 2918 9749
9749 921 2918
2918 921 9749
12551 2175 12424
2175 12424 12551
12424 2175 12551
7753 9287 11673
11673 7753 9287
9287 7753 11673
9081 6440 13495
6440 9081 13495
13495 6440 9081
13209 6931 13446
13446 6931 13209
6931 13209 13446
4861 8896 10585
10585 4861 8896
8896 4861 10585
1125 333 8425
333 1125 8425
8425 333 1125
10876 5023 11148
5023 10876 11148
11148 5023 10876
10875 1231 13376
13376 1231 10875
1231 10875 13376
14026 6148 11433
6148 11433 14026
11433 6148 14026
7956 5519 7177
7177 5519 7956
5519 7177 7956
9463 8048 8566
8566 8048 9463
8048 8566 9463
6561 389 7608
389 6561 7608
7608 389 6561
3798 5137 13213
5137 3798 13213
13213 3798 5137
8416 3511 7936
7936 3511 8416
3511 7936 8416
11691 3440 12137
3440 11691 12137
12137 3440 11691
52 252 899
252 52 899
899 52 252
11276 7937 11129
11129 7937 11276
7937 11129 11276
13974 13068 13790
13790 13068 13974
13068 13790 13974
1605 4013 13643
4013 1605 13643
13643 1605 4013
1722 909 13586
13586 909 1722
909 1722 13586
917 14766 14999
14999 917 14766
14766 917 14999
2393 5893 8711
8711 2393 5893
5893 2393 8711
14793 2668 5234
5234 2668 14793
2668 5234 14793
14594 1671 6970
6970 1671 14594
1671 6970 14594
14016 5473 5952
5473 5952 14016
5952 5473 14016
14448 3374 13979
13979 3374 14448
3374 13979 14448
8405 13963 14692
13963 8405 14692
14692 8405 13963
10819 5768 14299
5768 10819 14299
14299 5768 10819
3289 255 3992
255 3289 3992
3992 255 3289
9264 2728 3190
3190 2728 9264
2728 3190 9264
3983 9578 11254
11254 3983 9578
9578 3983 11254
1649 531 6029
531 1649 6029
6029 531 1649
3086 2180 8378
2180 3086 8378
8378 2180 3086
874 11044 12147
11044 874 12147
12147 874 11044
797 8560 10322
8560 797 10322
10322 797 8560
11915 1577 3967
3967 1577 11915
1577 3967 11915
7455 2106 8332
8332 2106 7455
2106 7455 8332
1896 5411 6967
6967 1896 5411
5411 1896 6967
5842 1512 8459
8459 1512 5842
1512 5842 8459
13965 3174 11816
11816 3174 13965
3174 11816 13965
1466 1781 9977
9977 1466 1781
1781 1466 9977
2307 6082 14517
6082 2307 14517
14517 2307 6082
2322 2861 3127
3127 2322 2861
2861 2322 3127
2863 762 4404
4404 762 2863
762 2863 4404
14102 10078 13977
10078 13977 14102
13977 10078 14102
6063 2100 10159
2100 6063 10159
10159 2100 6063
7409 2059 6026
2059 6026 7409
6026 2059 7409
1852 12650 14829
14829 1852 12650
12650 1852 14829
3266 7025 7357
7357 3266 7025
7025 3266 7357
12289 14056 14789
14789 12289 14056
14056 12289 14789
5843 654 1023
1023 654 5843
654 1023 5843
8063 7516 9683
7516 8063 9683
9683 7516 8063
2686 8201 10912
10912 2686 8201
8201 2686 10912
13041 4241 14377
14377 4241 13041
4241 13041 14377
14486 4458 13919
4458 13919 14486
13919 4458 14486
12072 2346 9608
9608 2346 12072
2346 9608 12072
2509 4970 6388
6388 2509 4970
4970 2509 6388
7573 7779 10029
7779 7573 10029
10029 7573 7779
3689 9235 11790
11790 3689 9235
9235 3689 11790
405 4959 12351
4959 405 12351
12351 405 4959
12071 893 8146
893 8146 12071
8146 893 12071
2862 7213 8493
8493 2862 7213
7213 2862 8493
4601 1342 8004
8004 1342 4601
1342 4601 8004
3893 9910 12406
12406 3893 9910
9910 3893 12406
11674 6479 7615
7615 6479 11674
6479 7615 11674
7402 1975 9195
9195 1975 7402
1975 7402 9195
8691 8015 12095
8015 8691 12095
12095 8015 8691
8377 8893 14719
8893 8377 14719
14719 8377 8893
10379 4442 5028
4442 5028 10379
5028 4442 10379
4858 1224 13942
13942 1224 4858
1224 4858 13942
4792 7082 7563
7563 4792 7082
7082 4792 7563
8543 1522 6892
6892 1522 8543
1522 6892 8543
13791 771 11645
11645 771 13791
771 11645 13791
7463 2512 8038
2512 7463 8038
8038 2512 7463
1368 9924 12955
9924 1368 12955
12955 1368 9924
13148 1651 10400
1651 10400 13148
10400 1651 13148
13027 2197 3800
2197 3800 13027
3800 2197 13027
6282 6900 14039
6900 6282 14039
14039 6282 6900
12032 4058 11121
11121 4058 12032
4058 11121 12032
5484 12160 13663
13663 5484 12160
12160 5484 13663
7098 10600 14553
10600 7098 14553
14553 7098 10600
7723 2088 7511
7511 2088 7723
2088 7511 7723
11172 3923 9349
3923 9349 11172
9349 3923 11172
1270 1395 11218
1395 1270 11218
11218 1270 1395
2195 7048 12323
12323 2195 7048
7048 2195 12323
9615 13798 14272
13798 9615 14272
14272 9615 13798
5098 7681 14866
14866 5098 7681
7681 5098 14866
461 3003 4455
3003 461 4455
4455 461 3003
9993 6459 11048
6459 9993 11048
11048 6459 9993
7804 4094 7270
4094 7270 7804
7270 4094 7804
8755 12149 13258
