38283 110352 127272
110352 38283 127272
127272 38283 110352
61961 40360 100361
100361 40360 61961
40360 61961 100361
93101 49661 136351
49661 93101 136351
136351 49661 93101
19350 87751 92184
92184 19350 87751
87751 19350 92184
84242 12982 46480
46480 12982 84242
12982 46480 84242
70065 65072 111653
111653 65072 70065
65072 70065 111653
62760 6011 91539
91539 6011 62760
6011 62760 91539
66734 21133 144243
21133 66734 144243
144243 21133 66734
146670 87216 123073
87216 123073 146670
123073 87216 146670
142140 120328 124553
124553 120328 142140
120328 124553 142140
99668 27836 100747
27836 99668 100747
100747 27836 99668
60620 71827 108064
71827 60620 108064
108064 60620 71827
15548 47970 101460
101460 15548 47970
47970 15548 101460
121287 39936 43080
43080 39936 121287
39936 43080 121287
107873 8654 139674
8654 107873 139674
139674 8654 107873
80804 54074 122470
122470 54074 80804
54074 80804 122470
58561 26316 101943
101943 26316 58561
26316 58561 101943
57957 5536 65774
65774 5536 57957
5536 57957 65774
91203 73501 136064
136064 73501 91203
73501 91203 136064
94356 72308 125535
125535 72308 94356
72308 94356 125535
142309 4397 128385
4397 128385 142309
128385 4397 142309
9837 52967 132279
52967 9837 132279
132279 9837 52967
117708 41860 74922
41860 74922 117708
74922 41860 117708
129782 60841 108058
60841 108058 129782
108058 60841 129782
144676 33228 115150
33228 115150 144676
115150 33228 144676
19458 83592 101261
101261 19458 83592
83592 19458 101261
135608 18524 130893
130893 18524 135608
18524 130893 135608
37321 68222 140926
68222 37321 140926
140926 37321 68222
65791 51995 63774
63774 51995 65791
51995 63774 65791
110584 9900 29269
29269 9900 110584
9900 29269 110584
119450 77984 142440
77984 119450 142440
142440 77984 119450
117710 146021 148593
146021 117710 148593
148593 117710 146021
141959 101201 128890
128890 101201 141959
101201 128890 141959
61785 41118 146136
41118 61785 146136
146136 41118 61785
55959 10785 112310
10785 55959 112310
112310 10785 55959
6335 43602 102621
43602 6335 102621
102621 6335 43602
98140 35953 139625
35953 98140 139625
139625 35953 98140
116883 51288 104455
104455 51288 116883
51288 104455 116883
118121 2891 107379
107379 2891 118121
2891 107379 118121
103802 73363 121120
73363 103802 121120
121120 73363 103802
58685 41433 46345
46345 41433 58685
41433 46345 58685
109025 3113 80123
3113 80123 109025
80123 3113 109025
140781 20701 74663
74663 20701 140781
20701 74663 140781
16547 46401 95034
95034 16547 46401
46401 16547 95034
83863 90666 135523
135523 83863 90666
90666 83863 135523
8322 144496 146227
146227 8322 144496
144496 8322 146227
103039 8620 116066
116066 8620 103039
8620 103039 116066
66123 38264 138074
138074 38264 66123
38264 66123 138074
106232 36493 50214
36493 50214 106232
50214 36493 106232
2278 90903 142464
142464 2278 90903
90903 2278 142464
114993 113073 136399
136399 113073 114993
113073 114993 136399
87722 56793 81670
56793 81670 87722
81670 56793 87722
132385 11847 90664
11847 90664 132385
90664 11847 132385
59116 48733 125346
125346 48733 59116
48733 59116 125346
78961 48152 126194
48152 78961 126194
126194 48152 78961
54790 11682 70246
70246 11682 54790
11682 54790 70246
70187 46482 120327
46482 70187 120327
120327 46482 70187
143606 54102 63869
63869 54102 143606
54102 63869 143606
61528 42789 87506
42789 61528 87506
87506 42789 61528
7424 21970 131320
21970 7424 131320
131320 7424 21970
4503 27246 95435
27246 4503 95435
95435 4503 27246
133448 6475 26819
6475 26819 133448
26819 6475 133448
143975 54854 101990
101990 54854 143975
54854 101990 143975
146770 17106 54048
17106 54048 146770
54048 17106 146770
28479 59320 86547
86547 28479 59320
59320 28479 86547
36436 2017 50283
2017 36436 50283
50283 2017 36436
8952 31301 97573
31301 8952 97573
97573 8952 31301
44526 18877 62235
18877 44526 62235
62235 18877 44526
2719 68071 132106
132106 2719 68071
68071 2719 132106
122414 15356 31530
15356 31530 122414
31530 15356 122414
139515 120345 120612
120612 120345 139515
120345 120612 139515
85450 12931 68250
12931 68250 85450
68250 12931 85450
85578 76743 103097
76743 85578 103097
103097 76743 85578
111527 4385 31660
31660 4385 111527
4385 31660 111527
3302 14436 55732
14436 3302 55732
55732 3302 14436
97934 17671 21996
21996 17671 97934
17671 21996 97934
14055 95919 110643
95919 14055 110643
110643 14055 95919
93357 45277 92732
92732 45277 93357
45277 92732 93357
89740 87768 142619
142619 87768 89740
87768 89740 142619
67498 101492 133019
101492 67498 133019
133019 67498 101492
12526 46412 134223
46412 12526 134223
134223 12526 46412
136225 10955 104177
10955 104177 136225
104177 10955 136225
123531 36831 123997
36831 123531 123997
123997 36831 123531
94128 18386 49563
49563 18386 94128
18386 49563 94128
27182 2688 87366
2688 27182 87366
87366 2688 27182
37837 103928 108218
108218 37837 103928
103928 37837 108218
82420 9698 135167
135167 9698 82420
9698 82420 135167
110817 13091 134690
13091 110817 134690
134690 13091 110817
967 104669 118873
118873 967 104669
104669 967 118873
15379 12685 134204
12685 15379 134204
134204 12685 15379
75989 59581 139823
139823 59581 75989
59581 75989 139823
101845 32592 117261
32592 101845 117261
117261 32592 101845
34400 8333 58095
58095 8333 34400
8333 34400 58095
137167 99388 128418
128418 99388 137167
99388 128418 137167
55897 10131 99467
10131 55897 99467
99467 10131 55897
130222 34394 115712
115712 34394 130222
34394 115712 130222
95392 86575 127703
127703 86575 95392
86575 95392 127703
13881 70876 78468
70876 13881 78468
78468 13881 70876
5315 29667 76187
76187 5315 29667
29667 5315 76187
39202 2662 15637
15637 2662 39202
2662 15637 39202
137349 21565 70898
70898 21565 137349
21565 70898 137349
71368 41128 126020
41128 71368 126020
126020 41128 71368
4966 79121 86498
79121 4966 86498
86498 4966 79121
130627 13109 138053
13109 130627 138053
138053 13109 130627
45559 51184 52510
52510 45559 51184
51184 45559 52510
70264 70830 136771
70830 70264 136771
136771 70264 70830
4972 6882 94414
94414 4972 6882
6882 4972 94414
50198 20948 122474
122474 20948 50198
20948 50198 122474
33955 38622 65217
38622 33955 65217
65217 33955 38622
103557 42009 49207
42009 49207 103557
49207 42009 103557
66509 47325 116947
116947 47325 66509
47325 66509 116947
34345 3778 25139
25139 3778 34345
3778 25139 34345
97865 36980 129298
129298 36980 97865
36980 97865 129298
59266 62193 140386
62193 59266 140386
140386 59266 62193
57028 19139 42599
19139 42599 57028
42599 19139 57028
54225 34906 48954
48954 34906 54225
34906 48954 54225
2950 2742 48436
2742 2950 48436
48436 2742 2950
2757 102715 107644
107644 2757 102715
102715 2757 107644
5562 77044 120199
77044 5562 120199
120199 5562 77044
115629 662 107912
107912 662 115629
662 107912 115629
109380 41073 87702
41073 87702 109380
87702 41073 109380
82710 5424 120120
5424 82710 120120
120120 5424 82710
139757 37471 120078
37471 120078 139757
120078 37471 139757
87153 6939 122713
6939 87153 122713
122713 6939 87153
60514 61719 116895
116895 60514 61719
61719 60514 116895
18239 95229 103931
103931 18239 95229
95229 18239 103931
124542 36498 48287
48287 36498 124542
36498 48287 124542
4150 4929 32307
32307 4150 4929
4929 4150 32307
5914 27253 93506
27253 5914 93506
93506 5914 27253
37031 2465 62398
62398 2465 37031
2465 37031 62398
51539 28961 82581
82581 28961 51539
28961 51539 82581
70587 18227 52152
52152 18227 70587
18227 52152 70587
124050 25872 28069
28069 25872 124050
25872 28069 124050
38250 32215 72645
32215 38250 72645
72645 32215 38250
32008 51358 148697
148697 32008 51358
51358 32008 148697
101736 32568 119685
119685 32568 101736
32568 101736 119685
65998 60391 127718
127718 60391 65998
60391 65998 127718
26330 106056 114100
106056 26330 114100
114100 26330 106056
94101 107822 129739
107822 94101 129739
129739 94101 107822
76437 69223 93488
93488 69223 76437
69223 76437 93488
39611 29860 89864
29860 39611 89864
89864 29860 39611
84128 35906 65976
65976 35906 84128
35906 65976 84128
353 5916 26043
26043 353 5916
5916 353 26043
131963 38103 97461
38103 97461 131963
97461 38103 131963
63900 78483 104492
104492 63900 78483
78483 63900 104492
109889 23076 133405
133405 23076 109889
23076 109889 133405
116716 104915 136954
136954 104915 116716
104915 116716 136954
99073 52740 128064
52740 99073 128064
128064 52740 99073
28660 11755 104905
104905 11755 28660
11755 28660 104905
138649 75878 95629
95629 75878 138649
75878 95629 138649
63589 29831 121406
121406 29831 63589
29831 63589 121406
136211 13441 48616
13441 48616 136211
48616 13441 136211
3699 83871 96595
83871 3699 96595
96595 3699 83871
47255 109107 140616
109107 47255 140616
140616 47255 109107
74765 15808 71438
15808 71438 74765
71438 15808 74765
80580 93291 134221
134221 80580 93291
93291 80580 134221
102709 72095 108909
72095 102709 108909
108909 72095 102709
48490 57722 101603
101603 48490 57722
57722 48490 101603
79992 37911 53155
53155 37911 79992
37911 53155 79992
40283 57110 93346
57110 40283 93346
93346 40283 57110
114990 16646 86169
16646 86169 114990
86169 16646 114990
110245 88931 101661
101661 88931 110245
88931 101661 110245
100658 35585 57821
57821 35585 100658
35585 57821 100658
78418 81775 103866
103866 78418 81775
81775 78418 103866
131683 17914 70559
17914 70559 131683
70559 17914 131683
46671 65576 71626
71626 46671 65576
65576 46671 71626
133476 16811 37707
16811 37707 133476
37707 16811 133476
7924 8512 141687
141687 7924 8512
8512 7924 141687
132280 60959 101699
101699 60959 132280
60959 101699 132280
33696 70044 123200
123200 33696 70044
70044 33696 123200
51089 105171 117072
117072 51089 105171
105171 51089 117072
114235 35384 40422
40422 35384 114235
35384 40422 114235
105592 86850 125490
86850 105592 125490
125490 86850 105592
4777 47434 99596
99596 4777 47434
47434 4777 99596
122895 21830 73656
21830 73656 122895
73656 21830 122895
37174 15814 120205
120205 15814 37174
15814 37174 120205
4143 75545 123025
123025 4143 75545
75545 4143 123025
148209 31431 126572
126572 31431 148209
31431 126572 148209
67746 91411 95038
91411 67746 95038
95038 67746 91411
138348 31828 127372
31828 127372 138348
127372 31828 138348
131173 1925 20816
1925 20816 131173
20816 1925 131173
21236 60428 114891
60428 21236 114891
114891 21236 60428
136929 72135 80169
72135 80169 136929
80169 72135 136929
44284 46139 74173
74173 44284 46139
46139 44284 74173
42133 132930 142401
132930 42133 142401
142401 42133 132930
131068 14060 83917
14060 83917 131068
83917 14060 131068
19635 25635 128088
25635 19635 128088
128088 19635 25635
122256 50635 119936
119936 50635 122256
50635 119936 122256
139220 77337 79129
79129 77337 139220
77337 79129 139220
48957 51226 95073
51226 48957 95073
95073 48957 51226
35228 7797 86659
86659 7797 35228
7797 35228 86659
23276 43902 102939
102939 23276 43902
43902 23276 102939
111405 81422 113754
113754 81422 111405
81422 111405 113754
36226 20329 139398
139398 20329 36226
20329 36226 139398
92424 42001 64643
64643 42001 92424
42001 64643 92424
123161 36270 68361
68361 36270 123161
36270 68361 123161
4252 91742 110328
110328 4252 91742
91742 4252 110328
118355 69850 97199
69850 97199 118355
97199 69850 118355
31554 2621 52863
52863 2621 31554
2621 31554 52863
72995 56486 92059
92059 56486 72995
56486 72995 92059
17064 7263 43882
7263 17064 43882
43882 7263 17064
31107 48160 67619
67619 31107 48160
48160 31107 67619
91315 98528 122032
98528 91315 122032
122032 91315 98528
80128 67533 118928
67533 80128 118928
118928 67533 80128
69479 67901 82401
67901 69479 82401
82401 67901 69479
17474 3836 122274
3836 17474 122274
122274 3836 17474
119182 45483 95913
45483 95913 119182
95913 45483 119182
120395 36975 46290
46290 36975 120395
36975 46290 120395
69360 11731 90700
11731 69360 90700
90700 11731 69360
49008 89763 106097
106097 49008 89763
89763 49008 106097
121021 50150 110872
50150 110872 121021
110872 50150 121021
128043 2874 43775
2874 43775 128043
43775 2874 128043
126367 47499 128233
128233 47499 126367
47499 126367 128233
141839 114864 141960
141960 114864 141839
114864 141839 141960
118915 77532 148374
77532 118915 148374
148374 77532 118915
106487 42608 79032
42608 79032 106487
79032 42608 106487
80451 144911 145298
144911 80451 145298
145298 80451 144911
53686 8242 76509
76509 8242 53686
8242 53686 76509
20955 31957 125926
125926 20955 31957
31957 20955 125926
61264 34580 105108
105108 34580 61264
34580 61264 105108
50290 62675 147802
147802 50290 62675
62675 50290 147802
138125 91967 130237
91967 130237 138125
130237 91967 138125
135896 91799 144944
144944 91799 135896
91799 135896 144944
7211 7782 123252
123252 7211 7782
7782 7211 123252
54844 83848 118090
118090 54844 83848
83848 54844 118090
100161 21897 61941
21897 61941 100161
61941 21897 100161
49332 116021 134248
116021 49332 134248
134248 49332 116021
48339 62082 125621
125621 48339 62082
62082 48339 125621
2805 36836 58135
36836 2805 58135
58135 2805 36836
47610 32618 33892
33892 32618 47610
32618 33892 47610
37068 48441 89106
89106 37068 48441
48441 37068 89106
102080 109639 149245
149245 102080 109639
109639 102080 149245
142259 90152 122101
90152 122101 142259
122101 90152 142259
36333 22995 141315
22995 36333 141315
141315 22995 36333
107002 92166 109018
92166 107002 109018
109018 92166 107002
94451 75181 132670
132670 75181 94451
75181 94451 132670
35594 86518 138433
86518 35594 138433
138433 35594 86518
140680 119846 139546
139546 119846 140680
119846 139546 140680
104750 86536 99494
86536 99494 104750
99494 86536 104750
85360 70525 129975
129975 70525 85360
70525 85360 129975
140349 29296 81177
29296 81177 140349
81177 29296 140349
45375 41425 46231
41425 45375 46231
46231 41425 45375
43559 113219 138593
138593 43559 113219
113219 43559 138593
17193 76173 86003
86003 17193 76173
76173 17193 86003
39015 6278 124490
6278 39015 124490
124490 6278 39015
50961 15005 16114
15005 16114 50961
16114 15005 50961
142405 50427 102896
50427 102896 142405
102896 50427 142405
1747 11196 48107
11196 1747 48107
48107 1747 11196
126765 83343 89092
89092 83343 126765
83343 89092 126765
61736 35237 117356
35237 61736 117356
117356 35237 61736
22139 30934 46834
30934 22139 46834
46834 22139 30934
34571 25115 96196
25115 34571 96196
96196 25115 34571
55806 11254 134501
11254 55806 134501
134501 11254 55806
18333 25394 48763
25394 18333 48763
48763 18333 25394
90890 38928 109887
109887 38928 90890
38928 90890 109887
112257 62515 133025
62515 112257 133025
133025 62515 112257
50058 44754 74560
44754 50058 74560
74560 44754 50058
98108 16202 45296
16202 45296 98108
45296 16202 98108
142835 8856 92868
92868 8856 142835
8856 92868 142835
79671 54179 60127
54179 60127 79671
60127 54179 79671
3401 24682 145656
24682 3401 145656
145656 3401 24682
72492 75699 88086
88086 72492 75699
75699 72492 88086
8423 110524 112239
110524 8423 112239
112239 8423 110524
122577 23857 30878
30878 23857 122577
23857 30878 122577
27903 37075 140591
140591 27903 37075
37075 27903 140591
102470 20677 44474
20677 44474 102470
44474 20677 102470
39758 112576 133779
112576 39758 133779
133779 39758 112576
42441 126681 147609
147609 42441 126681
126681 42441 147609
52828 98201 135390
135390 52828 98201
98201 52828 135390
23608 131032 145614
131032 23608 145614
145614 23608 131032
15218 115936 139919
115936 15218 139919
139919 15218 115936
98516 16291 35077
16291 35077 98516
35077 16291 98516
24901 95564 143333
95564 24901 143333
143333 24901 95564
100652 14731 89549
89549 14731 100652
14731 89549 100652
135142 29254 140722
29254 135142 140722
140722 29254 135142
75104 45614 48041
45614 48041 75104
48041 45614 75104
84668 118203 128110
128110 84668 118203
118203 84668 128110
94223 114507 139238
114507 94223 139238
139238 94223 114507
103137 55136 113948
55136 103137 113948
113948 55136 103137
37391 13651 108832
108832 13651 37391
13651 37391 108832
9867 51095 129713
51095 9867 129713
129713 9867 51095
20723 48783 70391
48783 20723 70391
70391 20723 48783
137127 116030 143046
143046 116030 137127
116030 137127 143046
30896 9929 68623
9929 30896 68623
68623 9929 30896
27941 71141 104422
104422 27941 71141
71141 27941 104422
72624 82704 113856
113856 72624 82704
82704 72624 113856
26156 16256 116013
116013 16256 26156
16256 26156 116013
20375 25527 28028
25527 20375 28028
28028 20375 25527
59803 13749 26002
26002 13749 59803
13749 26002 59803
139271 91815 100992
91815 100992 139271
100992 91815 139271
115794 59674 93455
59674 93455 115794
93455 59674 115794
82064 32751 75928
75928 32751 82064
32751 75928 82064
133139 100779 109361
100779 109361 133139
109361 100779 133139
48369 493 21266
493 21266 48369
21266 493 48369
37863 105457 106984
105457 37863 106984
106984 37863 105457
140314 8280 35699
8280 35699 140314
35699 8280 140314
86679 1742 141649
1742 86679 141649
141649 1742 86679
3671 29638 143225
29638 3671 143225
143225 3671 29638
19709 7734 33837
33837 7734 19709
7734 19709 33837
11685 29190 145947
29190 11685 145947
145947 11685 29190
44109 56629 69423
56629 44109 69423
69423 44109 56629
115306 9251 59321
59321 9251 115306
9251 59321 115306
81017 15708 58074
15708 58074 81017
58074 15708 81017
24350 29934 89348
89348 24350 29934
29934 24350 89348
38829 75695 144801
75695 38829 144801
144801 38829 75695
32336 29677 37849
29677 32336 37849
37849 29677 32336
132022 36090 144040
144040 36090 132022
36090 132022 144040
62454 7068 72948
7068 62454 72948
72948 7068 62454
147544 41609 79104
79104 41609 147544
41609 79104 147544
3139 41513 98167
98167 3139 41513
41513 3139 98167
55213 65302 141110
65302 55213 141110
141110 55213 65302
48173 60145 115049
60145 48173 115049
115049 48173 60145
79827 6648 13323
6648 13323 79827
13323 6648 79827
77559 52833 132693
52833 77559 132693
132693 52833 77559
48951 4249 13265
4249 13265 48951
13265 4249 48951
51932 86820 115322
86820 51932 115322
115322 51932 86820
65580 29 121016
29 65580 121016
121016 29 65580
75117 16549 31548
31548 16549 75117
16549 31548 75117
63494 19134 20176
19134 20176 63494
20176 19134 63494
133179 52888 59685
59685 52888 133179
52888 59685 133179
28122 48406 115599
115599 28122 48406
48406 28122 115599
102081 104642 125400
104642 102081 125400
125400 102081 104642
33995 1393 83383
1393 33995 83383
83383 1393 33995
94674 31557 73299
73299 31557 94674
31557 73299 94674
72985 11517 149745
149745 11517 72985
11517 72985 149745
137801 100911 125618
100911 125618 137801
125618 100911 137801
140636 64134 127168
64134 127168 140636
127168 64134 140636
133657 109286 122191
109286 122191 133657
122191 109286 133657
92384 77292 83397
83397 77292 92384
77292 83397 92384
141727 26113 28847
26113 28847 141727
28847 26113 141727
22890 51898 95872
51898 22890 95872
95872 22890 51898
119558 67085 101192
67085 101192 119558
101192 67085 119558
63592 74055 121936
74055 63592 121936
121936 63592 74055
81208 117732 135668
135668 81208 117732
117732 81208 135668
97655 11160 30410
11160 30410 97655
30410 11160 97655
25913 9967 73126
73126 9967 25913
9967 25913 73126
64483 51558 104567
104567 51558 64483
51558 64483 104567
3197 61099 90679
61099 3197 90679
90679 3197 61099
57230 56689 127916
56689 57230 127916
127916 56689 57230
8665 22720 85150
22720 8665 85150
85150 8665 22720
65014 92796 142917
142917 65014 92796
92796 65014 142917
95321 79580 141528
79580 95321 141528
141528 79580 95321
14981 41778 47926
41778 14981 47926
47926 14981 41778
34439 28162 67396
67396 28162 34439
28162 34439 67396
146596 10624 73217
73217 10624 146596
10624 73217 146596
15959 13062 46006
46006 13062 15959
13062 15959 46006
32897 2105 143519
143519 2105 32897
2105 32897 143519
149018 84000 120250
84000 120250 149018
120250 84000 149018
147747 33364 142372
33364 142372 147747
142372 33364 147747
54524 44001 52301
44001 52301 54524
52301 44001 54524
86050 102454 139377
139377 86050 102454
102454 86050 139377
38301 17220 130397
130397 17220 38301
17220 38301 130397
105701 81932 128092
128092 81932 105701
81932 105701 128092
29443 21627 53484
53484 21627 29443
21627 29443 53484
41521 61367 97170
61367 41521 97170
97170 41521 61367
82778 43826 117469
117469 43826 82778
43826 82778 117469
31433 7942 116417
116417 7942 31433
7942 31433 116417
146401 63214 85796
85796 63214 146401
63214 85796 146401
14495 56741 127721
127721 14495 56741
56741 14495 127721
5722 61291 123410
123410 5722 61291
61291 5722 123410
137343 21703 72113
72113 21703 137343
21703 72113 137343
41840 8544 58403
58403 8544 41840
8544 41840 58403
79820 106307 125290
106307 79820 125290
125290 79820 106307
19207 56581 129014
129014 19207 56581
56581 19207 129014
133759 22650 27584
22650 27584 133759
27584 22650 133759
53777 2139 52548
52548 2139 53777
2139 52548 53777
120537 41647 96102
41647 96102 120537
96102 41647 120537
41324 36145 132722
36145 41324 132722
132722 36145 41324
22185 79149 107647
107647 22185 79149
79149 22185 107647
143992 43635 76423
43635 76423 143992
76423 43635 143992
10304 105674 111958
105674 10304 111958
111958 10304 105674
67726 74036 112888
112888 67726 74036
74036 67726 112888
106532 51079 116775
51079 106532 116775
116775 51079 106532
13031 78921 128687
128687 13031 78921
78921 13031 128687
126201 119189 140025
140025 119189 126201
119189 126201 140025
118933 12590 148450
12590 118933 148450
148450 12590 118933
147597 5980 40481
5980 40481 147597
40481 5980 147597
105830 131125 134016
134016 105830 131125
131125 105830 134016
46092 46539 81587
81587 46092 46539
46539 46092 81587
67949 32238 68877
32238 67949 68877
68877 32238 67949
144521 103764 144019
103764 144019 144521
144019 103764 144521
59399 50255 104714
50255 59399 104714
104714 50255 59399
111715 82180 85944
85944 82180 111715
82180 85944 111715
65378 23111 27824
27824 23111 65378
23111 27824 65378
20311 61821 137893
137893 20311 61821
61821 20311 137893
42679 61003 99527
99527 42679 61003
61003 42679 99527
119654 74298 123404
123404 74298 119654
74298 119654 123404
121505 43211 115039
43211 115039 121505
115039 43211 121505
58889 58569 120381
120381 58569 58889
58569 58889 120381
84376 14629 122660
14629 84376 122660
122660 14629 84376
132934 11348 86144
11348 86144 132934
86144 11348 132934
26618 59947 145085
59947 26618 145085
145085 26618 59947
87861 31418 90656
90656 31418 87861
31418 87861 90656
118477 132373 135633
135633 118477 132373
132373 118477 135633
137667 22920 43543
43543 22920 137667
22920 43543 137667
90311 69493 71377
71377 69493 90311
69493 71377 90311
43490 97238 105413
97238 43490 105413
105413 43490 97238
117822 56983 86017
56983 86017 117822
86017 56983 117822
72635 6567 142910
142910 6567 72635
6567 72635 142910
42649 50933 96097
50933 42649 96097
96097 42649 50933
21369 30783 119951
30783 21369 119951
119951 21369 30783
36273 49114 89328
49114 36273 89328
89328 36273 49114
130065 47482 102691
102691 47482 130065
47482 102691 130065
68597 22247 84717
22247 68597 84717
84717 22247 68597
121515 35126 72053
35126 72053 121515
72053 35126 121515
65499 23335 67837
67837 23335 65499
23335 65499 67837
141642 29174 60210
29174 60210 141642
60210 29174 141642
137695 30881 131397
30881 131397 137695
131397 30881 137695
20941 31119 144699
144699 20941 31119
31119 20941 144699
139840 47420 61046
47420 61046 139840
61046 47420 139840
140387 92239 124882
92239 124882 140387
124882 92239 140387
11036 58537 61858
58537 11036 61858
61858 11036 58537
50083 43745 133137
133137 43745 50083
43745 50083 133137
2033 43308 108075
108075 2033 43308
43308 2033 108075
134257 19192 81768
81768 19192 134257
19192 81768 134257
125704 112109 115800
112109 115800 125704
115800 112109 125704
29664 15510 136218
15510 29664 136218
136218 15510 29664
46548 14714 126447
126447 14714 46548
14714 46548 126447
140049 54006 86806
54006 86806 140049
86806 54006 140049
104200 35567 120440
120440 35567 104200
35567 104200 120440
42901 83052 105627
105627 42901 83052
83052 42901 105627
141424 61639 71100
71100 61639 141424
61639 71100 141424
42660 33374 138735
138735 33374 42660
33374 42660 138735
47423 42612 106478
106478 42612 47423
42612 47423 106478
141272 46559 114886
114886 46559 141272
46559 114886 141272
101478 123086 140930
123086 101478 140930
140930 101478 123086
63793 49800 90017
90017 49800 63793
49800 63793 90017
149011 77090 123986
77090 123986 149011
123986 77090 149011
32581 8578 27855
8578 27855 32581
27855 8578 32581
73746 35122 49908
49908 35122 73746
35122 49908 73746
30807 59652 129302
129302 30807 59652
59652 30807 129302
126336 58184 103108
103108 58184 126336
58184 103108 126336
72923 28773 39445
39445 28773 72923
28773 39445 72923
66466 12522 31219
31219 12522 66466
12522 31219 66466
77951 21430 123800
123800 21430 77951
21430 77951 123800
43281 65214 127285
65214 43281 127285
127285 43281 65214
121405 74728 136053
74728 121405 136053
136053 74728 121405
68125 60553 130992
60553 68125 130992
130992 60553 68125
66538 4729 73587
73587 4729 66538
4729 66538 73587
127394 64029 85918
85918 64029 127394
64029 85918 127394
105864 23263 107457
107457 23263 105864
23263 105864 107457
126941 7985 29562
7985 29562 126941
29562 7985 126941
108361 35918 81513
81513 35918 108361
35918 81513 108361
13980 13734 71916
13734 13980 71916
71916 13734 13980
1511 3119 19574
3119 1511 19574
19574 1511 3119
39823 61055 94276
61055 39823 94276
94276 39823 61055
33746 8662 77445
77445 8662 33746
8662 33746 77445
135522 69261 81109
69261 81109 135522
81109 69261 135522
45786 62983 109244
109244 45786 62983
62983 45786 109244
68133 30385 67072
67072 30385 68133
30385 67072 68133
93617 109177 141614
109177 93617 141614
141614 93617 109177
51495 52650 84762
52650 51495 84762
84762 51495 52650
15519 115711 118466
115711 15519 118466
118466 15519 115711
149032 11570 31240
31240 11570 149032
11570 31240 149032
93161 38299 76658
38299 76658 93161
76658 38299 93161
149423 77199 137137
137137 77199 149423
77199 137137 149423
598 99175 108846
99175 598 108846
108846 598 99175
14485 56242 61898
61898 14485 56242
56242 14485 61898
22543 36555 76813
76813 22543 36555
36555 22543 76813
110124 83616 130094
83616 110124 130094
130094 83616 110124
146750 56331 132880
132880 56331 146750
56331 132880 146750
36958 13245 138730
138730 13245 36958
13245 36958 138730
88043 23031 108160
23031 88043 108160
108160 23031 88043
43502 80424 133531
80424 43502 133531
133531 43502 80424
120862 245 115903
245 115903 120862
115903 245 120862
123201 53743 62731
53743 62731 123201
62731 53743 123201
135120 24058 127015
24058 127015 135120
127015 24058 135120
147705 30078 85198
30078 85198 147705
85198 30078 147705
18540 8554 49960
8554 18540 49960
49960 8554 18540
130973 20049 125387
125387 20049 130973
20049 125387 130973
118332 53776 115755
115755 53776 118332
53776 115755 118332
130452 58390 70191
70191 58390 130452
58390 70191 130452
55164 2318 23837
2318 23837 55164
23837 2318 55164
4486 83705 108384
108384 4486 83705
83705 4486 108384
73486 16650 75561
16650 73486 75561
75561 16650 73486
103074 33792 87986
87986 33792 103074
33792 87986 103074
81377 14590 117267
14590 81377 117267
117267 14590 81377
83442 60595 104687
60595 83442 104687
104687 60595 83442
95678 7043 141998
141998 7043 95678
7043 95678 141998
92322 56257 79194
56257 79194 92322
79194 56257 92322
26458 52455 125324
125324 26458 52455
52455 26458 125324
117930 24811 86226
24811 86226 117930
86226 24811 117930
106135 43992 75918
43992 75918 106135
75918 43992 106135
148007 53857 136391
53857 136391 148007
136391 53857 148007
71786 67307 144267
144267 67307 71786
67307 71786 144267
770 81327 110548
81327 770 110548
110548 770 81327
3337 10754 88528
10754 3337 88528
88528 3337 10754
26539 1721 40931
1721 26539 40931
40931 1721 26539
138859 129831 141763
129831 138859 141763
141763 129831 138859
27384 7697 109112
109112 7697 27384
7697 27384 109112
144780 7429 34437
7429 34437 144780
34437 7429 144780
146509 81138 129444
129444 81138 146509
81138 129444 146509
15572 33617 121154
121154 15572 33617
33617 15572 121154
143543 96868 115580
115580 96868 143543
96868 115580 143543
58233 112488 149010
112488 58233 149010
149010 58233 112488
68639 23565 80699
23565 68639 80699
80699 23565 68639
59125 101714 106348
101714 59125 106348
106348 59125 101714
33423 80462 102948
102948 33423 80462
80462 33423 102948
39230 148439 149223
149223 39230 148439
148439 39230 149223
128717 54993 140938
54993 128717 140938
140938 54993 128717
95207 123163 138501
123163 95207 138501
138501 95207 123163
17354 45142 123727
45142 17354 123727
123727 17354 45142
132634 8960 85056
85056 8960 132634
8960 85056 132634
147921 102322 106491
106491 102322 147921
102322 106491 147921
138392 40009 134965
134965 40009 138392
40009 134965 138392
30493 5921 115351
115351 5921 30493
5921 30493 115351
48018 6269 48753
6269 48018 48753
48753 6269 48018
49965 47306 90746
90746 47306 49965
47306 49965 90746
99650 96556 108053
96556 99650 108053
108053 96556 99650
100015 43333 101705
43333 100015 101705
101705 43333 100015
145861 104247 129837
129837 104247 145861
104247 129837 145861
125650 44358 138677
138677 44358 125650
44358 125650 138677
76141 82488 141582
141582 76141 82488
82488 76141 141582
93438 9530 67263
67263 9530 93438
9530 67263 93438
18216 73842 94972
94972 18216 73842
73842 18216 94972
18408 515 120347
120347 515 18408
515 18408 120347
47271 39025 139819
39025 47271 139819
139819 39025 47271
94762 80624 130775
80624 94762 130775
130775 80624 94762
47665 51159 83853
51159 47665 83853
83853 47665 51159
113452 17007 58336
17007 58336 113452
58336 17007 113452
14986 41234 111851
111851 14986 41234
41234 14986 111851
115057 9912 145354
9912 115057 145354
145354 9912 115057
71796 132768 138427
132768 71796 138427
138427 71796 132768
80395 124587 132405
132405 80395 124587
124587 80395 132405
142716 32655 103110
32655 103110 142716
103110 32655 142716
131216 794 7967
7967 794 131216
794 7967 131216
111421 31228 46021
46021 31228 111421
31228 46021 111421
120474 28610 90695
90695 28610 120474
28610 90695 120474
124300 48928 78863
78863 48928 124300
48928 78863 124300
83434 16628 114211
16628 83434 114211
114211 16628 83434
7096 39637 144369
144369 7096 39637
39637 7096 144369
125629 68291 120287
120287 68291 125629
68291 120287 125629
148946 66884 149851
66884 148946 149851
149851 66884 148946
127717 59816 95131
59816 95131 127717
95131 59816 127717
84475 53210 120143
120143 53210 84475
53210 84475 120143
69796 37286 142482
37286 69796 142482
142482 37286 69796
119847 3770 75090
3770 75090 119847
75090 3770 119847
2038 25714 37129
25714 2038 37129
37129 2038 25714
24121 119073 141298
141298 24121 119073
119073 24121 141298
14498 39693 141631
141631 14498 39693
39693 14498 141631
141794 70043 83538
83538 70043 141794
70043 83538 141794
136992 4851 73911
4851 73911 136992
73911 4851 136992
67089 33780 60027
60027 33780 67089
33780 60027 67089
30274 1666 136368
136368 1666 30274
1666 30274 136368
125373 56327 144170
144170 56327 125373
56327 125373 144170
53274 80911 129386
129386 53274 80911
80911 53274 129386
126323 40135 93635
40135 93635 126323
93635 40135 126323
52674 34873 43320
43320 34873 52674
34873 43320 52674
114565 121587 129064
121587 114565 129064
129064 114565 121587
38089 27911 31859
31859 27911 38089
27911 31859 38089
86839 2445 5946
2445 5946 86839
5946 2445 86839
112195 24657 90240
24657 90240 112195
90240 24657 112195
99961 48274 100219
100219 48274 99961
48274 99961 100219
88473 29349 92260
29349 88473 92260
92260 29349 88473
149908 2175 22645
2175 22645 149908
22645 2175 149908
31950 30192 38249
30192 31950 38249
38249 30192 31950
102156 53130 130860
130860 53130 102156
53130 102156 130860
77458 81070 137273
137273 77458 81070
81070 77458 137273
91320 53696 74064
74064 53696 91320
53696 74064 91320
71070 58379 115748
58379 71070 115748
115748 58379 71070
149069 61301 61933
61301 61933 149069
61933 61301 149069
49225 15256 127966
127966 15256 49225
15256 49225 127966
72529 30772 122496
30772 72529 122496
122496 30772 72529
112078 59541 106513
59541 106513 112078
106513 59541 112078
43316 65735 138936
65735 43316 138936
138936 43316 65735
38939 47242 91039
91039 38939 47242
47242 38939 91039
9038 92842 94252
94252 9038 92842
92842 9038 94252
13959 137304 144928
137304 13959 144928
144928 13959 137304
58990 55586 80493
80493 55586 58990
55586 58990 80493
81608 84131 137614
84131 81608 137614
137614 81608 84131
102961 2463 79250
79250 2463 102961
2463 79250 102961
149826 48398 136050
48398 136050 149826
136050 48398 149826
101104 128531 148227
148227 101104 128531
128531 101104 148227
39258 65605 90427
65605 39258 90427
90427 39258 65605
13337 19184 131850
131850 13337 19184
19184 13337 131850
139995 7083 129380
129380 7083 139995
7083 129380 139995
124769 26310 92265
92265 26310 124769
26310 92265 124769
32720 68078 104973
68078 32720 104973
104973 32720 68078
28709 34892 76386
34892 28709 76386
76386 28709 34892
29580 85907 113140
113140 29580 85907
85907 29580 113140
27372 50318 57498
50318 27372 57498
57498 27372 50318
57101 10435 118593
10435 57101 118593
118593 10435 57101
122731 24610 76164
76164 24610 122731
24610 76164 122731
38990 34746 68209
68209 34746 38990
34746 38990 68209
67450 52337 147653
147653 52337 67450
52337 67450 147653
61728 91067 97867
97867 61728 91067
91067 61728 97867
5692 97374 97907
97374 5692 97907
97907 5692 97374
136451 16697 86789
16697 86789 136451
86789 16697 136451
121476 63986 139489
63986 121476 139489
139489 63986 121476
39460 134591 145531
145531 39460 134591
134591 39460 145531
79772 25199 49034
25199 49034 79772
49034 25199 79772
19456 3654 41523
3654 19456 41523
41523 3654 19456
58426 36971 64191
64191 36971 58426
36971 58426 64191
114013 50828 134592
134592 50828 114013
50828 114013 134592
148383 88138 117079
117079 88138 148383
88138 117079 148383
1427 99289 134549
134549 1427 99289
99289 1427 134549
116698 15546 95807
15546 95807 116698
95807 15546 116698
86957 74246 91750
74246 86957 91750
91750 74246 86957
8821 49342 141683
141683 8821 49342
49342 8821 141683
56521 22969 54370
54370 22969 56521
22969 54370 56521
33707 147598 147755
147598 33707 147755
147755 33707 147598
53720 24019 42634
24019 42634 53720
42634 24019 53720
55138 23651 81641
81641 23651 55138
23651 55138 81641
100248 71488 125641
125641 71488 100248
71488 100248 125641
120071 54621 140673
54621 120071 140673
140673 54621 120071
141647 54008 121203
54008 121203 141647
121203 54008 141647
22597 78683 142288
142288 22597 78683
78683 22597 142288
111631 14737 48634
48634 14737 111631
14737 48634 111631
53762 92240 130527
130527 53762 92240
92240 53762 130527
82385 15723 79978
79978 15723 82385
15723 79978 82385
82293 92574 146682
146682 82293 92574
92574 82293 146682
120546 103664 115832
103664 115832 120546
115832 103664 120546
81246 98344 132076
98344 81246 132076
132076 81246 98344
41935 66982 136862
136862 41935 66982
66982 41935 136862
120245 12681 76224
76224 12681 120245
12681 76224 120245
66702 17729 139873
17729 66702 139873
139873 17729 66702
42528 58839 68069
68069 42528 58839
58839 42528 68069
28325 75537 93897
93897 28325 75537
75537 28325 93897
96958 101920 108591
108591 96958 101920
101920 96958 108591
137857 19916 78049
78049 19916 137857
19916 78049 137857
89006 127533 147385
147385 89006 127533
127533 89006 147385
107855 96849 114809
96849 107855 114809
114809 96849 107855
27599 31125 35727
35727 27599 31125
31125 27599 35727
96905 16934 86836
16934 86836 96905
86836 16934 96905
116597 16190 68200
68200 16190 116597
16190 68200 116597
78284 20669 95364
95364 20669 78284
20669 78284 95364
27554 39618 42565
42565 27554 39618
39618 27554 42565
143146 43614 92102
92102 43614 143146
43614 92102 143146
108563 7463 68252
7463 68252 108563
68252 7463 108563
65948 13990 136119
136119 13990 65948
13990 65948 136119
40793 72704 117578
117578 40793 72704
72704 40793 117578
35605 36947 106242
36947 35605 106242
106242 35605 36947
3134 64991 75283
64991 3134 75283
75283 3134 64991
91126 57674 142042
57674 91126 142042
142042 57674 91126
9414 8794 14431
8794 9414 14431
14431 8794 9414
42855 4425 19773
19773 4425 42855
4425 19773 42855
93383 69198 141622
141622 69198 93383
69198 93383 141622
70358 3562 84749
3562 70358 84749
84749 3562 70358
128966 44666 129845
44666 128966 129845
129845 44666 128966
107736 18715 94738
18715 94738 107736
94738 18715 107736
67304 141826 146202
146202 67304 141826
141826 67304 146202
37090 11286 85682
11286 37090 85682
85682 11286 37090
6544 16386 73138
73138 6544 16386
16386 6544 73138
6743 2829 3056
3056 2829 6743
2829 3056 6743
81347 118050 125775
118050 81347 125775
125775 81347 118050
112395 74304 106214
106214 74304 112395
74304 106214 112395
129827 66348 84072
66348 84072 129827
84072 66348 129827
58645 80151 129530
80151 58645 129530
129530 58645 80151
123107 21009 144507
21009 123107 144507
144507 21009 123107
148097 1076 27391
1076 27391 148097
27391 1076 148097
20781 31019 95003
31019 20781 95003
95003 20781 31019
7900 10606 138411
10606 7900 138411
138411 7900 10606
22724 62217 112402
62217 22724 112402
112402 22724 62217
112603 41977 129437
41977 112603 129437
129437 41977 112603
67069 81189 124728
124728 67069 81189
81189 67069 124728
105758 10534 128226
128226 10534 105758
10534 105758 128226
112112 54500 149961
149961 54500 112112
54500 112112 149961
87534 26521 111651
26521 87534 111651
111651 26521 87534
41876 62584 85949
85949 41876 62584
62584 41876 85949
148665 55786 132257
132257 55786 148665
55786 132257 148665
129571 55172 111143
55172 111143 129571
111143 55172 129571
29011 101078 126763
101078 29011 126763
126763 29011 101078
100297 21378 137993
21378 100297 137993
137993 21378 100297
80599 51940 61404
61404 51940 80599
51940 61404 80599
103135 5906 147710
147710 5906 103135
5906 103135 147710
56788 46286 49972
49972 46286 56788
46286 49972 56788
104727 325 35728
35728 325 104727
325 35728 104727
77642 44186 56905
44186 56905 77642
56905 44186 77642
34819 43500 98499
98499 34819 43500
43500 34819 98499
11741 8879 114528
114528 8879 11741
8879 11741 114528
146976 68270 112862
112862 68270 146976
68270 112862 146976
121964 29431 106538
29431 106538 121964
106538 29431 121964
31830 26345 75202
26345 31830 75202
75202 26345 31830
105449 823 44916
44916 823 105449
823 44916 105449
66205 14325 26406
26406 14325 66205
14325 26406 66205
114300 96815 133114
96815 114300 133114
133114 96815 114300
81676 116717 130652
116717 81676 130652
130652 81676 116717
18986 37106 58312
37106 18986 58312
58312 18986 37106
141555 140004 149236
140004 141555 149236
149236 140004 141555
12782 30795 50331
30795 12782 50331
50331 12782 30795
50317 17791 70335
70335 17791 50317
17791 50317 70335
90047 17532 93487
17532 90047 93487
93487 17532 90047
60557 49933 113837
113837 49933 60557
49933 60557 113837
140582 41041 54305
54305 41041 140582
41041 54305 140582
65224 20136 84255
84255 20136 65224
20136 65224 84255
129606 130449 135714
130449 129606 135714
135714 129606 130449
122030 53128 83211
53128 83211 122030
83211 53128 122030
44535 85472 122824
85472 44535 122824
122824 44535 85472
22534 9642 111487
111487 9642 22534
9642 22534 111487
111665 39418 99244
39418 99244 111665
99244 39418 111665
76321 43776 54439
54439 43776 76321
43776 54439 76321
25800 80847 111944
111944 25800 80847
80847 25800 111944
144597 133942 146751
146751 133942 144597
133942 144597 146751
127385 10964 44522
10964 44522 127385
44522 10964 127385
3098 44297 87250
87250 3098 44297
44297 3098 87250
80345 102882 126991
126991 80345 102882
102882 80345 126991
55609 22901 73524
22901 55609 73524
73524 22901 55609
51795 61811 65764
61811 51795 65764
65764 51795 61811
139643 63460 97130
63460 97130 139643
97130 63460 139643
80931 94294 96933
94294 80931 96933
96933 80931 94294
82754 52822 146538
52822 82754 146538
146538 52822 82754
110652 21138 134496
21138 110652 134496
134496 21138 110652
14381 37622 80815
37622 14381 80815
80815 14381 37622
44138 27220 64083
27220 44138 64083
64083 27220 44138
58724 48351 73468
73468 48351 58724
48351 58724 73468
102504 43434 63333
63333 43434 102504
43434 63333 102504
132781 78324 80155
78324 80155 132781
80155 78324 132781
139274 12377 118314
118314 12377 139274
12377 118314 139274
92645 24262 65730
65730 24262 92645
24262 65730 92645
20991 51118 92934
92934 20991 51118
51118 20991 92934
