7888 11529 14072
14072 7888 11529
11529 7888 14072
13492 2373 4149
2373 4149 13492
4149 2373 13492
14069 234 11712
234 11712 14069
11712 234 14069
5050 8755 9251
8755 5050 9251
9251 5050 8755
11157 5622 6572
6572 5622 11157
5622 6572 11157
10894 3003 9036
3003 9036 10894
9036 3003 10894
3794 8546 12102
8546 3794 12102
12102 3794 8546
4923 844 14484
14484 844 4923
844 4923 14484
11068 13897 13920
13897 11068 13920
13920 11068 13897
12097 6019 7632
6019 7632 12097
7632 6019 12097
12549 4874 11176
4874 11176 12549
11176 4874 12549
11968 1931 4506
1931 4506 11968
4506 1931 11968
9762 7330 10011
7330 9762 10011
10011 7330 9762
13950 4998 11913
11913 4998 13950
4998 11913 13950
9936 1644 10542
1644 9936 10542
10542 1644 9936
1043 2861 5984
5984 1043 2861
2861 1043 5984
511 6634 10129
10129 511 6634
6634 511 10129
14808 2939 7654
2939 7654 14808
7654 2939 14808
11012 12570 13190
13190 11012 12570
12570 11012 13190
6411 7198 9379
7198 6411 9379
9379 6411 7198
7649 9064 13038
13038 7649 9064
9064 7649 13038
9531 6647 12219
6647 9531 12219
12219 6647 9531
5502 7326 13814
13814 5502 7326
7326 5502 13814
13288 9269 10023
9269 10023 13288
10023 9269 13288
4203 5814 10510
5814 4203 10510
10510 4203 5814
4960 11220 13129
11220 4960 13129
13129 4960 11220
8442 4758 9271
4758 8442 9271
9271 4758 8442
14409 10155 12252
10155 12252 14409
12252 10155 14409
8083 5520 12025
12025 5520 8083
5520 8083 12025
10741 12192 12906
12192 10741 12906
12906 10741 12192
605 1845 2327
2327 605 1845
1845 605 2327
12243 7691 13933
7691 12243 13933
13933 7691 12243
9773 3140 3252
3140 3252 9773
3252 3140 9773
2350 302 13946
13946 302 2350
302 2350 13946
12348 3230 10111
3230 10111 12348
10111 3230 12348
13902 9371 10689
9371 10689 13902
10689 9371 13902
4753 4018 11817
4018 4753 11817
11817 4018 4753
333 76 419
419 76 333
76 333 419
11805 4260 11609
4260 11609 11805
11609 4260 11805
8997 682 5870
682 5870 8997
5870 682 8997
14284 4596 13851
4596 13851 14284
13851 4596 14284
8290 11874 14761
11874 8290 14761
14761 8290 11874
13756 788 5828
788 5828 13756
5828 788 13756
5923 911 11537
911 5923 11537
11537 911 5923
9230 14398 14537
14398 9230 14537
14537 9230 14398
12806 14270 14593
14593 12806 14270
14270 12806 14593
14737 11541 11650
11650 11541 14737
11541 11650 14737
11070 431 4612
4612 431 11070
431 4612 11070
2799 4271 8324
8324 2799 4271
4271 2799 8324
14969 3312 9024
3312 9024 14969
9024 3312 14969
13331 3661 11883
11883 3661 13331
3661 11883 13331
12323 687 4715
4715 687 12323
687 4715 12323
6722 3683 4613
4613 3683 6722
3683 4613 6722
10998 4858 6230
4858 6230 10998
6230 4858 10998
9101 128 7390
7390 128 9101
128 7390 9101
10702 8383 11353
11353 8383 10702
8383 10702 11353
259 6252 11411
11411 259 6252
6252 259 11411
13928 3288 8400
8400 3288 13928
3288 8400 13928
7398 2432 2744
2432 2744 7398
2744 2432 7398
1722 4727 5678
5678 1722 4727
4727 1722 5678
5463 10421 14086
10421 5463 14086
14086 5463 10421
9946 6745 8242
6745 8242 9946
8242 6745 9946
2585 1027 14927
1027 2585 14927
14927 1027 2585
2991 4510 10492
10492 2991 4510
4510 2991 10492
7570 8102 11920
8102 7570 11920
11920 7570 8102
7843 229 13819
13819 229 7843
229 7843 13819
8619 1784 14630
14630 1784 8619
1784 8619 14630
10613 642 14229
642 10613 14229
14229 642 10613
2713 7438 10222
7438 2713 10222
10222 2713 7438
3207 8593 10027
10027 3207 8593
8593 3207 10027
8811 92 6545
6545 92 8811
92 6545 8811
2218 2759 4548
2759 2218 4548
4548 2218 2759
581 447 9233
9233 447 581
447 581 9233
4123 7824 14179
7824 4123 14179
14179 4123 7824
4378 1835 10413
1835 4378 10413
10413 1835 4378
6810 8294 8505
8294 6810 8505
8505 6810 8294
5442 4425 7776
4425 5442 7776
7776 4425 5442
12114 6190 14066
6190 12114 14066
14066 6190 12114
10827 3313 7161
3313 7161 10827
7161 3313 10827
2951 620 3873
620 2951 3873
3873 620 2951
4467 5981 13275
5981 4467 13275
13275 4467 5981
3643 5742 12623
12623 3643 5742
5742 3643 12623
13769 6353 10313
6353 10313 13769
10313 6353 13769
1824 3402 13400
13400 1824 3402
3402 1824 13400
10378 5042 13586
5042 10378 13586
13586 5042 10378
6144 13395 14300
14300 6144 13395
13395 6144 14300
7747 1080 14032
1080 7747 14032
14032 1080 7747
7243 1174 12012
12012 1174 7243
1174 7243 12012
10062 9684 10395
10395 9684 10062
9684 10062 10395
1762 5017 10428
10428 1762 5017
5017 1762 10428
2394 4650 14827
14827 2394 4650
4650 2394 14827
12311 4779 13582
13582 4779 12311
4779 12311 13582
1616 8649 11223
8649 1616 11223
11223 1616 8649
5195 8224 9180
9180 5195 8224
8224 5195 9180
8406 9185 9282
9185 8406 9282
9282 8406 9185
7579 5853 10788
10788 5853 7579
5853 7579 10788
8310 4074 8521
4074 8310 8521
8521 4074 8310
10779 1233 12018
1233 10779 12018
12018 1233 10779
3869 4862 9200
4862 3869 9200
9200 3869 4862
11364 226 12456
226 11364 12456
12456 226 11364
8515 4961 8431
4961 8431 8515
8431 4961 8515
6713 3385 8489
3385 6713 8489
8489 3385 6713
4375 2712 8208
2712 4375 8208
8208 2712 4375
9739 4859 8759
4859 8759 9739
8759 4859 9739
12166 9947 12872
9947 12166 12872
12872 9947 12166
6304 9067 9569
9067 6304 9569
9569 6304 9067
6284 6127 11626
11626 6127 6284
6127 6284 11626
4907 421 7158
421 4907 7158
7158 421 4907
9938 8628 11766
8628 9938 11766
11766 8628 9938
13789 3253 10663
10663 3253 13789
3253 10663 13789
8053 5471 6228
5471 6228 8053
6228 5471 8053
7972 3098 13294
13294 3098 7972
3098 7972 13294
13253 6134 13183
6134 13183 13253
13183 6134 13253
4153 9641 14794
14794 4153 9641
9641 4153 14794
10340 11112 11613
11112 10340 11613
11613 10340 11112
965 3723 11138
3723 965 11138
11138 965 3723
1738 1783 5339
1783 1738 5339
5339 1738 1783
4105 8096 12795
12795 4105 8096
8096 4105 12795
12568 1592 9413
1592 9413 12568
9413 1592 12568
2921 9166 11140
9166 2921 11140
11140 2921 9166
4499 1993 8393
1993 4499 8393
8393 1993 4499
4898 2054 9257
9257 2054 4898
2054 4898 9257
6744 7375 8429
8429 6744 7375
7375 6744 8429
279 7125 8293
7125 279 8293
8293 279 7125
777 3621 7812
7812 777 3621
3621 777 7812
11979 8253 9783
9783 8253 11979
8253 9783 11979
9399 6776 10522
10522 6776 9399
6776 9399 10522
4359 1630 8815
1630 4359 8815
8815 1630 4359
12913 1238 8797
1238 8797 12913
8797 1238 12913
1105 288 11518
288 1105 11518
11518 288 1105
13828 5563 7802
5563 7802 13828
7802 5563 13828
1914 9761 12592
9761 1914 12592
12592 1914 9761
14793 4225 10078
4225 10078 14793
10078 4225 14793
14703 3011 12654
12654 3011 14703
3011 12654 14703
3037 2168 8894
2168 3037 8894
8894 2168 3037
8830 3434 9264
9264 3434 8830
3434 8830 9264
6786 4452 7932
4452 6786 7932
7932 4452 6786
5124 11101 11819
11819 5124 11101
11101 5124 11819
9706 2516 14741
2516 9706 14741
14741 2516 9706
3984 1718 5697
1718 3984 5697
5697 1718 3984
8893 4166 11098
4166 8893 11098
11098 4166 8893
9877 867 9035
9035 867 9877
867 9035 9877
9326 2995 13413
2995 9326 13413
13413 2995 9326
2584 736 13134
13134 736 2584
736 2584 13134
14006 5719 13805
13805 5719 14006
5719 13805 14006
2506 4382 4987
4382 2506 4987
4987 2506 4382
12986 2008 14306
14306 2008 12986
2008 12986 14306
384 1060 2355
1060 384 2355
2355 384 1060
8166 9025 9226
9025 8166 9226
9226 8166 9025
6765 7024 9315
7024 6765 9315
9315 6765 7024
12036 1469 4491
1469 4491 12036
4491 1469 12036
5866 8801 11839
8801 5866 11839
11839 5866 8801
13353 12193 14061
12193 13353 14061
14061 12193 13353
12261 4484 6262
6262 4484 12261
4484 6262 12261
8387 4738 10356
10356 4738 8387
4738 8387 10356
1000 4665 6933
4665 1000 6933
6933 1000 4665
12958 8336 9132
8336 9132 12958
9132 8336 12958
12515 9309 11798
9309 11798 12515
11798 9309 12515
10257 8582 13057
8582 10257 13057
13057 8582 10257
3423 7204 11295
7204 3423 11295
11295 3423 7204
8042 2343 4128
2343 4128 8042
4128 2343 8042
10967 9626 11562
11562 9626 10967
9626 10967 11562
14303 7737 8109
8109 7737 14303
7737 8109 14303
11753 2830 10563
10563 2830 11753
2830 10563 11753
13528 5440 5574
5574 5440 13528
5440 5574 13528
5432 3769 11354
11354 3769 5432
3769 5432 11354
6759 8075 14325
8075 6759 14325
14325 6759 8075
1075 3144 12178
3144 1075 12178
12178 1075 3144
11814 4683 9225
9225 4683 11814
4683 9225 11814
4711 1301 14445
1301 4711 14445
14445 1301 4711
10446 7611 12773
7611 10446 12773
12773 7611 10446
2346 4793 14186
4793 2346 14186
14186 2346 4793
14731 833 12131
833 12131 14731
12131 833 14731
12052 11307 13205
13205 11307 12052
11307 12052 13205
4775 4184 10628
4184 4775 10628
10628 4184 4775
14710 9839 14689
14689 9839 14710
9839 14689 14710
4720 3465 14051
3465 4720 14051
14051 3465 4720
2146 4366 5020
5020 2146 4366
4366 2146 5020
5061 12853 12973
12973 5061 12853
12853 5061 12973
6303 6899 10048
10048 6303 6899
6899 6303 10048
8022 938 7930
7930 938 8022
938 7930 8022
11141 4754 9087
9087 4754 11141
4754 9087 11141
4966 10726 13080
10726 4966 13080
13080 4966 10726
7388 3125 9477
9477 3125 7388
3125 7388 9477
8721 9389 9767
9389 8721 9767
9767 8721 9389
199 11207 13939
11207 199 13939
13939 199 11207
1189 3389 7855
7855 1189 3389
3389 1189 7855
4256 5132 9665
5132 4256 9665
9665 4256 5132
13709 12462 12726
12726 12462 13709
12462 12726 13709
10191 2309 6482
6482 2309 10191
2309 6482 10191
6568 8025 10310
8025 6568 10310
10310 6568 8025
7304 3187 14138
3187 7304 14138
14138 3187 7304
1351 2554 2881
2881 1351 2554
2554 1351 2881
8073 8143 10882
8143 8073 10882
10882 8073 8143
6756 4349 14396
14396 4349 6756
4349 6756 14396
5419 4611 6952
4611 5419 6952
6952 4611 5419
11824 3676 7249
3676 7249 11824
7249 3676 11824
1827 5108 5763
5763 1827 5108
5108 1827 5763
12082 3336 14677
14677 3336 12082
3336 12082 14677
5186 6050 11415
11415 5186 6050
6050 5186 11415
596 895 9573
9573 596 895
895 596 9573
12688 11512 13427
13427 11512 12688
11512 12688 13427
4622 11032 12321
11032 4622 12321
12321 4622 11032
12342 13565 13757
13565 12342 13757
13757 12342 13565
4700 432 684
684 432 4700
432 684 4700
2087 3426 8282
8282 2087 3426
3426 2087 8282
6932 1430 6857
6857 1430 6932
1430 6857 6932
6858 9060 14919
14919 6858 9060
9060 6858 14919
2461 2811 3334
2811 2461 3334
3334 2461 2811
7622 3612 6817
3612 6817 7622
6817 3612 7622
8623 9660 12221
12221 8623 9660
9660 8623 12221
3287 9455 10965
9455 3287 10965
10965 3287 9455
12353 1821 2608
2608 1821 12353
1821 2608 12353
3276 14060 14405
14060 3276 14405
14405 3276 14060
12991 5046 11933
5046 11933 12991
11933 5046 12991
11254 3911 9858
9858 3911 11254
3911 9858 11254
9032 919 11763
11763 919 9032
919 9032 11763
3226 12230 13999
12230 3226 13999
13999 3226 12230
1961 2701 10124
10124 1961 2701
2701 1961 10124
2958 4231 9396
9396 2958 4231
4231 2958 9396
11579 8134 11958
11958 8134 11579
8134 11579 11958
1092 7844 14674
14674 1092 7844
7844 1092 14674
13589 8870 13718
13718 8870 13589
8870 13589 13718
11284 14123 14695
14123 11284 14695
14695 11284 14123
10816 6428 8785
8785 6428 10816
6428 8785 10816
4929 4310 6844
6844 4310 4929
4310 4929 6844
6409 2450 6157
2450 6157 6409
6157 2450 6409
6072 3900 5253
5253 3900 6072
3900 5253 6072
13532 4818 7613
7613 4818 13532
4818 7613 13532
6547 9175 14285
9175 6547 14285
14285 6547 9175
13101 9969 12414
9969 12414 13101
12414 9969 13101
12595 8913 10052
8913 10052 12595
10052 8913 12595
102 13505 13658
13658 102 13505
13505 102 13658
3539 5503 12108
5503 3539 12108
12108 3539 5503
3082 2690 9964
2690 3082 9964
9964 2690 3082
10675 61 3115
3115 61 10675
61 3115 10675
8584 8080 9463
8080 8584 9463
9463 8080 8584
7173 9040 12710
9040 7173 12710
12710 7173 9040
2199 5859 8149
5859 2199 8149
8149 2199 5859
2887 570 6298
6298 570 2887
570 2887 6298
8706 10226 13188
13188 8706 10226
10226 8706 13188
8741 3585 14275
14275 3585 8741
3585 8741 14275
1259 10621 12504
10621 1259 12504
12504 1259 10621
10955 8975 10411
10411 8975 10955
8975 10411 10955
14545 3846 4183
3846 4183 14545
4183 3846 14545
3978 6479 6491
6479 3978 6491
6491 3978 6479
14569 10303 12816
12816 10303 14569
10303 12816 14569
11671 6957 12743
6957 11671 12743
12743 6957 11671
4909 2754 7629
2754 4909 7629
7629 2754 4909
4982 10532 14287
14287 4982 10532
10532 4982 14287
6530 5457 12644
12644 5457 6530
5457 6530 12644
2717 8074 9714
9714 2717 8074
8074 2717 9714
7464 4925 7813
4925 7464 7813
7813 4925 7464
3008 872 6617
6617 872 3008
872 3008 6617
1167 2578 10893
10893 1167 2578
2578 1167 10893
11258 308 12043
12043 308 11258
308 11258 12043
2382 4144 4248
4248 2382 4144
4144 2382 4248
5048 4291 5854
4291 5048 5854
5854 4291 5048
3357 8051 10508
10508 3357 8051
8051 3357 10508
9247 8158 9219
9219 8158 9247
8158 9219 9247
5782 11992 12567
12567 5782 11992
11992 5782 12567
2326 7509 11784
11784 2326 7509
7509 2326 11784
799 831 12181
12181 799 831
831 799 12181
10786 1194 3431
3431 1194 10786
1194 3431 10786
1995 4553 14498
14498 1995 4553
4553 1995 14498
5187 2801 7194
2801 5187 7194
7194 2801 5187
5180 6402 11546
6402 5180 11546
11546 5180 6402
6824 10175 14008
10175 6824 14008
14008 6824 10175
6737 11253 14119
14119 6737 11253
11253 6737 14119
8912 7955 13304
13304 7955 8912
7955 8912 13304
1701 3001 11906
3001 1701 11906
11906 1701 3001
5510 5407 11368
5407 5510 11368
11368 5407 5510
2803 141 1808
141 1808 2803
1808 141 2803
12679 4924 5290
5290 4924 12679
4924 5290 12679
5093 2826 8479
8479 2826 5093
2826 5093 8479
5211 7961 10917
7961 5211 10917
10917 5211 7961
8682 4601 14856
4601 8682 14856
14856 4601 8682
8045 558 1103
558 1103 8045
1103 558 8045
5917 3077 9012
9012 3077 5917
3077 5917 9012
11982 8639 10252
10252 8639 11982
8639 10252 11982
8795 3229 10285
10285 3229 8795
3229 8795 10285
14929 7226 9263
7226 9263 14929
9263 7226 14929
3772 1807 2121
1807 2121 3772
2121 1807 3772
4554 754 7142
754 4554 7142
7142 754 4554
8070 6962 7064
6962 7064 8070
7064 6962 8070
9517 1574 13170
1574 9517 13170
13170 1574 9517
12540 9871 9988
9871 9988 12540
9988 9871 12540
5137 9053 10208
10208 5137 9053
9053 5137 10208
2430 8039 9268
9268 2430 8039
8039 2430 9268
13702 10534 11547
10534 11547 13702
11547 10534 13702
4041 2547 3717
2547 3717 4041
3717 2547 4041
7396 523 2445
523 2445 7396
2445 523 7396
13613 14657 14729
14657 13613 14729
14729 13613 14657
9520 1292 12318
1292 9520 12318
12318 1292 9520
14958 5437 11551
5437 11551 14958
11551 5437 14958
10242 2114 6768
6768 2114 10242
2114 6768 10242
14232 793 1552
793 1552 14232
1552 793 14232
2693 8126 9167
9167 2693 8126
8126 2693 9167
5215 2389 8646
2389 5215 8646
8646 2389 5215
8859 11799 13132
13132 8859 11799
11799 8859 13132
2063 4864 11037
11037 2063 4864
4864 2063 11037
10046 5630 9154
9154 5630 10046
5630 9154 10046
12350 3665 13109
13109 3665 12350
3665 12350 13109
14999 115 12324
12324 115 14999
115 12324 14999
418 1522 4209
4209 418 1522
1522 418 4209
2632 3572 7551
3572 2632 7551
7551 2632 3572
9474 10297 10970
10970 9474 10297
10297 9474 10970
5375 8545 9711
9711 5375 8545
8545 5375 9711
3106 2484 7406
2484 3106 7406
7406 2484 3106
6225 3746 4649
3746 4649 6225
4649 3746 6225
3094 9619 13511
13511 3094 9619
9619 3094 13511
7241 7159 8868
8868 7159 7241
7159 7241 8868
13895 5753 7155
5753 7155 13895
7155 5753 13895
6331 407 2800
2800 407 6331
407 2800 6331
3635 2129 9332
2129 3635 9332
9332 2129 3635
1928 2477 9989
2477 1928 9989
9989 1928 2477
1711 7615 14298
7615 1711 14298
14298 1711 7615
5723 9820 14543
9820 5723 14543
14543 5723 9820
7566 3146 3367
3367 3146 7566
3146 3367 7566
6533 4748 5976
4748 5976 6533
5976 4748 6533
12293 5889 10245
10245 5889 12293
5889 10245 12293
13812 1184 10943
10943 1184 13812
1184 10943 13812
2952 12113 14366
14366 2952 12113
12113 2952 14366
13794 3477 8416
3477 8416 13794
8416 3477 13794
10013 3964 10792
10792 3964 10013
3964 10013 10792
8197 13793 13884
13884 8197 13793
13793 8197 13884
7048 901 7911
901 7048 7911
7911 901 7048
4274 11760 14242
14242 4274 11760
11760 4274 14242
6461 8 1347
1347 8 6461
8 1347 6461
6940 808 9452
9452 808 6940
808 6940 9452
1296 3186 14920
3186 1296 14920
14920 1296 3186
10183 1086 3819
3819 1086 10183
1086 3819 10183
363 7956 12203
7956 363 12203
12203 363 7956
10312 1814 14865
1814 10312 14865
14865 1814 10312
4092 273 8568
8568 273 4092
273 4092 8568
3889 2898 6201
2898 3889 6201
6201 2898 3889
974 2793 6390
2793 974 6390
6390 974 2793
5711 11173 13437
11173 5711 13437
13437 5711 11173
7837 251 11974
251 7837 11974
11974 251 7837
3419 618 3779
618 3419 3779
3779 618 3419
4085 6965 14518
14518 4085 6965
6965 4085 14518
5500 8177 13327
8177 5500 13327
13327 5500 8177
10368 7011 12756
7011 10368 12756
12756 7011 10368
10673 8029 8300
8029 8300 10673
8300 8029 10673
14982 11339 12810
12810 11339 14982
11339 12810 14982
1693 5427 6938
5427 1693 6938
6938 1693 5427
4953 7273 12394
12394 4953 7273
7273 4953 12394
330 4434 8023
8023 330 4434
4434 330 8023
11742 5335 7617
5335 7617 11742
7617 5335 11742
7704 2002 12463
12463 2002 7704
2002 7704 12463
1423 4181 9272
4181 1423 9272
9272 1423 4181
2805 7490 12878
7490 2805 12878
12878 2805 7490
12742 6177 7950
6177 7950 12742
7950 6177 12742
14288 2310 12700
12700 2310 14288
2310 12700 14288
252 4058 13156
4058 252 13156
13156 252 4058
3023 6260 13277
6260 3023 13277
13277 3023 6260
9777 5862 12112
5862 9777 12112
12112 5862 9777
7410 8851 13246
8851 7410 13246
13246 7410 8851
1018 1308 9620
1308 1018 9620
9620 1018 1308
3747 2825 11935
11935 2825 3747
2825 3747 11935
8561 1277 4814
4814 1277 8561
1277 4814 8561
10651 2919 14733
14733 2919 10651
2919 10651 14733
10886 5962 11677
5962 10886 11677
11677 5962 10886
2518 13806 13968
13968 2518 13806
13806 2518 13968
11785 1235 4857
1235 4857 11785
4857 1235 11785
385 4318 9962
9962 385 4318
4318 385 9962
13768 292 4705
4705 292 13768
292 4705 13768
1955 3514 9244
9244 1955 3514
3514 1955 9244
14089 6845 9160
9160 6845 14089
6845 9160 14089
9902 5212 8898
5212 8898 9902
8898 5212 9902
8887 269 13865
269 8887 13865
13865 269 8887
13044 14435 14583
14583 13044 14435
14435 13044 14583
12939 4486 14076
14076 4486 12939
4486 12939 14076
9595 7202 10148
7202 9595 10148
10148 7202 9595
9806 1521 13320
1521 9806 13320
13320 1521 9806
885 1775 5085
1775 885 5085
5085 885 1775
8214 10693 14114
14114 8214 10693
10693 8214 14114
2855 4165 8696
4165 2855 8696
8696 2855 4165
12201 7288 10664
7288 10664 12201
10664 7288 12201
9357 6585 13148
6585 9357 13148
13148 6585 9357
345 1077 5710
5710 345 1077
1077 345 5710
14913 4428 10305
10305 4428 14913
4428 10305 14913
371 4141 6493
4141 371 6493
6493 371 4141
1340 8528 11206
11206 1340 8528
8528 1340 11206
5172 1036 1182
1036 1182 5172
1182 1036 5172
5779 13113 14353
14353 5779 13113
13113 5779 14353
14207 11413 14196
11413 14196 14207
14196 11413 14207
7091 492 6287
492 6287 7091
6287 492 7091
10192 8048 13527
8048 10192 13527
13527 8048 10192
3069 9556 11311
11311 3069 9556
9556 3069 11311
7922 1737 8819
8819 1737 7922
1737 7922 8819
2481 7486 12982
12982 2481 7486
7486 2481 12982
2660 9497 13412
13412 2660 9497
9497 2660 13412
14428 10001 14049
10001 14049 14428
14049 10001 14428
3471 12067 14726
12067 3471 14726
14726 3471 12067
621 6900 10716
6900 621 10716
10716 621 6900
11096 454 11533
11533 454 11096
454 11096 11533
221 6226 10569
6226 221 10569
10569 221 6226
4675 4130 13638
13638 4130 4675
4130 4675 13638
13560 1665 6439
1665 6439 13560
6439 1665 13560
7834 3939 8650
8650 3939 7834
3939 7834 8650
5321 6064 9977
6064 5321 9977
9977 5321 6064
97 8799 9678
8799 97 9678
9678 97 8799
11463 4020 4361
4020 4361 11463
4361 4020 11463
5410 3212 8875
8875 3212 5410
3212 5410 8875
3449 4295 5441
4295 3449 5441
5441 3449 4295
13211 5443 9654
5443 9654 13211
9654 5443 13211
8081 5222 13018
5222 8081 13018
13018 5222 8081
2696 13665 13669
13665 2696 13669
13669 2696 13665
1248 8713 12143
8713 1248 12143
12143 1248 8713
3840 12959 13672
12959 3840 13672
13672 3840 12959
3191 3158 7266
7266 3158 3191
3158 3191 7266
6156 2812 2820
2812 2820 6156
2820 2812 6156
2397 1 11892
1 2397 11892
11892 1 2397
11583 3580 10866
10866 3580 11583
3580 10866 11583
4888 5667 14140
5667 4888 14140
14140 4888 5667
10596 270 4069
270 4069 10596
4069 270 10596
7178 10142 11474
11474 7178 10142
10142 7178 11474
4606 10555 11402
11402 4606 10555
10555 4606 11402
14278 742 11414
742 11414 14278
11414 742 14278
2970 9697 10533
10533 2970 9697
9697 2970 10533
14485 7247 11863
11863 7247 14485
7247 11863 14485
13970 3583 13157
3583 13157 13970
13157 3583 13970
7910 9054 13232
13232 7910 9054
9054 7910 13232
12238 4541 4655
4655 4541 12238
4541 4655 12238
224 8707 12873
8707 224 12873
12873 224 8707
9150 9231 10454
9231 9150 10454
10454 9150 9231
11842 451 7120
451 7120 11842
7120 451 11842
13073 4812 8986
4812 8986 13073
8986 4812 13073
2438 3161 14132
14132 2438 3161
3161 2438 14132
14335 10265 12645
12645 10265 14335
10265 12645 14335
11174 6436 11383
11383 6436 11174
6436 11174 11383
3196 4096 13171
13171 3196 4096
4096 3196 13171
8891 9805 9813
9805 8891 9813
9813 8891 9805
4979 8846 11630
8846 4979 11630
11630 4979 8846
9100 1637 8583
8583 1637 9100
1637 8583 9100
2335 3744 14513
3744 2335 14513
14513 2335 3744
7953 2935 8905
2935 7953 8905
8905 2935 7953
11289 706 10892
706 10892 11289
10892 706 11289
7832 2009 7572
2009 7572 7832
7572 2009 7832
14471 10974 12356
12356 10974 14471
10974 12356 14471
12605 4805 7894
4805 7894 12605
7894 4805 12605
3227 2390 12637
2390 3227 12637
12637 2390 3227
14515 323 5128
323 5128 14515
5128 323 14515
3130 3642 7608
3642 3130 7608
7608 3130 3642
13584 1373 12593
12593 1373 13584
1373 12593 13584
14691 3111 11741
11741 3111 14691
3111 11741 14691
11652 6550 10859
10859 6550 11652
6550 10859 11652
10516 6295 14296
14296 6295 10516
6295 10516 14296
4663 9797 13146
9797 4663 13146
13146 4663 9797
10812 8611 10656
10656 8611 10812
8611 10656 10812
2368 4664 8884
4664 2368 8884
8884 2368 4664
5978 705 10865
705 5978 10865
10865 705 5978
14446 6679 13867
13867 6679 14446
6679 13867 14446
12978 8810 12322
8810 12322 12978
12322 8810 12978
3993 2181 4730
2181 3993 4730
4730 2181 3993
14863 4186 5332
4186 5332 14863
5332 4186 14863
13981 1932 3343
1932 3343 13981
3343 1932 13981
5282 2979 6165
2979 5282 6165
6165 2979 5282
8397 8674 10381
10381 8397 8674
8674 8397 10381
4706 12386 13994
13994 4706 12386
12386 4706 13994
6633 1371 8867
1371 6633 8867
8867 1371 6633
14386 1990 12122
12122 1990 14386
1990 12122 14386
10322 2240 12454
12454 2240 10322
2240 10322 12454
2264 1124 5638
1124 2264 5638
5638 1124 2264
14555 11167 14249
14249 11167 14555
11167 14249 14555
231 3550 5047
5047 231 3550
3550 231 5047
1692 4771 7318
4771 1692 7318
7318 1692 4771
12480 3584 12195
3584 12195 12480
12195 3584 12480
12023 11097 14020
11097 12023 14020
14020 11097 12023
2983 4445 11108
4445 2983 11108
11108 2983 4445
4760 2005 6640
2005 4760 6640
6640 2005 4760
3531 809 10575
10575 809 3531
809 3531 10575
10212 6104 10540
10540 6104 10212
6104 10212 10540
9592 9992 11909
9992 9592 11909
11909 9592 9992
2900 1590 5243
5243 1590 2900
1590 2900 5243
9616 1924 11592
1924 9616 11592
11592 1924 9616
14028 6836 9898
9898 6836 14028
6836 9898 14028
7135 6805 12415
6805 7135 12415
12415 6805 7135
741 2985 14351
14351 741 2985
2985 741 14351
5446 1527 7839
1527 5446 7839
7839 1527 5446
3022 1131 11895
1131 3022 11895
11895 1131 3022
10093 2601 4076
4076 2601 10093
2601 4076 10093
3758 1211 9108
9108 1211 3758
1211 3758 9108
10937 4795 14802
4795 10937 14802
14802 4795 10937
11119 3342 14324
3342 11119 14324
14324 3342 11119
11870 8943 14057
8943 11870 14057
14057 8943 11870
6760 5759 8900
8900 5759 6760
5759 6760 8900
7901 5292 11526
11526 5292 7901
5292 7901 11526
3081 2302 13471
13471 2302 3081
2302 3081 13471
13286 4525 7554
4525 7554 13286
7554 4525 13286
8394 6450 10231
10231 6450 8394
6450 8394 10231
13549 2371 14411
14411 2371 13549
2371 13549 14411
5254 4742 14870
4742 5254 14870
14870 4742 5254
11685 1240 2064
2064 1240 11685
1240 2064 11685
10500 1192 5369
1192 5369 10500
5369 1192 10500
4893 5633 14199
14199 4893 5633
5633 4893 14199
8119 7610 14854
14854 7610 8119
7610 8119 14854
10168 4171 14081
4171 10168 14081
14081 4171 10168
1727 2324 14851
2324 1727 14851
14851 1727 2324
135 1746 6506
1746 135 6506
6506 135 1746
14786 995 11838
11838 995 14786
995 11838 14786
9509 725 5910
725 5910 9509
5910 725 9509
565 7088 9235
7088 565 9235
9235 565 7088
5044 772 13878
13878 772 5044
772 5044 13878
12870 4716 6380
4716 6380 12870
6380 4716 12870
9178 9479 11440
9479 9178 11440
11440 9178 9479
8748 998 14789
14789 998 8748
998 8748 14789
1613 3756 3998
3756 1613 3998
3998 1613 3756
3422 2185 7518
7518 2185 3422
2185 3422 7518
4465 1504 2359
1504 2359 4465
2359 1504 4465
9213 968 10207
10207 968 9213
968 9213 10207
4507 2293 5672
5672 2293 4507
2293 4507 5672
4426 137 14682
137 4426 14682
14682 137 4426
10898 488 1735
488 1735 10898
1735 488 10898
11678 1181 10453
10453 1181 11678
1181 10453 11678
6496 6462 11858
6462 6496 11858
11858 6462 6496
6255 7981 12197
12197 6255 7981
7981 6255 12197
7134 5444 10059
5444 7134 10059
10059 5444 7134
1733 2472 7670
7670 1733 2472
2472 1733 7670
14924 3194 5526
3194 5526 14924
5526 3194 14924
5813 2839 8524
2839 5813 8524
8524 2839 5813
2278 12701 13269
13269 2278 12701
12701 2278 13269
10227 7275 7641
7641 7275 10227
7275 7641 10227
13555 3064 8349
3064 8349 13555
8349 3064 13555
1863 1320 11248
11248 1320 1863
1320 1863 11248
1811 6849 9014
6849 1811 9014
9014 1811 6849
579 8816 9544
8816 579 9544
9544 579 8816
9961 4959 5365
4959 5365 9961
5365 4959 9961
11212 8742 14315
8742 11212 14315
14315 8742 11212
5704 11373 14239
14239 5704 11373
11373 5704 14239
3638 12020 13365
13365 3638 12020
12020 3638 13365
5722 8212 14928
14928 5722 8212
8212 5722 14928
7533 7303 9932
7303 7533 9932
9932 7303 7533
10616 473 9156
9156 473 10616
473 9156 10616
3633 10033 10112
10112 3633 10033
10033 3633 10112
14711 1707 2906
1707 2906 14711
2906 1707 14711
9675 9190 14169
9190 9675 14169
14169 9190 9675
12254 6868 12833
6868 12254 12833
12833 6868 12254
13881 6982 13641
6982 13641 13881
13641 6982 13881
2258 1333 7880
1333 2258 7880
7880 1333 2258
12689 8476 10198
10198 8476 12689
8476 10198 12689
13484 428 2621
2621 428 13484
428 2621 13484
7762 2053 10713
2053 7762 10713
10713 2053 7762
8854 7991 13661
13661 7991 8854
7991 8854 13661
7919 4025 14848
14848 4025 7919
4025 7919 14848
2716 6513 6579
6513 2716 6579
6579 2716 6513
1869 1876 12490
12490 1869 1876
1876 1869 12490
925 71 7497
71 925 7497
7497 71 925
13054 4521 6319
6319 4521 13054
4521 6319 13054
7838 960 12866
12866 960 7838
960 7838 12866
8963 914 8130
914 8130 8963
8130 914 8963
12357 1368 1757
1757 1368 12357
1368 1757 12357
12934 5196 11120
11120 5196 12934
5196 11120 12934
2105 673 3445
673 2105 3445
3445 673 2105
5824 2798 8642
8642 2798 5824
2798 5824 8642
2235 3153 12076
12076 2235 3153
3153 2235 12076
13392 6902 9500
9500 6902 13392
6902 9500 13392
3485 2781 10149
2781 3485 10149
10149 2781 3485
10460 3232 8999
3232 8999 10460
8999 3232 10460
7000 3122 3475
3475 3122 7000
3122 3475 7000
1747 9971 10805
9971 1747 10805
10805 1747 9971
2330 6750 10228
6750 2330 10228
10228 2330 6750
11466 3015 3097
3097 3015 11466
3015 3097 11466
3535 6098 13023
6098 3535 13023
13023 3535 6098
8599 3858 14930
3858 8599 14930
14930 3858 8599
11443 2978 5619
2978 5619 11443
5619 2978 11443
3733 2055 10750
2055 3733 10750
10750 2055 3733
10752 3096 9209
3096 9209 10752
9209 3096 10752
14327 13224 13592
13224 13592 14327
13592 13224 14327
11449 2174 14330
14330 2174 11449
2174 11449 14330
5496 2902 12587
12587 2902 5496
2902 5496 12587
2162 747 11657
747 2162 11657
11657 747 2162
2004 6427 11893
6427 2004 11893
11893 2004 6427
13598 11399 12995
11399 12995 13598
12995 11399 13598
8123 3761 4801
4801 3761 8123
3761 4801 8123
6139 10686 10756
10686 6139 10756
10756 6139 10686
13399 1350 1966
1966 1350 13399
1350 1966 13399
1489 640 7896
640 1489 7896
7896 640 1489
3696 6449 11470
11470 3696 6449
6449 3696 11470
13449 3735 14933
3735 13449 14933
14933 3735 13449
8858 3285 14528
14528 3285 8858
3285 8858 14528
11222 3532 13944
13944 3532 11222
3532 11222 13944
9538 10021 10582
10021 9538 10582
10582 9538 10021
5071 11401 14220
14220 5071 11401
11401 5071 14220
11757 282 2312
282 2312 11757
2312 282 11757
2282 2854 7239
7239 2282 2854
2854 2282 7239
13955 531 10799
531 10799 13955
10799 531 13955
14784 2144 9387
2144 9387 14784
9387 2144 14784
6408 2553 11388
2553 6408 11388
11388 2553 6408
9390 11721 12079
11721 9390 12079
12079 9390 11721
3294 1039 3981
1039 3294 3981
3981 1039 3294
3575 7334 12675
12675 3575 7334
7334 3575 12675
3537 5756 10438
5756 3537 10438
10438 3537 5756
847 8853 11405
11405 847 8853
8853 847 11405
8174 4024 6520
4024 6520 8174
6520 4024 8174
14346 9090 10195
10195 9090 14346
9090 10195 14346
13386 3715 12916
12916 3715 13386
3715 12916 13386
11634 5712 13316
13316 5712 11634
5712 11634 13316
14426 4901 14010
4901 14010 14426
14010 4901 14426
4152 1658 14397
1658 4152 14397
14397 1658 4152
2663 4158 14611
4158 2663 14611
14611 2663 4158
14796 3454 3805
3454 3805 14796
3805 3454 14796
13213 4806 13260
4806 13213 13260
13260 4806 13213
11575 2568 14474
14474 2568 11575
2568 11575 14474
9499 7601 13029
13029 7601 9499
7601 9499 13029
14654 3132 14646
14646 3132 14654
3132 14646 14654
8610 1374 9102
9102 1374 8610
1374 8610 9102
8719 1416 9397
9397 1416 8719
1416 8719 9397
2528 5390 11809
5390 2528 11809
11809 2528 5390
10660 6044 13345
13345 6044 10660
6044 10660 13345
3170 6967 9237
9237 3170 6967
6967 3170 9237
9926 22 14106
14106 22 9926
22 9926 14106
11360 8537 13898
8537 11360 13898
13898 8537 11360
11764 8648 13271
8648 11764 13271
13271 8648 11764
12777 8196 14073
8196 12777 14073
14073 8196 12777
813 4392 11050
11050 813 4392
4392 813 11050
2153 2100 5818
5818 2100 2153
2100 2153 5818
11430 1589 2241
1589 2241 11430
2241 1589 11430
534 7005 7505
7505 534 7005
7005 534 7505
931 4804 11159
4804 931 11159
11159 931 4804
1091 7787 8927
7787 1091 8927
8927 1091 7787
4993 599 1020
1020 599 4993
599 1020 4993
5992 2679 10971
10971 2679 5992
2679 5992 10971
8959 9516 12488
12488 8959 9516
9516 8959 12488
2955 4591 10732
10732 2955 4591
4591 2955 10732
2086 912 14946
14946 912 2086
912 2086 14946
8116 3929 6772
6772 3929 8116
3929 6772 8116
4055 10526 12588
12588 4055 10526
10526 4055 12588
1786 8171 9811
9811 1786 8171
8171 1786 9811
464 1910 3301
3301 464 1910
1910 464 3301
4439 698 5411
5411 698 4439
698 4439 5411
8385 939 3634
939 3634 8385
3634 939 8385
4950 11169 14659
11169 4950 14659
14659 4950 11169
14273 1541 8279
1541 8279 14273
8279 1541 14273
14823 10775 14281
14281 10775 14823
10775 14281 14823
13087 9993 11247
11247 9993 13087
9993 11247 13087
12160 3128 5467
5467 3128 12160
3128 5467 12160
10485 5925 11379
5925 10485 11379
11379 5925 10485
2362 3963 9809
9809 2362 3963
3963 2362 9809
11669 1327 10707
10707 1327 11669
1327 10707 11669
7709 13197 14133
13197 7709 14133
14133 7709 13197
3734 8596 13311
8596 3734 13311
13311 3734 8596
9243 2482 6163
6163 2482 9243
2482 6163 9243
13977 7739 10240
7739 10240 13977
10240 7739 13977
1999 6189 11268
6189 1999 11268
11268 1999 6189
13128 4262 6734
4262 6734 13128
6734 4262 13128
9530 10899 14388
14388 9530 10899
10899 9530 14388
14819 5566 8330
8330 5566 14819
5566 8330 14819
8856 554 10269
10269 554 8856
554 8856 10269
617 436 3785
3785 436 617
436 617 3785
13573 2151 10128
2151 10128 13573
10128 2151 13573
1689 5055 7465
5055 1689 7465
7465 1689 5055
3662 456 11866
456 3662 11866
11866 456 3662
789 3473 13455
13455 789 3473
3473 789 13455
585 3244 8085
8085 585 3244
3244 585 8085
163 1787 4302
4302 163 1787
1787 163 4302
9438 8315 14309
8315 9438 14309
14309 8315 9438
1656 674 8730
674 1656 8730
8730 674 1656
6029 3322 14131
3322 6029 14131
14131 3322 6029
12530 7101 7594
7101 7594 12530
7594 7101 12530
9708 4353 11919
11919 4353 9708
4353 9708 11919
12562 990 5235
990 5235 12562
5235 990 12562
11663 9560 14975
9560 11663 14975
14975 9560 11663
12263 3573 7392
7392 3573 12263
3573 7392 12263
382 9215 14743
9215 382 14743
14743 382 9215
10631 3356 5960
3356 5960 10631
5960 3356 10631
2931 2210 6259
2210 2931 6259
6259 2210 2931
11218 1219 2107
1219 2107 11218
2107 1219 11218
399 1317 5598
5598 399 1317
1317 399 5598
5580 6371 14739
6371 5580 14739
14739 5580 6371
11166 412 7600
7600 412 11166
412 7600 11166
5252 1854 8055
1854 5252 8055
8055 1854 5252
9427 6369 10041
10041 6369 9427
6369 9427 10041
2542 3271 7680
7680 2542 3271
3271 2542 7680
9636 4037 6184
4037 6184 9636
6184 4037 9636
7356 6395 12834
6395 7356 12834
12834 6395 7356
14904 2025 5240
5240 2025 14904
2025 5240 14904
12639 12930 13816
12930 12639 13816
13816 12639 12930
13432 2566 14866
14866 2566 13432
2566 13432 14866
739 7936 14054
14054 739 7936
7936 739 14054
3409 3802 4440
3802 3409 4440
4440 3409 3802
1078 1890 8950
8950 1078 1890
1890 1078 8950
1697 2070 9831
9831 1697 2070
2070 1697 9831
2769 4009 12291
12291 2769 4009
4009 2769 12291
2208 658 5832
5832 658 2208
658 2208 5832
678 6825 14482
14482 678 6825
6825 678 14482
14911 2889 5287
5287 2889 14911
2889 5287 14911
1537 9369 9757
9369 1537 9757
9757 1537 9369
8175 3262 6495
6495 3262 8175
3262 6495 8175
3860 316 13954
13954 316 3860
316 3860 13954
13572 3737 9048
3737 9048 13572
9048 3737 13572
3927 1873 7229
7229 1873 3927
1873 3927 7229
12799 11246 13289
13289 11246 12799
11246 12799 13289
14634 6883 10498
10498 6883 14634
6883 10498 14634
1899 6553 9318
6553 1899 9318
9318 1899 6553
4370 8148 9081
8148 4370 9081
9081 4370 8148
14964 936 7940
936 7940 14964
7940 936 14964
11107 4143 14647
4143 11107 14647
14647 4143 11107
5182 9001 12763
9001 5182 12763
12763 5182 9001
10703 889 5648
5648 889 10703
889 5648 10703
142 9409 14437
9409 142 14437
14437 142 9409
8168 5507 10220
10220 5507 8168
5507 8168 10220
5358 7105 9440
7105 5358 9440
9440 5358 7105
3701 5356 12506
5356 3701 12506
12506 3701 5356
1525 1275 11412
1275 1525 11412
11412 1275 1525
5267 798 5352
798 5267 5352
5352 798 5267
7254 7760 10531
7760 7254 10531
10531 7254 7760
6466 8786 9712
9712 6466 8786
8786 6466 9712
6333 162 1019
1019 162 6333
162 1019 6333
4147 3740 8749
8749 3740 4147
3740 4147 8749
2222 5693 8578
8578 2222 5693
5693 2222 8578
13121 5809 7023
7023 5809 13121
5809 7023 13121
6696 9061 14883
14883 6696 9061
9061 6696 14883
7329 6693 11599
6693 7329 11599
11599 6693 7329
130 4941 8425
8425 130 4941
4941 130 8425
10889 10644 12692
10644 10889 12692
12692 10644 10889
14840 7496 13708
13708 7496 14840
7496 13708 14840
14261 409 14122
409 14122 14261
14122 409 14261
9512 5654 10376
10376 5654 9512
5654 9512 10376
13059 6213 8201
8201 6213 13059
6213 8201 13059
4151 1929 7144
1929 4151 7144
7144 1929 4151
344 12475 14627
12475 344 14627
14627 344 12475
5715 13668 14605
13668 5715 14605
14605 5715 13668
5022 1305 6421
6421 1305 5022
1305 5022 6421
13602 6735 14447
14447 6735 13602
6735 13602 14447
1198 6518 12453
6518 1198 12453
12453 1198 6518
13478 63 1882
1882 63 13478
63 1882 13478
2779 10250 14617
10250 2779 14617
14617 2779 10250
5308 4052 10355
4052 5308 10355
10355 4052 5308
8314 6478 9388
9388 6478 8314
6478 8314 9388
11243 6889 12100
6889 11243 12100
12100 6889 11243
1262 2576 9690
2576 1262 9690
9690 1262 2576
5206 7209 9657
7209 5206 9657
9657 5206 7209
14895 5285 12255
12255 5285 14895
5285 12255 14895
9439 9779 12101
9779 9439 12101
12101 9439 9779
8313 7367 8638
7367 8313 8638
8638 7367 8313
1435 10595 10914
10595 1435 10914
10914 1435 10595
1073 1853 3121
3121 1073 1853
1853 1073 3121
13700 11351 14317
11351 13700 14317
14317 11351 13700
13477 2402 11532
2402 11532 13477
11532 2402 13477
3948 6777 10731
10731 3948 6777
6777 3948 10731
9972 8510 9192
9192 8510 9972
8510 9192 9972
14977 4266 12854
12854 4266 14977
4266 12854 14977
358 2411 4796
4796 358 2411
2411 358 4796
13308 12305 14618
14618 12305 13308
12305 13308 14618
14615 4234 13594
4234 13594 14615
13594 4234 14615
2013 9303 14852
9303 2013 14852
14852 2013 9303
3237 1160 9722
9722 1160 3237
1160 3237 9722
6151 9482 12560
12560 6151 9482
9482 6151 12560
9928 4572 12329
12329 4572 9928
4572 9928 12329
8591 170 14790
170 8591 14790
14790 170 8591
1266 5381 10201
10201 1266 5381
5381 1266 10201
370 12148 14795
14795 370 12148
12148 370 14795
3044 1323 2642
2642 1323 3044
1323 2642 3044
11815 7968 8548
7968 8548 11815
8548 7968 11815
8444 13535 14959
13535 8444 14959
14959 8444 13535
7157 3259 10747
3259 7157 10747
10747 3259 7157
11653 5035 10387
10387 5035 11653
5035 10387 11653
12582 4453 4627
4627 4453 12582
4453 4627 12582
14811 8200 14308
8200 14308 14811
14308 8200 14811
951 13155 14255
13155 951 14255
14255 951 13155
14557 3101 13426
3101 13426 14557
13426 3101 14557
2540 10475 11559
11559 2540 10475
10475 2540 11559
7493 3057 7448
7448 3057 7493
3057 7448 7493
9335 9364 9442
9364 9335 9442
9442 9335 9364
8477 4050 12861
4050 8477 12861
12861 4050 8477
5069 13755 14589
14589 5069 13755
13755 5069 14589
13078 4057 10412
4057 10412 13078
10412 4057 13078
8044 7336 7665
7665 7336 8044
7336 7665 8044
12526 7094 9960
7094 9960 12526
9960 7094 12526
14410 7975 9055
9055 7975 14410
7975 9055 14410
13997 81 12899
12899 81 13997
81 12899 13997
10711 2173 10545
10545 2173 10711
2173 10545 10711
6454 2103 11771
11771 2103 6454
2103 6454 11771
9667 8135 13844
8135 9667 13844
13844 8135 9667
4890 3750 11067
11067 3750 4890
3750 4890 11067
9398 2564 5571
5571 2564 9398
2564 5571 9398
9155 7079 13976
7079 9155 13976
13976 7079 9155
9549 9423 13676
13676 9423 9549
9423 9549 13676
1376 3344 13494
13494 1376 3344
3344 1376 13494
5567 1245 1361
1245 1361 5567
1361 1245 5567
9295 238 2081
238 2081 9295
2081 238 9295
11161 2492 12844
12844 2492 11161
2492 11161 12844
3545 9113 13927
13927 3545 9113
9113 3545 13927
9220 989 1952
989 1952 9220
1952 989 9220
1172 350 7636
7636 350 1172
350 1172 7636
1431 12231 12761
12761 1431 12231
12231 1431 12761
5650 3626 8715
8715 3626 5650
3626 5650 8715
11225 8273 12461
8273 11225 12461
12461 8273 11225
6406 15 5110
5110 15 6406
15 5110 6406
9683 1497 11398
1497 9683 11398
11398 1497 9683
14372 3173 13925
3173 13925 14372
13925 3173 14372
6664 4283 11117
4283 6664 11117
11117 4283 6664
8475 4241 10952
10952 4241 8475
4241 8475 10952
6102 9873 14678
14678 6102 9873
9873 6102 14678
8031 1278 2638
1278 2638 8031
2638 1278 8031
12283 7219 12105
12105 7219 12283
7219 12105 12283
1190 1298 1915
1298 1190 1915
1915 1190 1298
13026 664 14283
14283 664 13026
664 13026 14283
3871 9634 12552
9634 3871 12552
12552 3871 9634
14206 2732 11391
2732 11391 14206
11391 2732 14206
117 7738 9681
7738 117 9681
9681 117 7738
6773 6995 9543
6995 6773 9543
9543 6773 6995
4409 374 9579
374 4409 9579
9579 374 4409
1206 366 6154
366 1206 6154
6154 366 1206
1309 5315 10388
10388 1309 5315
5315 1309 10388
10946 6820 9925
6820 9925 10946
9925 6820 10946
13064 2883 11444
2883 11444 13064
11444 2883 13064
2045 13733 13935
13935 2045 13733
13733 2045 13935
9705 188 12140
12140 188 9705
188 9705 12140
176 3027 3784
3784 176 3027
3027 176 3784
16 2452 9296
9296 16 2452
2452 16 9296
2624 1571 2307
1571 2307 2624
2307 1571 2624
14890 630 773
773 630 14890
630 773 14890
14297 1771 11458
11458 1771 14297
1771 11458 14297
756 5288 14742
5288 756 14742
14742 756 5288
8758 3752 4732
4732 3752 8758
3752 4732 8758
2416 1725 5765
1725 2416 5765
5765 1725 2416
12776 2757 6931
6931 2757 12776
2757 6931 12776
651 602 11139
602 651 11139
11139 602 651
4722 6969 7635
6969 4722 7635
7635 4722 6969
7658 205 12945
205 7658 12945
12945 205 7658
12093 2163 7817
2163 7817 12093
7817 2163 12093
2376 1345 3042
1345 2376 3042
3042 1345 2376
7620 7552 13786
7552 7620 13786
13786 7552 7620
14681 11205 12967
12967 11205 14681
11205 12967 14681
4098 8041 8738
8041 4098 8738
8738 4098 8041
8246 1904 3149
3149 1904 8246
1904 3149 8246
1902 9821 12792
12792 1902 9821
9821 1902 12792
3524 2047 2695
2695 2047 3524
2047 2695 3524
1930 6999 14218
14218 1930 6999
6999 1930 14218
12359 12528 13281
13281 12359 12528
12528 12359 13281
8647 3363 4311
4311 3363 8647
3363 4311 8647
1971 3215 8918
3215 1971 8918
8918 1971 3215
7963 3628 6706
6706 3628 7963
3628 6706 7963
5152 2702 5508
2702 5152 5508
5508 2702 5152
245 6979 11948
6979 245 11948
11948 245 6979
2318 8559 14767
14767 2318 8559
8559 2318 14767
5700 8686 12968
12968 5700 8686
8686 5700 12968
10846 1384 9707
1384 9707 10846
9707 1384 10846
12425 3004 7630
3004 7630 12425
7630 3004 12425
1516 3707 8284
3707 1516 8284
8284 1516 3707
8627 6944 7495
6944 7495 8627
7495 6944 8627
6838 19 4511
