1344 362 485
485 362 1344
362 485 1344
667 192 841
841 192 667
192 667 841
243 133 1117
133 243 1117
1117 133 243
1372 9 598
9 598 1372
598 9 1372
665 185 903
185 665 903
903 185 665
1224 509 727
727 509 1224
509 727 1224
1171 59 584
59 584 1171
584 59 1171
1095 855 1466
1466 855 1095
855 1095 1466
1010 118 1223
1223 118 1010
118 1010 1223
1027 439 1371
439 1027 1371
1371 439 1027
1024 393 506
506 393 1024
393 506 1024
883 641 701
641 701 883
701 641 883
115 543 1141
543 115 1141
1141 115 543
431 775 1140
775 431 1140
1140 431 775
276 722 737
722 276 737
737 276 722
693 251 459
459 251 693
251 459 693
1441 897 1325
897 1325 1441
1325 897 1441
688 128 1091
128 688 1091
1091 128 688
1090 151 259
151 259 1090
259 151 1090
533 1306 1482
1482 533 1306
1306 533 1482
1082 521 831
831 521 1082
521 831 1082
552 67 437
437 67 552
67 437 552
4 154 894
894 4 154
154 4 894
1376 432 1275
432 1275 1376
1275 432 1376
1135 209 447
447 209 1135
209 447 1135
66 600 766
766 66 600
600 66 766
107 522 937
522 107 937
937 107 522
179 794 1472
1472 179 794
794 179 1472
980 755 1096
1096 755 980
755 980 1096
601 438 550
550 438 601
438 550 601
767 64 283
283 64 767
64 283 767
1259 741 1089
1089 741 1259
741 1089 1259
493 567 632
567 493 632
632 493 567
1109 79 1293
79 1109 1293
1293 79 1109
778 34 227
34 227 778
227 34 778
1017 517 1127
517 1017 1127
1127 517 1017
194 414 1400
1400 194 414
414 194 1400
475 481 817
481 475 817
817 475 481
377 538 652
652 377 538
538 377 652
328 98 143
143 98 328
98 143 328
1467 924 1181
924 1181 1467
1181 924 1467
537 207 214
207 214 537
214 207 537
1273 261 380
380 261 1273
261 380 1273
631 1270 1328
1328 631 1270
1270 631 1328
1387 539 545
539 545 1387
545 539 1387
781 1005 1064
1064 781 1005
1005 781 1064
581 184 1040
184 581 1040
1040 184 581
141 250 1326
250 141 1326
1326 141 250
134 1408 1481
1481 134 1408
1408 134 1481
1486 1338 1354
1354 1338 1486
1338 1354 1486
1197 65 1170
1170 65 1197
65 1170 1197
1495 83 260
83 260 1495
260 83 1495
1415 1080 1212
1212 1080 1415
1080 1212 1415
73 370 1373
1373 73 370
370 73 1373
1388 1102 1121
1102 1121 1388
1121 1102 1388
541 213 1357
213 541 1357
1357 213 541
1278 50 616
616 50 1278
50 616 1278
267 237 1347
237 267 1347
1347 237 267
1242 792 1434
792 1242 1434
1434 792 1242
161 80 310
80 161 310
310 80 161
776 363 1052
363 776 1052
1052 363 776
1199 423 1047
1047 423 1199
423 1047 1199
1396 345 1015
345 1015 1396
1015 345 1396
1491 231 860
231 860 1491
860 231 1491
738 101 1191
101 738 1191
1191 101 738
1317 858 1488
858 1317 1488
1488 858 1317
1356 602 1284
602 1284 1356
1284 602 1356
1345 913 1083
1083 913 1345
913 1083 1345
1298 386 576
386 576 1298
576 386 1298
1468 295 1232
295 1232 1468
1232 295 1468
1497 169 205
205 169 1497
169 205 1497
621 96 851
96 621 851
851 96 621
733 575 1464
1464 575 733
575 733 1464
430 137 553
553 137 430
137 430 553
490 110 253
253 110 490
110 253 490
786 411 418
418 411 786
411 418 786
930 457 562
457 562 930
562 457 930
644 343 676
343 644 676
676 343 644
1043 527 801
801 527 1043
527 801 1043
387 531 645
645 387 531
531 387 645
1282 152 586
152 586 1282
586 152 1282
441 371 822
822 371 441
371 441 822
62 857 1335
857 62 1335
1335 62 857
77 445 1061
1061 77 445
445 77 1061
1254 94 1247
94 1247 1254
1247 94 1254
790 368 828
828 368 790
368 790 828
958 1384 1498
1384 958 1498
1498 958 1384
1350 384 1168
1168 384 1350
384 1168 1350
108 210 921
921 108 210
210 108 921
703 626 1132
1132 626 703
626 703 1132
1406 618 751
618 751 1406
751 618 1406
264 795 1496
795 264 1496
1496 264 795
1055 715 861
715 861 1055
861 715 1055
952 705 1174
705 952 1174
1174 705 952
793 272 534
534 272 793
272 534 793
1475 1134 1427
1427 1134 1475
1134 1427 1475
1123 809 1272
809 1123 1272
1272 809 1123
256 450 867
867 256 450
450 256 867
281 1150 1489
1150 281 1489
1489 281 1150
1336 1187 1453
1453 1187 1336
1187 1336 1453
41 187 686
187 41 686
686 41 187
1125 1088 1424
1424 1088 1125
1088 1125 1424
979 730 1020
730 979 1020
1020 730 979
1160 38 843
38 843 1160
843 38 1160
95 204 220
204 95 220
220 95 204
404 320 888
888 320 404
320 404 888
689 224 1435
1435 224 689
224 689 1435
949 977 1042
1042 949 977
977 949 1042
992 682 1257
682 992 1257
1257 682 992
816 558 635
635 558 816
558 635 816
390 162 1045
162 390 1045
1045 162 390
1077 1235 1439
1439 1077 1235
1235 1077 1439
1266 170 637
637 170 1266
170 637 1266
1477 826 1403
826 1403 1477
1403 826 1477
130 870 1480
870 130 1480
1480 130 870
1074 639 1438
639 1074 1438
1438 639 1074
37 183 402
402 37 183
183 37 402
994 193 1479
193 994 1479
1479 193 994
389 648 1268
1268 389 648
648 389 1268
1243 159 503
159 503 1243
503 159 1243
1062 43 1245
43 1062 1245
1245 43 1062
360 346 1367
346 360 1367
1367 346 360
1340 555 1397
555 1340 1397
1397 555 1340
85 984 998
984 85 998
998 85 984
950 35 1445
35 950 1445
1445 35 950
935 202 754
202 754 935
754 202 935
1398 1060 1417
1417 1060 1398
1060 1398 1417
798 307 1305
1305 307 798
307 798 1305
5 544 1433
544 5 1433
1433 5 544
1176 132 669
132 669 1176
669 132 1176
1269 374 472
472 374 1269
374 472 1269
651 1059 1455
1455 651 1059
1059 651 1455
279 965 1368
1368 279 965
965 279 1368
779 510 1409
1409 510 779
510 779 1409
662 454 570
454 570 662
570 454 662
1355 382 764
764 382 1355
382 764 1355
1410 329 936
936 329 1410
329 936 1410
238 791 1457
1457 238 791
791 238 1457
313 477 918
477 313 918
918 313 477
684 191 596
191 596 684
596 191 684
589 219 862
862 219 589
219 589 862
456 316 536
316 456 536
536 316 456
1058 84 1075
1075 84 1058
84 1058 1075
595 422 630
630 422 595
422 595 630
869 375 1183
375 869 1183
1183 375 869
699 1285 1299
1285 699 1299
1299 699 1285
97 785 1049
785 97 1049
1049 97 785
190 1079 1253
1079 190 1253
1253 190 1079
149 844 1152
1152 149 844
844 149 1152
153 247 698
247 153 698
698 153 247
1000 463 757
757 463 1000
463 757 1000
993 1041 1233
1041 993 1233
1233 993 1041
266 842 929
929 266 842
842 266 929
444 146 674
146 444 674
674 146 444
58 1198 1414
1198 58 1414
1414 58 1198
1169 334 796
796 334 1169
334 796 1169
1196 638 963
638 963 1196
963 638 1196
33 1092 1100
1092 33 1100
1100 33 1092
467 45 1162
45 467 1162
1162 45 467
1022 468 988
468 988 1022
988 468 1022
620 271 752
271 620 752
752 271 620
719 834 982
982 719 834
834 719 982
1105 526 1431
1431 526 1105
526 1105 1431
653 868 899
899 653 868
868 653 899
1029 19 1129
1129 19 1029
19 1029 1129
780 1067 1333
1333 780 1067
1067 780 1333
1264 983 1099
983 1099 1264
1099 983 1264
201 940 1374
1374 201 940
940 201 1374
964 458 760
760 458 964
458 760 964
713 443 455
443 455 713
455 443 713
1405 579 974
974 579 1405
579 974 1405
1451 54 61
61 54 1451
54 61 1451
659 304 351
351 304 659
304 351 659
74 89 388
388 74 89
89 74 388
1094 6 69
6 69 1094
69 6 1094
771 478 502
502 478 771
478 502 771
1280 81 333
81 333 1280
333 81 1280
17 262 1208
1208 17 262
262 17 1208
1202 815 1009
815 1009 1202
1009 815 1202
523 125 347
347 125 523
125 347 523
504 619 1339
1339 504 619
619 504 1339
806 319 1222
1222 319 806
319 806 1222
1444 654 1072
1072 654 1444
654 1072 1444
825 1297 1407
1297 825 1407
1407 825 1297
1460 344 409
344 409 1460
409 344 1460
470 291 446
291 446 470
446 291 470
479 20 747
747 20 479
20 479 747
424 199 1446
199 424 1446
1446 199 424
885 426 1218
1218 426 885
426 885 1218
277 241 670
670 241 277
241 277 670
931 135 1013
1013 135 931
135 931 1013
451 759 1065
759 451 1065
1065 451 759
269 939 973
973 269 939
939 269 973
1234 976 1211
1211 976 1234
976 1211 1234
819 255 683
683 255 819
255 683 819
807 407 1364
1364 407 807
407 807 1364
756 1146 1226
1226 756 1146
1146 756 1226
556 341 366
341 366 556
366 341 556
1108 1097 1484
1097 1108 1484
1484 1097 1108
1159 353 1450
353 1159 1450
1450 353 1159
709 898 1337
898 709 1337
1337 709 898
1351 726 910
726 910 1351
910 726 1351
975 487 1023
1023 487 975
487 975 1023
1456 1155 1164
1164 1155 1456
1155 1164 1456
891 405 462
405 462 891
462 405 891
1076 10 186
186 10 1076
10 186 1076
1485 881 1412
881 1412 1485
1412 881 1485
1118 932 1448
1448 932 1118
932 1118 1448
734 129 160
129 160 734
160 129 734
997 14 324
324 14 997
14 324 997
1449 239 902
239 902 1449
902 239 1449
800 1006 1172
1172 800 1006
1006 800 1172
847 75 91
75 91 847
91 75 847
574 805 1494
805 574 1494
1494 574 805
1192 728 1166
728 1166 1192
1166 728 1192
76 150 1087
1087 76 150
150 76 1087
246 312 1292
312 246 1292
1292 246 312
275 461 1158
1158 275 461
461 275 1158
1286 171 1011
171 1011 1286
1011 171 1286
629 1069 1277
1277 629 1069
1069 629 1277
782 593 1362
1362 593 782
593 782 1362
900 23 1148
1148 23 900
23 900 1148
969 646 967
646 967 969
967 646 969
309 145 480
480 145 309
145 309 480
784 1003 1106
1106 784 1003
1003 784 1106
1177 511 1039
1039 511 1177
511 1039 1177
233 623 1240
1240 233 623
623 233 1240
1454 47 420
47 420 1454
420 47 1454
606 585 850
850 585 606
585 606 850
367 549 569
549 367 569
569 367 549
1201 117 548
117 548 1201
548 117 1201
1360 712 839
712 839 1360
839 712 1360
1236 299 944
944 299 1236
299 944 1236
356 613 661
661 356 613
613 356 661
1194 433 1028
1028 433 1194
433 1028 1194
1034 25 1313
1313 25 1034
25 1034 1313
408 452 1142
452 408 1142
1142 408 452
1086 896 1377
1377 896 1086
896 1086 1377
496 878 1031
878 496 1031
1031 496 878
577 306 1241
306 577 1241
1241 306 577
1365 607 1085
1085 607 1365
607 1085 1365
582 39 292
292 39 582
39 292 582
1228 2 633
633 2 1228
2 633 1228
350 93 1474
1474 93 350
93 350 1474
257 1126 1500
1126 257 1500
1500 257 1126
379 392 1179
392 379 1179
1179 379 392
565 417 702
417 565 702
702 417 565
642 425 914
425 642 914
914 425 642
999 406 1320
406 999 1320
1320 406 999
1301 412 1244
1244 412 1301
412 1244 1301
332 70 572
70 332 572
572 70 332
294 877 1249
1249 294 877
877 294 1249
1145 226 823
823 226 1145
226 823 1145
879 163 330
330 163 879
163 330 879
119 297 369
297 119 369
369 119 297
355 442 1311
1311 355 442
442 355 1311
1307 1283 1289
1283 1289 1307
1289 1283 1307
385 92 1184
92 385 1184
1184 92 385
1175 88 893
893 88 1175
88 893 1175
339 1343 1418
1343 339 1418
1418 339 1343
611 164 559
559 164 611
164 559 611
87 401 922
922 87 401
401 87 922
56 354 731
731 56 354
354 56 731
173 111 434
111 173 434
434 111 173
671 1296 1324
1296 671 1324
1324 671 1296
489 27 554
554 27 489
27 489 554
286 68 920
920 68 286
68 286 920
1036 435 1334
1334 435 1036
435 1036 1334
1300 658 1290
658 1290 1300
1290 658 1300
1392 1026 1114
1026 1114 1392
1114 1026 1392
1428 588 1133
588 1133 1428
1133 588 1428
1021 687 1318
1318 687 1021
687 1021 1318
804 288 810
810 288 804
288 804 810
1154 278 678
678 278 1154
278 678 1154
42 488 1314
488 42 1314
1314 42 488
372 284 970
284 372 970
970 284 372
524 72 1458
1458 72 524
72 524 1458
787 695 961
961 695 787
695 787 961
1068 501 953
501 953 1068
953 501 1068
1131 358 1070
358 1070 1131
1070 358 1131
917 617 848
617 848 917
848 617 917
995 465 788
465 788 995
788 465 995
649 1 124
1 124 649
124 1 649
427 100 1037
1037 100 427
100 427 1037
1315 293 557
557 293 1315
293 557 1315
1219 497 1473
497 1219 1473
1473 497 1219
1014 249 492
249 492 1014
492 249 1014
26 395 1426
395 26 1426
1426 26 395
403 1111 1353
1353 403 1111
1111 403 1353
1310 60 928
60 928 1310
928 60 1310
835 471 668
668 471 835
471 668 835
469 508 1437
508 469 1437
1437 469 508
298 578 827
827 298 578
578 298 827
957 890 1316
890 957 1316
1316 890 957
520 874 1363
1363 520 874
874 520 1363
147 594 783
594 147 783
783 147 594
872 803 908
803 872 908
908 803 872
254 505 1421
505 254 1421
1421 254 505
947 1167 1221
1167 947 1221
1221 947 1167
1304 675 1193
1193 675 1304
675 1193 1304
1452 396 448
396 448 1452
448 396 1452
1205 951 1359
1359 951 1205
951 1205 1359
1230 126 1012
1012 126 1230
126 1012 1230
1207 551 814
814 551 1207
551 814 1207
12 311 904
311 12 904
904 12 311
590 357 1203
357 590 1203
1203 357 590
1173 1465 1499
1465 1173 1499
1499 1173 1465
744 1046 1213
1046 744 1213
1213 744 1046
340 708 1239
1239 340 708
708 340 1239
673 419 1348
419 673 1348
1348 419 673
696 560 1200
560 696 1200
1200 560 696
959 571 1381
1381 571 959
571 959 1381
1440 242 735
735 242 1440
242 735 1440
305 466 1137
466 305 1137
1137 305 466
270 609 972
609 270 972
972 270 609
797 51 956
51 797 956
956 51 797
943 116 996
996 116 943
116 943 996
36 657 1443
657 36 1443
1443 36 657
140 82 1411
82 140 1411
1411 82 140
318 955 1093
955 318 1093
1093 318 955
15 327 1025
1025 15 327
327 15 1025
1287 400 871
400 871 1287
871 400 1287
1084 13 895
895 13 1084
13 895 1084
274 181 1182
181 274 1182
1182 181 274
1308 925 1331
925 1308 1331
1331 925 1308
1420 789 1048
1048 789 1420
789 1048 1420
530 416 916
416 530 916
916 416 530
1255 905 1209
1209 905 1255
905 1209 1255
769 605 1098
1098 605 769
605 769 1098
1483 449 486
486 449 1483
449 486 1483
138 325 1149
325 138 1149
1149 138 325
22 612 681
681 22 612
612 22 681
198 772 820
820 198 772
772 198 820
18 136 285
136 18 285
285 18 136
1358 175 1225
1225 175 1358
175 1225 1358
716 282 1237
282 716 1237
1237 282 716
777 21 336
21 336 777
336 21 777
519 32 1078
1078 32 519
32 519 1078
394 473 650
473 394 650
650 394 473
535 1143 1393
1393 535 1143
1143 535 1393
1112 1057 1220
1057 1112 1220
1220 1057 1112
846 1161 1385
1161 846 1385
1385 846 1161
518 604 1322
1322 518 604
604 518 1322
155 165 240
165 155 240
240 155 165
178 880 1383
1383 178 880
880 178 1383
415 196 200
196 200 415
200 196 415
1186 206 1071
1071 206 1186
206 1071 1186
739 464 1375
1375 464 739
464 739 1375
300 90 102
90 102 300
102 90 300
28 1113 1124
1124 28 1113
1113 28 1124
1157 222 1210
1210 222 1157
222 1157 1210
1382 706 829
829 706 1382
706 829 1382
315 7 131
131 7 315
7 131 315
429 287 1279
1279 287 429
287 429 1279
1271 909 1323
1323 909 1271
909 1271 1323
1007 811 1389
1389 811 1007
811 1007 1389
1436 968 1419
968 1419 1436
1419 968 1436
1423 603 884
884 603 1423
603 884 1423
863 515 729
515 729 863
729 515 863
636 373 720
373 636 720
720 373 636
413 381 1081
381 413 1081
1081 381 413
365 986 1044
1044 365 986
986 365 1044
1361 176 1380
1380 176 1361
176 1361 1380
63 244 1303
244 63 1303
1303 63 244
946 833 1493
833 946 1493
1493 833 946
845 197 1416
197 845 1416
1416 197 845
1342 122 142
142 122 1342
122 142 1342
647 679 876
679 647 876
876 647 679
1147 218 1190
218 1147 1190
1190 218 1147
410 16 157
157 16 410
16 157 410
859 566 1394
566 859 1394
1394 566 859
248 1056 1391
1056 248 1391
1391 248 1056
11 236 717
236 11 717
717 11 236
725 168 491
491 168 725
168 491 725
1370 500 1054
500 1054 1370
1054 500 1370
624 229 290
229 290 624
290 229 624
1180 512 1119
512 1119 1180
1119 512 1180
802 49 707
49 707 802
707 49 802
376 474 1050
1050 376 474
474 376 1050
174 656 1227
656 174 1227
1227 174 656
1260 514 710
710 514 1260
514 710 1260
933 301 583
301 583 933
583 301 933
889 945 1329
945 889 1329
1329 889 945
1195 1204 1312
1312 1195 1204
1204 1195 1312
148 113 1051
1051 113 148
113 148 1051
1294 748 906
906 748 1294
748 906 1294
8 856 942
856 8 942
942 8 856
182 587 1250
1250 182 587
587 182 1250
1231 112 263
112 263 1231
263 112 1231
1008 303 1471
1471 303 1008
303 1008 1471
627 923 1130
1130 627 923
923 627 1130
1402 258 1258
1258 258 1402
258 1258 1402
1139 3 1188
3 1139 1188
1188 3 1139
482 1136 1206
1136 482 1206
1206 482 1136
289 513 1263
513 289 1263
1263 289 513
215 86 225
86 215 225
225 86 215
991 71 1487
1487 71 991
71 991 1487
195 865 1432
865 195 1432
1432 195 865
1103 561 1352
1352 561 1103
561 1103 1352
1248 978 1401
1401 978 1248
978 1248 1401
901 938 1128
1128 901 938
938 901 1128
391 573 1447
1447 391 573
573 391 1447
882 1033 1346
1033 882 1346
1346 882 1033
1429 245 1163
1163 245 1429
245 1163 1429
1309 736 1073
1073 736 1309
736 1073 1309
774 322 476
322 476 774
476 322 774
180 308 694
308 180 694
694 180 308
655 399 1019
1019 399 655
399 655 1019
114 342 568
342 114 568
568 114 342
1110 1104 1144
1144 1104 1110
1104 1110 1144
962 746 837
746 837 962
837 746 962
1107 106 911
106 911 1107
911 106 1107
317 166 987
166 317 987
987 166 317
1459 212 1492
212 1459 1492
1492 212 1459
144 615 697
615 144 697
697 144 615
30 383 690
383 30 690
690 30 383
640 854 971
854 640 971
971 640 854
742 542 1490
542 742 1490
1490 542 742
348 53 1016
53 348 1016
1016 53 348
919 853 1229
853 919 1229
1229 853 919
866 361 1413
1413 361 866
361 866 1413
1116 203 740
203 740 1116
740 203 1116
1430 721 1004
721 1004 1430
1004 721 1430
139 989 1001
1001 139 989
989 139 1001
597 547 1399
547 597 1399
1399 547 597
1276 1295 1321
1321 1276 1295
1295 1276 1321
1185 599 926
926 599 1185
599 926 1185
40 864 1341
864 40 1341
1341 40 864
852 230 1101
230 852 1101
1101 230 852
750 494 564
564 494 750
494 564 750
1274 875 1216
1216 875 1274
875 1216 1274
1442 397 799
397 799 1442
799 397 1442
540 1053 1379
1379 540 1053
1053 540 1379
749 592 1330
1330 592 749
592 749 1330
1349 104 660
660 104 1349
104 660 1349
296 252 1319
252 296 1319
1319 252 296
495 525 886
886 495 525
525 495 886
1476 628 1332
628 1332 1476
1332 628 1476
1461 849 1470
1470 849 1461
849 1461 1470
1063 314 1425
1425 314 1063
314 1063 1425
960 428 1386
1386 428 960
428 960 1386
529 591 873
873 529 591
591 529 873
337 718 818
718 337 818
818 337 718
1032 78 830
830 78 1032
78 830 1032
622 234 610
610 234 622
234 610 622
723 221 1256
221 723 1256
1256 221 723
1217 528 532
528 532 1217
532 528 1217
1281 677 948
948 677 1281
677 948 1281
1422 700 1378
1378 700 1422
700 1378 1422
1215 265 838
265 838 1215
838 265 1215
643 158 208
208 158 643
158 208 643
762 156 1189
156 762 1189
1189 156 762
763 453 745
745 453 763
453 745 763
954 813 1018
813 954 1018
1018 813 954
912 634 1120
1120 634 912
634 912 1120
1251 280 812
812 280 1251
280 812 1251
1066 352 516
352 516 1066
516 352 1066
232 189 768
768 189 232
189 232 768
359 223 941
223 359 941
941 223 359
177 188 840
840 177 188
188 177 840
1246 1462 1463
1462 1246 1463
1463 1246 1462
268 55 704
704 55 268
55 268 704
217 44 824
44 217 824
824 44 217
981 46 832
46 832 981
832 46 981
714 338 1262
338 714 1262
1262 338 714
109 499 1214
1214 109 499
499 109 1214
1261 758 1366
1366 758 1261
758 1261 1366
732 99 1122
99 732 1122
1122 99 732
1151 57 123
123 57 1151
57 123 1151
664 563 927
563 664 927
927 563 664
1138 349 440
349 440 1138
440 349 1138
1030 326 1265
1265 326 1030
326 1030 1265
685 172 724
172 685 724
724 172 685
663 985 990
985 663 990
990 663 985
743 364 1267
1267 364 743
364 743 1267
398 52 915
52 398 915
915 52 398
1478 216 1252
216 1252 1478
1252 216 1478
672 331 460
331 460 672
460 331 672
484 436 614
614 436 484
436 484 614
1395 228 235
228 235 1395
235 228 1395
753 29 211
211 29 753
29 211 753
31 1165 1178
1165 31 1178
1178 31 1165
692 378 808
378 692 808
808 378 692
821 773 934
773 821 934
934 773 821
121 302 907
907 121 302
302 121 907
625 608 1038
1038 608 625
608 625 1038
887 48 507
507 48 887
48 507 887
1390 1327 1369
1327 1369 1390
1369 1327 1390
321 892 1288
1288 321 892
892 321 1288
1238 421 966
421 966 1238
966 421 1238
1115 105 1156
1156 105 1115
105 1115 1156
666 127 761
127 666 761
761 127 666
765 680 1153
680 765 1153
1153 680 765
1002 483 836
483 836 1002
836 483 1002
24 167 1302
167 24 1302
1302 24 167
498 1035 1291
1291 498 1035
1035 498 1291
120 323 546
546 120 323
323 120 546
770 273 711
711 273 770
273 711 770
103 1404 1469
1469 103 1404
1404 103 1469
335 580 691
691 335 580
580 335 691
