5425 6251 8163
6251 5425 8163
8163 5425 6251
8267 862 6612
6612 862 8267
862 6612 8267
14638 192 9534
9534 192 14638
192 9534 14638
7845 8938 14288
14288 7845 8938
8938 7845 14288
3739 3379 7377
3379 3739 7377
7377 3379 3739
10012 3058 12489
12489 3058 10012
3058 10012 12489
8877 4442 13001
4442 8877 13001
13001 4442 8877
10944 1221 13986
1221 10944 13986
13986 1221 10944
463 1466 8135
1466 463 8135
8135 463 1466
5620 8856 14724
14724 5620 8856
8856 5620 14724
11724 3083 11295
11295 3083 11724
3083 11295 11724
12377 5177 8432
5177 8432 12377
8432 5177 12377
9974 4092 11766
11766 4092 9974
4092 9974 11766
9325 40 9792
40 9325 9792
9792 40 9325
10869 8550 13304
8550 10869 13304
13304 8550 10869
11031 5498 6739
5498 6739 11031
6739 5498 11031
11257 983 1499
1499 983 11257
983 1499 11257
9358 3328 11520
3328 9358 11520
11520 3328 9358
13076 5925 12118
12118 5925 13076
5925 12118 13076
9427 6439 14914
6439 9427 14914
14914 6439 9427
8165 8543 12710
8543 8165 12710
12710 8165 8543
4878 11516 14493
11516 4878 14493
14493 4878 11516
3165 2036 11133
11133 2036 3165
2036 3165 11133
2586 7161 11551
7161 2586 11551
11551 2586 7161
8699 2510 6867
2510 6867 8699
6867 2510 8699
10275 1177 14802
14802 1177 10275
1177 10275 14802
113 8240 13574
13574 113 8240
8240 113 13574
5664 11943 13224
13224 5664 11943
11943 5664 13224
9518 9418 9613
9613 9418 9518
9418 9518 9613
12477 3885 5643
3885 5643 12477
5643 3885 12477
2704 7877 8218
7877 2704 8218
8218 2704 7877
13347 5386 12482
12482 5386 13347
5386 12482 13347
9935 7866 12280
7866 9935 12280
12280 7866 9935
4550 1657 11678
1657 4550 11678
11678 1657 4550
1806 1163 13025
13025 1163 1806
1163 1806 13025
2463 5667 13454
13454 2463 5667
5667 2463 13454
4632 11065 11807
11807 4632 11065
11065 4632 11807
3468 7883 8374
7883 3468 8374
8374 3468 7883
4260 560 13760
560 4260 13760
13760 560 4260
1957 7024 9642
7024 1957 9642
9642 1957 7024
12919 9056 13049
13049 9056 12919
9056 12919 13049
14791 3223 11466
3223 11466 14791
11466 3223 14791
286 1025 13044
1025 286 13044
13044 286 1025
670 694 9378
694 670 9378
9378 670 694
11784 3385 14634
3385 11784 14634
14634 3385 11784
14771 8189 10667
8189 10667 14771
10667 8189 14771
8973 8387 14345
14345 8387 8973
8387 8973 14345
10245 7278 11187
11187 7278 10245
7278 10245 11187
10945 5396 9802
5396 9802 10945
9802 5396 10945
916 5043 14168
5043 916 14168
14168 916 5043
2355 6528 9320
6528 2355 9320
9320 2355 6528
2452 2136 11037
11037 2136 2452
2136 2452 11037
7445 7781 12711
7781 7445 12711
12711 7445 7781
408 6689 14515
14515 408 6689
6689 408 14515
14104 4430 6954
6954 4430 14104
4430 6954 14104
6400 5094 9862
9862 5094 6400
5094 6400 9862
4451 2376 8071
2376 4451 8071
8071 2376 4451
3897 1694 6906
6906 1694 3897
1694 3897 6906
12263 5658 7712
5658 7712 12263
7712 5658 12263
7348 5085 14088
5085 7348 14088
14088 5085 7348
13634 856 12317
12317 856 13634
856 12317 13634
5198 814 11084
11084 814 5198
814 5198 11084
10455 10929 14290
14290 10455 10929
10929 10455 14290
1410 7686 13506
7686 1410 13506
13506 1410 7686
1779 1594 14255
1594 1779 14255
14255 1594 1779
10154 5506 7298
7298 5506 10154
5506 7298 10154
2176 6191 14567
6191 2176 14567
14567 2176 6191
471 8836 11887
11887 471 8836
8836 471 11887
10839 1579 2387
2387 1579 10839
1579 2387 10839
11413 308 11082
308 11082 11413
11082 308 11413
8827 1384 2347
1384 2347 8827
2347 1384 8827
4057 5739 5752
5752 4057 5739
5739 4057 5752
7277 2665 12050
12050 2665 7277
2665 7277 12050
11421 1436 12161
12161 1436 11421
1436 11421 12161
3252 790 4470
4470 790 3252
790 3252 4470
8078 6291 11369
11369 6291 8078
6291 8078 11369
4779 5354 11212
5354 4779 11212
11212 4779 5354
4690 13529 14867
14867 4690 13529
13529 4690 14867
2292 4513 8193
4513 2292 8193
8193 2292 4513
11914 4473 11073
11073 4473 11914
4473 11073 11914
7730 12612 12804
12804 7730 12612
12612 7730 12804
2919 1251 10097
1251 2919 10097
10097 1251 2919
6098 3968 6271
6271 3968 6098
3968 6098 6271
5549 365 5873
365 5549 5873
5873 365 5549
14615 6345 12364
6345 12364 14615
12364 6345 14615
1722 11689 13102
11689 1722 13102
13102 1722 11689
4676 5891 5984
5984 4676 5891
5891 4676 5984
11048 2305 5065
2305 5065 11048
5065 2305 11048
4269 5955 7984
5955 4269 7984
7984 4269 5955
12410 9655 11388
9655 11388 12410
11388 9655 12410
12618 5261 13698
5261 12618 13698
13698 5261 12618
8156 3312 11359
11359 3312 8156
3312 8156 11359
9590 3681 14665
3681 9590 14665
14665 3681 9590
12336 3744 4870
3744 4870 12336
4870 3744 12336
5582 13055 13603
13603 5582 13055
13055 5582 13603
1665 3224 13081
13081 1665 3224
3224 1665 13081
14145 2104 11945
2104 11945 14145
11945 2104 14145
11932 11259 11576
11259 11576 11932
11576 11259 11932
6057 8208 8522
8522 6057 8208
8208 6057 8522
12222 1083 14000
1083 12222 14000
14000 1083 12222
2539 6141 13109
13109 2539 6141
6141 2539 13109
11962 902 6502
6502 902 11962
902 6502 11962
9473 62 5355
62 5355 9473
5355 62 9473
11786 12086 12700
12086 11786 12700
12700 11786 12086
9978 1109 7172
7172 1109 9978
1109 7172 9978
11871 7223 7447
7223 7447 11871
7447 7223 11871
545 13848 14989
13848 545 14989
14989 545 13848
6507 10077 11492
10077 6507 11492
11492 6507 10077
13520 10566 13039
13039 10566 13520
10566 13039 13520
8060 10521 12946
10521 8060 12946
12946 8060 10521
8697 6118 8259
8259 6118 8697
6118 8259 8697
10816 194 14401
194 10816 14401
14401 194 10816
13918 6368 7929
6368 7929 13918
7929 6368 13918
11019 5446 12459
5446 11019 12459
12459 5446 11019
3870 1333 4816
4816 1333 3870
1333 3870 4816
907 4879 5332
4879 907 5332
5332 907 4879
94 221 1746
1746 94 221
221 94 1746
11488 7097 13495
7097 11488 13495
13495 7097 11488
12345 3410 9634
3410 9634 12345
9634 3410 12345
14643 10769 14710
14710 10769 14643
10769 14643 14710
12803 3065 14727
3065 12803 14727
14727 3065 12803
12592 7539 12638
12638 7539 12592
7539 12592 12638
6663 3096 3261
3096 3261 6663
3261 3096 6663
3800 3901 12429
3901 3800 12429
12429 3800 3901
4393 5659 11697
5659 4393 11697
11697 4393 5659
7 1072 4376
4376 7 1072
1072 7 4376
11331 5435 7888
7888 5435 11331
5435 7888 11331
424 42 7721
42 424 7721
7721 42 424
14775 7484 8663
8663 7484 14775
7484 8663 14775
8937 9202 10666
10666 8937 9202
9202 8937 10666
13855 2352 6432
2352 6432 13855
6432 2352 13855
1549 2731 9572
9572 1549 2731
2731 1549 9572
10903 1593 9297
9297 1593 10903
1593 9297 10903
7430 724 4103
4103 724 7430
724 4103 7430
10409 12476 13606
13606 10409 12476
12476 10409 13606
251 10598 10958
10958 251 10598
10598 251 10958
10315 7449 12690
7449 10315 12690
12690 7449 10315
4421 4847 8256
8256 4421 4847
4847 4421 8256
5543 3728 4788
4788 3728 5543
3728 4788 5543
1295 8242 14729
14729 1295 8242
8242 1295 14729
9548 1010 13997
13997 1010 9548
1010 9548 13997
13448 6196 8962
8962 6196 13448
6196 8962 13448
5595 928 8386
928 5595 8386
8386 928 5595
10794 3452 9872
3452 9872 10794
9872 3452 10794
7101 1842 8837
8837 1842 7101
1842 7101 8837
9108 2882 10579
10579 2882 9108
2882 9108 10579
391 2559 10169
2559 391 10169
10169 391 2559
7633 9272 13223
9272 7633 13223
13223 7633 9272
11890 3376 6874
6874 3376 11890
3376 6874 11890
68 6020 7362
6020 68 7362
7362 68 6020
14385 3012 11826
3012 11826 14385
11826 3012 14385
14261 4379 9920
9920 4379 14261
4379 9920 14261
5263 5371 10246
5371 5263 10246
10246 5263 5371
12147 5314 5978
5314 5978 12147
5978 5314 12147
2632 3999 13693
13693 2632 3999
3999 2632 13693
14519 2072 12770
12770 2072 14519
2072 12770 14519
9373 6155 9588
9588 6155 9373
6155 9373 9588
8767 3940 14314
14314 3940 8767
3940 8767 14314
547 3607 5709
3607 547 5709
5709 547 3607
14399 4819 13221
4819 13221 14399
13221 4819 14399
2454 8261 13203
8261 2454 13203
13203 2454 8261
8470 3734 11990
11990 3734 8470
3734 8470 11990
5797 10896 11058
10896 5797 11058
11058 5797 10896
2419 9467 12994
9467 2419 12994
12994 2419 9467
8880 6836 10806
6836 8880 10806
10806 6836 8880
12648 3091 5134
3091 5134 12648
5134 3091 12648
11362 1581 6894
1581 6894 11362
6894 1581 11362
2054 2039 12823
2039 2054 12823
12823 2039 2054
13204 4454 12353
4454 12353 13204
12353 4454 13204
4699 1402 7096
7096 1402 4699
1402 4699 7096
6623 3236 5756
3236 5756 6623
5756 3236 6623
2977 4950 10539
10539 2977 4950
4950 2977 10539
11701 8357 9438
8357 9438 11701
9438 8357 11701
1743 6225 6356
6356 1743 6225
6225 1743 6356
9525 8614 11091
11091 8614 9525
8614 9525 11091
7264 2444 12827
12827 2444 7264
2444 7264 12827
8892 270 11222
270 8892 11222
11222 270 8892
3705 4799 11566
4799 3705 11566
11566 3705 4799
5956 1939 6178
6178 1939 5956
1939 5956 6178
5813 1293 13973
1293 5813 13973
13973 1293 5813
1914 1859 10731
1859 1914 10731
10731 1859 1914
8905 4707 14214
14214 4707 8905
4707 8905 14214
12677 7584 11775
11775 7584 12677
7584 11775 12677
9814 1392 2515
2515 1392 9814
1392 2515 9814
10461 1084 1611
1084 1611 10461
1611 1084 10461
14063 2884 8248
2884 8248 14063
8248 2884 14063
10907 6459 7121
7121 6459 10907
6459 7121 10907
4223 4422 13064
13064 4223 4422
4422 4223 13064
10345 8014 14996
14996 8014 10345
8014 10345 14996
3960 6281 7236
6281 3960 7236
7236 3960 6281
11972 2118 12474
12474 2118 11972
2118 11972 12474
6871 3075 14224
3075 6871 14224
14224 3075 6871
1356 6241 11340
11340 1356 6241
6241 1356 11340
13363 6366 7697
7697 6366 13363
6366 7697 13363
3503 7027 10049
10049 3503 7027
7027 3503 10049
2242 2324 13894
2324 2242 13894
13894 2242 2324
9404 820 8807
820 8807 9404
8807 820 9404
4854 5126 12339
12339 4854 5126
5126 4854 12339
7309 5726 7396
5726 7309 7396
7396 5726 7309
9638 13356 14059
13356 9638 14059
14059 9638 13356
1390 2139 10364
10364 1390 2139
2139 1390 10364
4234 8138 14916
14916 4234 8138
8138 4234 14916
3501 3473 6077
6077 3473 3501
3473 3501 6077
14024 7084 12754
7084 12754 14024
12754 7084 14024
1387 10162 13658
10162 1387 13658
13658 1387 10162
8942 5840 13731
5840 8942 13731
13731 5840 8942
12395 8066 8187
8066 8187 12395
8187 8066 12395
3246 6703 10623
10623 3246 6703
6703 3246 10623
13875 6826 11603
11603 6826 13875
6826 11603 13875
14642 9975 10199
10199 9975 14642
9975 10199 14642
8002 5713 11386
5713 8002 11386
11386 5713 8002
8405 6493 6877
6493 6877 8405
6877 6493 8405
198 6919 13338
6919 198 13338
13338 198 6919
9295 4042 9988
4042 9295 9988
9988 4042 9295
7011 11767 14130
11767 7011 14130
14130 7011 11767
7882 5704 9968
5704 7882 9968
9968 5704 7882
5200 2124 13359
2124 5200 13359
13359 2124 5200
14656 9093 9631
9093 9631 14656
9631 9093 14656
11451 8231 11197
11197 8231 11451
8231 11197 11451
228 10822 13313
13313 228 10822
10822 228 13313
8000 406 3612
406 3612 8000
3612 406 8000
2282 2486 3102
2486 2282 3102
3102 2282 2486
2822 997 5785
997 2822 5785
5785 997 2822
12060 9783 14481
9783 12060 14481
14481 9783 12060
9242 1270 11894
11894 1270 9242
1270 9242 11894
10550 259 4688
259 4688 10550
4688 259 10550
7887 10081 13609
10081 7887 13609
13609 7887 10081
10318 3408 14031
3408 10318 14031
14031 3408 10318
13515 5201 12782
5201 12782 13515
12782 5201 13515
12893 10163 14907
14907 10163 12893
10163 12893 14907
12842 4226 6473
4226 6473 12842
6473 4226 12842
6598 4116 6487
4116 6487 6598
6487 4116 6598
9532 12077 12779
12077 9532 12779
12779 9532 12077
14484 173 12079
12079 173 14484
173 12079 14484
9205 7005 8477
7005 8477 9205
8477 7005 9205
1357 1035 7930
7930 1035 1357
1035 1357 7930
10919 1684 14957
14957 1684 10919
1684 10919 14957
1595 7083 14537
7083 1595 14537
14537 1595 7083
3434 9913 11182
11182 3434 9913
9913 3434 11182
12739 5121 12337
5121 12337 12739
12337 5121 12739
6010 3905 10911
3905 6010 10911
10911 3905 6010
5673 767 6113
767 5673 6113
6113 767 5673
13227 4940 11417
11417 4940 13227
4940 11417 13227
4481 3500 9513
3500 4481 9513
9513 3500 4481
1994 9710 12175
12175 1994 9710
9710 1994 12175
1418 2868 8033
8033 1418 2868
2868 1418 8033
12541 3010 12007
3010 12007 12541
12007 3010 12541
7109 377 14201
14201 377 7109
377 7109 14201
1962 2844 7657
2844 1962 7657
7657 1962 2844
6666 3863 9390
3863 6666 9390
9390 3863 6666
5792 4058 8384
4058 5792 8384
8384 4058 5792
1272 4210 14743
14743 1272 4210
4210 1272 14743
521 12349 13212
13212 521 12349
12349 521 13212
1550 841 4898
4898 841 1550
841 1550 4898
11134 11858 14779
11858 11134 14779
14779 11134 11858
5174 13149 14558
13149 5174 14558
14558 5174 13149
6352 771 14105
14105 771 6352
771 6352 14105
4189 4762 9929
4762 4189 9929
9929 4189 4762
3183 3456 12874
12874 3183 3456
3456 3183 12874
10644 6537 10594
6537 10594 10644
10594 6537 10644
12568 5880 14026
14026 5880 12568
5880 12568 14026
1846 7320 10195
10195 1846 7320
7320 1846 10195
6203 1380 10774
1380 6203 10774
10774 1380 6203
3581 2913 3492
2913 3492 3581
3492 2913 3581
2418 8685 10355
8685 2418 10355
10355 2418 8685
8653 8604 14116
14116 8604 8653
8604 8653 14116
8610 3372 12301
3372 8610 12301
12301 3372 8610
5886 5156 13969
13969 5156 5886
5156 5886 13969
12552 8702 12111
8702 12111 12552
12111 8702 12552
9194 6073 6725
6073 6725 9194
6725 6073 9194
4298 511 8729
8729 511 4298
511 4298 8729
3515 2560 12058
12058 2560 3515
2560 3515 12058
14054 1556 6849
6849 1556 14054
1556 6849 14054
7826 11613 14153
14153 7826 11613
11613 7826 14153
14733 3112 6272
6272 3112 14733
3112 6272 14733
14950 1305 13274
13274 1305 14950
1305 13274 14950
14004 759 8535
8535 759 14004
759 8535 14004
10082 6835 14252
14252 6835 10082
6835 10082 14252
4309 5334 7818
5334 4309 7818
7818 4309 5334
1724 7588 13450
13450 1724 7588
7588 1724 13450
5275 6123 10244
10244 5275 6123
6123 5275 10244
13302 6913 12146
6913 12146 13302
12146 6913 13302
426 8591 12824
8591 426 12824
12824 426 8591
14621 7013 12531
12531 7013 14621
7013 12531 14621
12116 4503 10889
10889 4503 12116
4503 10889 12116
14527 276 6712
6712 276 14527
276 6712 14527
13591 4246 6706
6706 4246 13591
4246 6706 13591
14017 495 13092
13092 495 14017
495 13092 14017
9901 2202 7788
2202 7788 9901
7788 2202 9901
4765 9915 14645
9915 4765 14645
14645 4765 9915
1126 7679 11299
7679 1126 11299
11299 1126 7679
13125 3092 6340
6340 3092 13125
3092 6340 13125
3120 3717 5705
3717 3120 5705
5705 3120 3717
9928 2948 12561
12561 2948 9928
2948 9928 12561
254 3118 12551
3118 254 12551
12551 254 3118
11787 1439 2983
2983 1439 11787
1439 2983 11787
6795 226 5963
5963 226 6795
226 5963 6795
7948 880 8275
8275 880 7948
880 7948 8275
12688 3629 12649
3629 12649 12688
12649 3629 12688
14209 1871 2827
1871 2827 14209
2827 1871 14209
1446 921 4237
921 1446 4237
4237 921 1446
7025 2428 12276
2428 7025 12276
12276 2428 7025
10897 11905 12023
12023 10897 11905
11905 10897 12023
13408 5943 13790
5943 13408 13790
13790 5943 13408
10098 10132 10200
10132 10098 10200
10200 10098 10132
11493 4172 6654
4172 6654 11493
6654 4172 11493
13390 3604 4217
4217 3604 13390
3604 4217 13390
9239 484 1522
1522 484 9239
484 1522 9239
6700 10533 13267
13267 6700 10533
10533 6700 13267
14023 10767 11555
10767 11555 14023
11555 10767 14023
12484 6036 9385
6036 9385 12484
9385 6036 12484
9407 5768 10713
5768 9407 10713
10713 5768 9407
3589 1689 12807
12807 1689 3589
1689 3589 12807
12766 1243 13175
13175 1243 12766
1243 12766 13175
5202 8830 10372
8830 5202 10372
10372 5202 8830
11334 4266 7307
7307 4266 11334
4266 7307 11334
13074 3481 12617
3481 12617 13074
12617 3481 13074
14243 11522 11960
11522 11960 14243
11960 11522 14243
11110 340 2188
2188 340 11110
340 2188 11110
2005 14189 14284
14284 2005 14189
14189 2005 14284
3081 4696 7561
4696 3081 7561
7561 3081 4696
9391 9449 11718
9449 9391 11718
11718 9391 9449
13530 4616 8945
8945 4616 13530
4616 8945 13530
4958 9733 14102
14102 4958 9733
9733 4958 14102
4758 2724 5852
5852 2724 4758
2724 4758 5852
6002 3848 9547
9547 3848 6002
3848 6002 9547
8577 76 7754
7754 76 8577
76 7754 8577
3667 3026 5976
5976 3026 3667
3026 3667 5976
11491 10501 13308
13308 10501 11491
10501 11491 13308
10916 1334 4341
4341 1334 10916
1334 4341 10916
12916 4628 6592
6592 4628 12916
4628 6592 12916
877 9292 13864
13864 877 9292
9292 877 13864
5149 7849 8802
8802 5149 7849
7849 5149 8802
6512 923 3934
3934 923 6512
923 3934 6512
1151 1018 13474
13474 1018 1151
1018 1151 13474
5671 1009 11435
11435 1009 5671
1009 5671 11435
3992 2850 10210
2850 3992 10210
10210 2850 3992
1441 4207 10506
10506 1441 4207
4207 1441 10506
5717 968 4640
4640 968 5717
968 4640 5717
8683 4222 11470
11470 4222 8683
4222 8683 11470
7999 587 14803
587 7999 14803
14803 587 7999
6775 299 13024
13024 299 6775
299 6775 13024
8223 1438 13869
1438 8223 13869
13869 1438 8223
591 5427 8051
5427 591 8051
8051 591 5427
14011 5690 5829
5690 5829 14011
5829 5690 14011
10886 4241 8659
8659 4241 10886
4241 8659 10886
1568 3275 13139
13139 1568 3275
3275 1568 13139
1316 8978 10497
10497 1316 8978
8978 1316 10497
9552 9622 9787
9787 9552 9622
9622 9552 9787
11125 7863 8439
8439 7863 11125
7863 8439 11125
1248 10134 13434
13434 1248 10134
10134 1248 13434
13153 5167 5848
5167 5848 13153
5848 5167 13153
10847 7513 10252
7513 10252 10847
10252 7513 10847
3679 9031 13524
9031 3679 13524
13524 3679 9031
7916 4317 11797
11797 4317 7916
4317 7916 11797
7631 1110 8511
1110 7631 8511
8511 1110 7631
8226 5302 9365
9365 5302 8226
5302 8226 9365
174 2229 13944
2229 174 13944
13944 174 2229
3803 104 1732
104 1732 3803
1732 104 3803
3115 10949 12093
10949 3115 12093
12093 3115 10949
6136 8863 12924
12924 6136 8863
8863 6136 12924
5267 2492 8128
8128 2492 5267
2492 5267 8128
13940 51 3942
3942 51 13940
51 3942 13940
176 11781 12829
12829 176 11781
11781 176 12829
514 6256 7570
7570 514 6256
6256 514 7570
9692 4755 5335
5335 4755 9692
4755 5335 9692
79 12404 14280
14280 79 12404
12404 79 14280
7688 2397 11965
11965 2397 7688
2397 7688 11965
4101 258 6629
258 4101 6629
6629 258 4101
2098 1739 14263
14263 1739 2098
1739 2098 14263
10609 4732 5114
5114 4732 10609
4732 5114 10609
6914 6244 6575
6244 6575 6914
6575 6244 6914
2372 1031 2668
2668 1031 2372
1031 2372 2668
9846 7714 11057
7714 9846 11057
11057 7714 9846
320 306 12653
306 320 12653
12653 306 320
5129 6776 12639
6776 5129 12639
12639 5129 6776
12392 1046 6463
1046 6463 12392
6463 1046 12392
14051 3014 3546
3014 3546 14051
3546 3014 14051
11872 3932 8853
3932 8853 11872
8853 3932 11872
5383 839 1220
1220 839 5383
839 1220 5383
8884 12166 14691
12166 8884 14691
14691 8884 12166
8660 9843 14386
9843 8660 14386
14386 8660 9843
4468 2218 11427
2218 4468 11427
11427 2218 4468
782 1949 9537
1949 782 9537
9537 782 1949
8262 368 3802
368 3802 8262
3802 368 8262
10459 7253 13749
13749 7253 10459
7253 10459 13749
14557 49 10451
49 10451 14557
10451 49 14557
9592 6617 11126
6617 9592 11126
11126 6617 9592
14251 3752 7941
7941 3752 14251
3752 7941 14251
8949 5645 11825
5645 8949 11825
11825 5645 8949
7769 3920 5447
5447 3920 7769
3920 5447 7769
14398 6918 7851
7851 6918 14398
6918 7851 14398
617 9306 9985
9306 617 9985
9985 617 9306
10130 2058 12238
12238 2058 10130
2058 10130 12238
14273 7306 14607
14607 7306 14273
7306 14273 14607
13941 1950 6650
6650 1950 13941
1950 6650 13941
13700 8142 9151
8142 9151 13700
9151 8142 13700
12521 676 924
924 676 12521
676 924 12521
274 579 9282
9282 274 579
579 274 9282
12148 5360 5538
5360 5538 12148
5538 5360 12148
1649 4129 7332
7332 1649 4129
4129 1649 7332
14227 972 1923
1923 972 14227
972 1923 14227
2113 5743 13505
13505 2113 5743
5743 2113 13505
14440 768 7520
7520 768 14440
768 7520 14440
2876 519 1260
1260 519 2876
519 1260 2876
6943 244 9136
9136 244 6943
244 6943 9136
6833 3552 10051
10051 3552 6833
3552 6833 10051
14548 7047 14848
7047 14548 14848
14848 7047 14548
10679 11951 14019
14019 10679 11951
11951 10679 14019
4023 8232 10542
8232 4023 10542
10542 4023 8232
6156 9073 9289
9073 6156 9289
9289 6156 9073
2986 5835 10221
10221 2986 5835
5835 2986 10221
6142 4378 14971
4378 6142 14971
14971 4378 6142
10328 3299 8969
3299 8969 10328
8969 3299 10328
13437 8897 11707
8897 11707 13437
11707 8897 13437
3187 3394 7195
7195 3187 3394
3394 3187 7195
6630 10324 14673
14673 6630 10324
10324 6630 14673
6215 2198 2348
2198 2348 6215
2348 2198 6215
9032 10576 14675
10576 9032 14675
14675 9032 10576
307 1292 6549
1292 307 6549
6549 307 1292
14863 3959 11561
11561 3959 14863
3959 11561 14863
12687 4545 6697
6697 4545 12687
4545 6697 12687
6570 4448 14035
4448 6570 14035
14035 4448 6570
1132 6743 10428
10428 1132 6743
6743 1132 10428
7919 4268 9171
4268 7919 9171
9171 4268 7919
7315 6888 10699
6888 7315 10699
10699 6888 7315
677 780 9615
9615 677 780
780 677 9615
4885 6720 9392
6720 4885 9392
9392 4885 6720
5966 4512 14740
14740 4512 5966
4512 5966 14740
3710 10383 12764
12764 3710 10383
10383 3710 12764
11525 4945 10909
10909 4945 11525
4945 10909 11525
9855 644 4540
4540 644 9855
644 4540 9855
190 6889 8237
6889 190 8237
8237 190 6889
10536 1758 10831
1758 10536 10831
10831 1758 10536
34 13712 13961
13961 34 13712
13712 34 13961
11039 3493 5092
5092 3493 11039
3493 5092 11039
13397 3251 14331
14331 3251 13397
3251 13397 14331
10143 2781 8023
2781 8023 10143
8023 2781 10143
12100 7496 10612
7496 10612 12100
10612 7496 12100
8287 1969 13719
1969 8287 13719
13719 1969 8287
10342 5373 8575
5373 8575 10342
8575 5373 10342
8375 4750 7067
4750 7067 8375
7067 4750 8375
3054 3248 10835
10835 3054 3248
3248 3054 10835
8005 12105 13307
12105 8005 13307
13307 8005 12105
9359 12544 14577
14577 9359 12544
12544 9359 14577
5110 7218 11923
7218 5110 11923
11923 5110 7218
77 4211 6560
4211 77 6560
6560 77 4211
6523 1378 4304
4304 1378 6523
1378 4304 6523
7327 29 8448
8448 29 7327
29 7327 8448
14085 5050 14193
14193 5050 14085
5050 14085 14193
14183 6793 14940
14940 6793 14183
6793 14183 14940
14395 115 9987
115 9987 14395
9987 115 14395
10059 13340 13538
13538 10059 13340
13340 10059 13538
8392 477 13786
477 8392 13786
13786 477 8392
9657 11336 13405
11336 9657 13405
13405 9657 11336
2333 5866 9957
9957 2333 5866
5866 2333 9957
3621 3938 10335
10335 3621 3938
3938 3621 10335
13661 6772 13199
6772 13199 13661
13199 6772 13661
4022 8547 12081
12081 4022 8547
8547 4022 12081
9216 296 7926
7926 296 9216
296 7926 9216
351 3529 11907
11907 351 3529
3529 351 11907
538 2840 7497
7497 538 2840
2840 538 7497
12221 695 11339
11339 695 12221
695 11339 12221
11733 6042 9788
6042 9788 11733
9788 6042 11733
633 9347 11463
11463 633 9347
9347 633 11463
760 1055 12160
1055 760 12160
12160 760 1055
11922 3591 7050
7050 3591 11922
3591 7050 11922
12985 10284 12640
10284 12640 12985
12640 10284 12985
3573 3450 11472
3450 3573 11472
11472 3450 3573
6872 6353 12872
12872 6353 6872
6353 6872 12872
3341 3323 4590
3323 3341 4590
4590 3323 3341
10171 5818 8485
8485 5818 10171
5818 8485 10171
6247 31 3004
31 3004 6247
3004 31 6247
4792 2407 5793
5793 2407 4792
2407 4792 5793
10726 1952 6188
1952 6188 10726
6188 1952 10726
2210 6518 12120
12120 2210 6518
6518 2210 12120
8467 13069 13427
13069 8467 13427
13427 8467 13069
871 5732 11189
11189 871 5732
5732 871 11189
11297 6061 11676
11676 6061 11297
6061 11297 11676
10607 2314 5807
5807 2314 10607
2314 5807 10607
9743 3080 13822
3080 9743 13822
13822 3080 9743
12524 10045 10812
10045 10812 12524
10812 10045 12524
6401 9662 14531
9662 6401 14531
14531 6401 9662
3889 1820 10449
10449 1820 3889
1820 3889 10449
8365 5162 13621
13621 5162 8365
5162 8365 13621
12163 3778 12427
3778 12163 12427
12427 3778 12163
3459 1088 12943
12943 1088 3459
1088 3459 12943
10231 4282 14910
14910 4282 10231
4282 10231 14910
6765 4583 8091
4583 6765 8091
8091 4583 6765
11814 1805 9327
1805 9327 11814
9327 1805 11814
6984 4324 11699
11699 4324 6984
4324 6984 11699
3045 6929 12526
6929 3045 12526
12526 3045 6929
1583 5352 6678
5352 1583 6678
6678 1583 5352
11570 1768 13575
1768 11570 13575
13575 1768 11570
9366 6469 11155
6469 9366 11155
11155 6469 9366
8224 13964 14875
14875 8224 13964
13964 8224 14875
5779 7548 10560
7548 5779 10560
10560 5779 7548
5132 8970 9024
9024 5132 8970
8970 5132 9024
7271 4326 13395
13395 4326 7271
4326 7271 13395
11267 1573 6278
6278 1573 11267
1573 6278 11267
5270 4544 12769
4544 5270 12769
12769 4544 5270
4329 2554 4313
4313 2554 4329
2554 4313 4329
10299 3566 5265
5265 3566 10299
3566 5265 10299
11559 1786 13451
13451 1786 11559
1786 11559 13451
5008 11308 14343
11308 5008 14343
14343 5008 11308
5776 9393 11667
11667 5776 9393
9393 5776 11667
607 2893 9251
2893 607 9251
9251 607 2893
2937 2498 10058
10058 2498 2937
2498 2937 10058
11621 3042 4076
4076 3042 11621
3042 4076 11621
2674 3574 10069
3574 2674 10069
10069 2674 3574
8765 8530 12926
8530 8765 12926
12926 8530 8765
505 7189 9603
7189 505 9603
9603 505 7189
13990 8887 9403
9403 8887 13990
8887 9403 13990
12604 5889 7014
7014 5889 12604
5889 7014 12604
5617 5342 9840
5342 5617 9840
9840 5342 5617
9167 6858 12984
6858 9167 12984
12984 6858 9167
4215 2041 12801
2041 4215 12801
12801 2041 4215
11045 4113 10518
4113 10518 11045
10518 4113 11045
8600 10429 13602
10429 8600 13602
13602 8600 10429
5996 2591 6062
2591 5996 6062
6062 2591 5996
1440 5361 12557
5361 1440 12557
12557 1440 5361
3746 9065 12745
9065 3746 12745
12745 3746 9065
12642 9923 12666
9923 12642 12666
12666 9923 12642
211 7530 10279
7530 211 10279
10279 211 7530
7194 637 6200
637 6200 7194
6200 637 7194
12311 1741 2262
1741 2262 12311
2262 1741 12311
2886 830 11063
11063 830 2886
830 2886 11063
2171 13607 14175
13607 2171 14175
14175 2171 13607
7869 127 9891
127 7869 9891
9891 127 7869
2137 3208 14018
3208 2137 14018
14018 2137 3208
10750 3937 9536
3937 9536 10750
9536 3937 10750
8835 3402 4678
3402 4678 8835
4678 3402 8835
1569 2949 3202
3202 1569 2949
2949 1569 3202
7963 482 10927
482 7963 10927
10927 482 7963
5795 7689 8006
7689 5795 8006
8006 5795 7689
1512 12230 12348
12348 1512 12230
12230 1512 12348
3077 5326 7970
7970 3077 5326
5326 3077 7970
10951 5321 9131
5321 9131 10951
9131 5321 10951
5772 5411 9865
5411 5772 9865
9865 5411 5772
1174 4167 6973
4167 1174 6973
6973 1174 4167
6981 8870 12883
8870 6981 12883
12883 6981 8870
8298 6316 8266
6316 8266 8298
8266 6316 8298
14715 4992 14880
14880 4992 14715
4992 14715 14880
13909 9175 9512
9175 9512 13909
9512 9175 13909
50 9388 13292
13292 50 9388
9388 50 13292
12178 2119 12733
12733 2119 12178
2119 12178 12733
1598 1006 2553
1006 1598 2553
2553 1006 1598
1409 2779 10301
10301 1409 2779
2779 1409 10301
2464 12282 12901
12282 2464 12901
12901 2464 12282
13883 2804 6999
6999 2804 13883
2804 6999 13883
4409 97 2215
2215 97 4409
97 2215 4409
12264 6515 10643
10643 6515 12264
6515 10643 12264
8500 6558 12033
12033 6558 8500
6558 8500 12033
10790 9052 12558
9052 10790 12558
12558 9052 10790
14461 3869 14661
14661 3869 14461
3869 14461 14661
12608 1123 4786
1123 4786 12608
4786 1123 12608
14380 8160 12863
8160 12863 14380
12863 8160 14380
11158 6806 12914
12914 6806 11158
6806 11158 12914
1711 2231 4774
4774 1711 2231
2231 1711 4774
14885 9145 14671
14671 9145 14885
9145 14671 14885
6642 6937 7918
7918 6642 6937
6937 6642 7918
12408 1630 14068
14068 1630 12408
1630 12408 14068
10075 5631 9383
5631 9383 10075
9383 5631 10075
10754 6405 12000
6405 10754 12000
12000 6405 10754
5072 8354 11433
11433 5072 8354
8354 5072 11433
7448 7062 7899
7062 7448 7899
7899 7062 7448
5430 1097 14748
1097 5430 14748
14748 1097 5430
878 4390 12825
4390 878 12825
12825 878 4390
14447 5917 6420
6420 5917 14447
5917 6420 14447
9557 1750 14676
1750 9557 14676
14676 1750 9557
13928 3000 4968
3000 4968 13928
4968 3000 13928
9210 1207 1232
1232 1207 9210
1207 1232 9210
11102 10151 13197
10151 11102 13197
13197 10151 11102
6970 262 2906
262 2906 6970
2906 262 6970
12982 8059 9946
8059 9946 12982
9946 8059 12982
1918 10312 10840
10840 1918 10312
10312 1918 10840
11536 2502 3759
2502 3759 11536
3759 2502 11536
4090 3357 8107
3357 4090 8107
8107 3357 4090
6029 6759 12993
12993 6029 6759
6759 6029 12993
4338 4984 10120
4984 4338 10120
10120 4338 4984
5622 9002 14021
14021 5622 9002
9002 5622 14021
13490 4504 6800
4504 6800 13490
6800 4504 13490
3131 8650 13567
8650 3131 13567
13567 3131 8650
3068 9656 13184
13184 3068 9656
9656 3068 13184
6290 291 11233
291 6290 11233
11233 291 6290
7573 958 12307
12307 958 7573
958 7573 12307
10569 2048 2105
2048 2105 10569
2105 2048 10569
2662 1294 7381
1294 2662 7381
7381 1294 2662
4609 8145 10475
10475 4609 8145
8145 4609 10475
1800 3319 11152
3319 1800 11152
11152 1800 3319
14524 3234 9834
3234 9834 14524
9834 3234 14524
6659 1095 11918
1095 6659 11918
11918 1095 6659
10096 3639 3816
3639 3816 10096
3816 3639 10096
3884 6224 10473
6224 3884 10473
10473 3884 6224
5899 1708 13588
13588 1708 5899
1708 5899 13588
6664 3856 13616
3856 6664 13616
13616 3856 6664
4166 930 5116
5116 930 4166
930 4166 5116
10353 2908 12029
12029 2908 10353
2908 10353 12029
6350 2374 8815
2374 6350 8815
8815 2374 6350
14831 1523 7741
1523 7741 14831
7741 1523 14831
6851 5982 6854
5982 6851 6854
6854 5982 6851
8049 11526 11804
11526 8049 11804
11804 8049 11526
6302 3013 9100
9100 3013 6302
3013 6302 9100
5257 5894 11023
5894 5257 11023
11023 5257 5894
6046 3369 8819
8819 3369 6046
3369 6046 8819
4702 1985 10688
1985 4702 10688
10688 1985 4702
10487 3595 3850
3850 3595 10487
3595 3850 10487
1501 4880 6430
4880 1501 6430
6430 1501 4880
9959 5862 6407
5862 6407 9959
6407 5862 9959
2584 712 11122
712 2584 11122
11122 712 2584
4332 6569 11432
11432 4332 6569
6569 4332 11432
11803 4480 11864
4480 11803 11864
11864 4480 11803
9676 397 12858
12858 397 9676
397 9676 12858
14581 3730 9314
9314 3730 14581
3730 9314 14581
13732 13907 14979
13907 13732 14979
14979 13732 13907
626 7993 14377
7993 626 14377
14377 626 7993
4723 1980 2133
1980 2133 4723
2133 1980 4723
7347 595 3268
3268 595 7347
595 3268 7347
14492 1280 5870
1280 5870 14492
5870 1280 14492
9054 9996 14895
14895 9054 9996
9996 9054 14895
4742 8648 12018
12018 4742 8648
8648 4742 12018
6393 1147 4354
1147 4354 6393
4354 1147 6393
1990 3776 12806
3776 1990 12806
12806 1990 3776
2854 7779 8325
8325 2854 7779
7779 2854 8325
14073 474 534
534 474 14073
474 534 14073
5449 2373 4453
4453 2373 5449
2373 4453 5449
14871 8140 14437
8140 14437 14871
14437 8140 14871
6268 4784 5553
5553 4784 6268
4784 5553 6268
12812 3936 11991
3936 11991 12812
11991 3936 12812
489 9066 14919
9066 489 14919
14919 489 9066
13793 278 12218
278 12218 13793
12218 278 13793
9779 4216 14805
14805 4216 9779
4216 9779 14805
9457 5003 10387
5003 9457 10387
10387 5003 9457
4832 3310 12438
12438 3310 4832
3310 4832 12438
3663 1267 9267
9267 1267 3663
1267 3663 9267
3011 7245 9219
9219 3011 7245
7245 3011 9219
6001 4524 4639
4639 4524 6001
4524 4639 6001
1264 52 4836
4836 52 1264
52 1264 4836
4271 10942 13834
13834 4271 10942
10942 4271 13834
1157 9128 12056
9128 1157 12056
12056 1157 9128
12931 2922 11040
11040 2922 12931
2922 11040 12931
3340 8487 9842
9842 3340 8487
8487 3340 9842
9241 147 5377
5377 147 9241
147 5377 9241
7416 3416 7740
3416 7416 7740
7740 3416 7416
7937 5327 11761
11761 5327 7937
5327 7937 11761
6220 11360 11510
11510 6220 11360
11360 6220 11510
4889 5736 14329
14329 4889 5736
5736 4889 14329
14238 2468 3799
3799 2468 14238
2468 3799 14238
9970 1908 13442
13442 1908 9970
1908 9970 13442
8321 1451 12794
1451 8321 12794
12794 1451 8321
8811 4613 10882
10882 4613 8811
4613 8811 10882
10834 363 5539
363 5539 10834
5539 363 10834
7897 7753 13971
13971 7753 7897
7753 7897 13971
6283 10925 11284
10925 6283 11284
11284 6283 10925
7155 2266 12037
12037 2266 7155
2266 7155 12037
11749 9977 12441
9977 11749 12441
12441 9977 11749
8258 13387 14915
13387 8258 14915
14915 8258 13387
7821 2622 12387
12387 2622 7821
2622 7821 12387
2273 4265 6834
6834 2273 4265
4265 2273 6834
14060 9769 13931
13931 9769 14060
9769 13931 14060
11053 1720 8061
1720 8061 11053
8061 1720 11053
6337 1642 7180
1642 6337 7180
7180 1642 6337
8180 2871 9523
2871 8180 9523
9523 2871 8180
13364 444 8750
444 8750 13364
8750 444 13364
9286 2511 6938
2511 6938 9286
6938 2511 9286
6522 858 4447
4447 858 6522
858 4447 6522
8701 3384 6068
6068 3384 8701
3384 6068 8701
7085 7673 7904
7904 7085 7673
7673 7085 7904
12203 2641 9377
2641 9377 12203
9377 2641 12203
6539 1425 1767
1425 1767 6539
1767 1425 6539
6176 3697 7559
7559 3697 6176
3697 6176 7559
14494 1648 10970
10970 1648 14494
1648 10970 14494
13166 8169 8360
8169 8360 13166
8360 8169 13166
14773 3392 5672
3392 5672 14773
5672 3392 14773
5172 2936 11612
11612 2936 5172
2936 5172 11612
8356 3871 11281
11281 3871 8356
3871 8356 11281
1670 955 11006
11006 955 1670
955 1670 11006
4184 4698 8517
8517 4184 4698
4698 4184 8517
4659 2475 2485
2485 2475 4659
2475 2485 4659
13323 2460 10931
10931 2460 13323
2460 10931 13323
7535 8120 13598
8120 7535 13598
13598 7535 8120
887 8963 11785
8963 887 11785
11785 887 8963
1559 4200 12149
12149 1559 4200
4200 1559 12149
4724 5187 12327
12327 4724 5187
5187 4724 12327
3069 452 9270
9270 452 3069
452 3069 9270
401 2580 9926
2580 401 9926
9926 401 2580
5696 5324 11674
5324 5696 11674
11674 5324 5696
5516 3244 5323
5323 3244 5516
3244 5323 5516
9447 665 11109
665 9447 11109
11109 665 9447
1656 4203 4800
4203 1656 4800
4800 1656 4203
6367 2370 11210
11210 2370 6367
2370 6367 11210
12881 46 7371
46 7371 12881
7371 46 12881
12596 2285 9212
9212 2285 12596
2285 9212 12596
4693 3200 5552
5552 3200 4693
3200 4693 5552
11288 7498 11862
11862 7498 11288
7498 11288 11862
12597 791 4414
4414 791 12597
791 4414 12597
874 7654 12937
12937 874 7654
7654 874 12937
1450 2107 14330
14330 1450 2107
2107 1450 14330
7997 8598 13985
13985 7997 8598
8598 7997 13985
1396 7609 11392
7609 1396 11392
11392 1396 7609
12008 6182 12433
12433 6182 12008
6182 12008 12433
5977 80 13604
80 5977 13604
13604 80 5977
13174 4375 7606
4375 7606 13174
7606 4375 13174
9434 9906 13618
13618 9434 9906
9906 9434 13618
10932 1115 13823
13823 1115 10932
1115 10932 13823
11207 2692 3231
2692 3231 11207
3231 2692 11207
11290 7967 10087
10087 7967 11290
7967 10087 11290
14191 9660 13819
9660 13819 14191
13819 9660 14191
13810 7311 13021
13021 7311 13810
7311 13021 13810
4645 13033 13219
13033 4645 13219
13219 4645 13033
5920 1944 4415
1944 4415 5920
4415 1944 5920
10494 388 4962
388 4962 10494
4962 388 10494
5240 844 9104
9104 844 5240
844 5240 9104
6641 10376 10578
10376 6641 10578
10578 6641 10376
14826 9265 10738
9265 10738 14826
10738 9265 14826
5100 3003 5993
5993 3003 5100
3003 5100 5993
13052 2211 9274
2211 9274 13052
9274 2211 13052
7464 4791 8529
8529 4791 7464
4791 7464 8529
14692 4476 4921
4921 4476 14692
4476 4921 14692
9904 13532 14953
14953 9904 13532
13532 9904 14953
12519 7000 8068
8068 7000 12519
7000 8068 12519
2248 7034 8744
8744 2248 7034
7034 2248 8744
7794 1314 2530
1314 2530 7794
2530 1314 7794
14954 7394 9329
9329 7394 14954
7394 9329 14954
6211 5861 7459
7459 5861 6211
5861 6211 7459
11486 2597 7106
2597 7106 11486
7106 2597 11486
14722 6380 11100
6380 11100 14722
11100 6380 14722
3400 9668 10694
10694 3400 9668
9668 3400 10694
12868 3780 12757
12757 3780 12868
3780 12757 12868
13279 3785 14795
3785 13279 14795
14795 3785 13279
7545 9050 12201
9050 7545 12201
12201 7545 9050
10248 2386 6005
2386 6005 10248
6005 2386 10248
6827 6593 9330
6593 6827 9330
9330 6593 6827
12736 3541 13384
13384 3541 12736
3541 12736 13384
2750 293 9538
9538 293 2750
293 2750 9538
8859 4781 8205
4781 8205 8859
8205 4781 8859
7441 3160 11085
11085 3160 7441
3160 7441 11085
12582 4156 8670
4156 8670 12582
8670 4156 12582
14708 3401 13510
3401 13510 14708
13510 3401 14708
14005 10125 13007
10125 13007 14005
13007 10125 14005
11788 6818 7458
6818 7458 11788
7458 6818 11788
3438 11916 13717
13717 3438 11916
11916 3438 13717
3293 1912 4614
1912 3293 4614
4614 1912 3293
13716 873 14566
14566 873 13716
873 13716 14566
4128 8086 10439
10439 4128 8086
8086 4128 10439
9097 4677 13677
4677 9097 13677
13677 4677 9097
10259 2727 5316
5316 2727 10259
2727 5316 10259
3055 6048 10780
6048 3055 10780
10780 3055 6048
13284 5542 7410
7410 5542 13284
5542 7410 13284
8053 3933 8961
8961 3933 8053
3933 8053 8961
6794 2021 12117
2021 6794 12117
12117 2021 6794
1900 3225 6908
3225 1900 6908
6908 1900 3225
7626 472 3994
3994 472 7626
472 3994 7626
2737 7663 8785
8785 2737 7663
7663 2737 8785
13083 11948 12452
12452 11948 13083
11948 12452 13083
4938 2550 10735
2550 4938 10735
10735 2550 4938
13362 6543 7952
7952 6543 13362
6543 7952 13362
12751 3110 10350
10350 3110 12751
3110 10350 12751
4459 5958 11465
5958 4459 11465
11465 4459 5958
12635 7131 7138
7138 7131 12635
7131 7138 12635
3751 10232 14618
14618 3751 10232
10232 3751 14618
10561 5895 10000
5895 10000 10561
10000 5895 10561
12080 2624 3359
3359 2624 12080
2624 3359 12080
1376 1585 9091
1585 1376 9091
9091 1376 1585
11268 2621 4278
2621 4278 11268
4278 2621 11268
1026 5728 9839
9839 1026 5728
5728 1026 9839
634 2145 5083
5083 634 2145
2145 634 5083
7706 6033 7624
7624 6033 7706
6033 7624 7706
1984 222 7803
7803 222 1984
222 1984 7803
8919 2403 10614
2403 8919 10614
10614 2403 8919
5702 3789 12986
12986 3789 5702
3789 5702 12986
10575 6229 13402
13402 6229 10575
6229 10575 13402
11301 9755 10048
10048 9755 11301
9755 10048 11301
824 3032 10138
3032 824 10138
10138 824 3032
4980 2940 6273
2940 4980 6273
6273 2940 4980
12540 2751 8418
8418 2751 12540
2751 8418 12540
3188 5421 11204
5421 3188 11204
11204 3188 5421
11550 3157 14136
3157 11550 14136
14136 3157 11550
2836 2965 7091
7091 2836 2965
2965 2836 7091
8388 6201 12331
12331 6201 8388
6201 8388 12331
6056 5983 10192
10192 5983 6056
5983 6056 10192
13127 8551 11630
8551 11630 13127
11630 8551 13127
722 15 11318
11318 15 722
15 722 11318
11983 12501 13040
13040 11983 12501
12501 11983 13040
4820 2313 2538
2538 2313 4820
2313 2538 4820
4066 2975 7325
2975 4066 7325
7325 2975 4066
14388 1621 10291
1621 10291 14388
10291 1621 14388
8582 3389 6517
3389 6517 8582
6517 3389 8582
5816 2350 10573
10573 2350 5816
2350 5816 10573
4876 6106 14370
6106 4876 14370
14370 4876 6106
8532 2907 13392
13392 2907 8532
2907 8532 13392
9125 1319 2093
2093 1319 9125
1319 2093 9125
8219 3022 8716
3022 8219 8716
8716 3022 8219
11723 6177 6477
6477 6177 11723
6177 6477 11723
3633 3996 8797
3996 3633 8797
8797 3633 3996
13802 9940 12092
12092 9940 13802
9940 12092 13802
7308 10042 12165
10042 7308 12165
12165 7308 10042
5708 807 2083
807 2083 5708
2083 807 5708
7718 6883 12070
12070 6883 7718
6883 7718 12070
1290 7748 12930
12930 1290 7748
7748 1290 12930
7380 1506 2484
1506 2484 7380
2484 1506 7380
4138 5581 11511
5581 4138 11511
11511 4138 5581
465 1343 4982
1343 465 4982
4982 465 1343
11590 2455 4606
4606 2455 11590
2455 4606 11590
6830 2909 13785
13785 2909 6830
2909 6830 13785
4199 1915 7536
1915 4199 7536
7536 1915 4199
12875 12399 13645
13645 12399 12875
12399 12875 13645
9223 1540 3998
3998 1540 9223
1540 3998 9223
2327 3193 8196
3193 2327 8196
8196 2327 3193
14961 8542 13370
8542 13370 14961
13370 8542 14961
13097 4773 12210
12210 4773 13097
4773 12210 13097
14202 848 8456
848 8456 14202
8456 848 14202
10109 5023 9410
9410 5023 10109
5023 9410 10109
630 1092 2286
2286 630 1092
1092 630 2286
1807 9910 12213
9910 1807 12213
12213 1807 9910
7413 9421 11713
9421 7413 11713
11713 7413 9421
6953 11783 12041
11783 6953 12041
12041 6953 11783
5272 5237 10917
10917 5237 5272
5237 5272 10917
11328 6536 11681
11681 6536 11328
6536 11328 11681
12753 13552 14066
13552 12753 14066
14066 12753 13552
2956 1218 13706
13706 1218 2956
1218 2956 13706
6325 12762 14969
12762 6325 14969
14969 6325 12762
13420 1184 6895
1184 6895 13420
6895 1184 13420
4056 6066 13500
13500 4056 6066
6066 4056 13500
1328 3458 10204
10204 1328 3458
3458 1328 10204
13960 5047 8028
5047 8028 13960
8028 5047 13960
3987 533 4946
4946 533 3987
533 3987 4946
5220 12723 13589
12723 5220 13589
13589 5220 12723
1666 8552 10020
8552 1666 10020
10020 1666 8552
4462 4398 11012
11012 4398 4462
4398 4462 11012
1041 2426 7215
7215 1041 2426
2426 1041 7215
14546 2742 10499
2742 10499 14546
10499 2742 14546
13581 14233 14922
14233 13581 14922
14922 13581 14233
8192 10377 11383
10377 8192 11383
11383 8192 10377
3709 7310 14797
14797 3709 7310
7310 3709 14797
14394 3855 4813
3855 4813 14394
4813 3855 14394
12256 8855 12043
12043 8855 12256
8855 12043 12256
2472 6550 12768
12768 2472 6550
6550 2472 12768
12654 608 2400
2400 608 12654
608 2400 12654
8596 716 9704
9704 716 8596
716 8596 9704
9143 1919 7255
7255 1919 9143
1919 7255 9143
2556 4886 8896
8896 2556 4886
4886 2556 8896
8514 1375 6497
6497 1375 8514
1375 6497 8514
7467 5249 5777
5249 5777 7467
5777 5249 7467
