147672 113133 130462
130462 113133 147672
113133 130462 147672
38138 62067 106109
106109 38138 62067
62067 38138 106109
101503 139403 144968
139403 101503 144968
144968 101503 139403
53998 1128 52175
52175 1128 53998
1128 52175 53998
70279 30776 105472
105472 30776 70279
30776 70279 105472
38651 79211 126295
126295 38651 79211
79211 38651 126295
18093 74944 102476
74944 18093 102476
102476 18093 74944
43498 37667 38398
38398 37667 43498
37667 38398 43498
69889 16736 113589
16736 69889 113589
113589 16736 69889
119724 64373 137276
64373 119724 137276
137276 64373 119724
111075 37803 142096
142096 37803 111075
37803 111075 142096
108238 21992 113799
21992 108238 113799
113799 21992 108238
95484 57296 79983
79983 57296 95484
57296 79983 95484
104145 114925 121951
121951 104145 114925
114925 104145 121951
48966 91236 125884
91236 48966 125884
125884 48966 91236
121396 17016 111999
111999 17016 121396
17016 111999 121396
1979 29572 140349
29572 1979 140349
140349 1979 29572
96400 70185 75054
75054 70185 96400
70185 75054 96400
59304 66077 87898
87898 59304 66077
66077 59304 87898
70892 19323 56771
19323 56771 70892
56771 19323 70892
123339 1334 75508
1334 75508 123339
75508 1334 123339
3465 21658 94706
94706 3465 21658
21658 3465 94706
147098 62537 109144
109144 62537 147098
62537 109144 147098
31109 42687 140500
42687 31109 140500
140500 31109 42687
124190 17793 91297
91297 17793 124190
17793 91297 124190
26182 70403 109024
70403 26182 109024
109024 26182 70403
116803 42440 129498
42440 116803 129498
129498 42440 116803
31577 39903 105027
39903 31577 105027
105027 31577 39903
82540 99870 119450
119450 82540 99870
99870 82540 119450
121940 94908 111049
94908 111049 121940
111049 94908 121940
15614 44988 79663
44988 15614 79663
79663 15614 44988
26624 50728 55428
55428 26624 50728
50728 26624 55428
54574 59287 88813
59287 54574 88813
88813 54574 59287
107316 12007 98891
12007 98891 107316
98891 12007 107316
98058 92858 93924
92858 93924 98058
93924 92858 98058
131369 74821 101081
101081 74821 131369
74821 101081 131369
132502 113015 147087
147087 113015 132502
113015 132502 147087
7286 25521 94125
94125 7286 25521
25521 7286 94125
145608 63764 95485
63764 95485 145608
95485 63764 145608
55805 66414 68682
68682 55805 66414
66414 55805 68682
47276 94410 137868
94410 47276 137868
137868 47276 94410
135526 15002 40358
40358 15002 135526
15002 40358 135526
82131 64762 141645
141645 64762 82131
64762 82131 141645
113504 52849 139520
139520 52849 113504
52849 113504 139520
114360 109838 116726
109838 114360 116726
116726 109838 114360
94360 65219 141325
141325 65219 94360
65219 94360 141325
64543 71826 87786
71826 64543 87786
87786 64543 71826
131586 30594 101769
101769 30594 131586
30594 101769 131586
91434 45738 124928
124928 45738 91434
45738 91434 124928
97820 11894 57937
11894 57937 97820
57937 11894 97820
60245 86224 96591
96591 60245 86224
86224 60245 96591
13289 101179 103374
101179 13289 103374
103374 13289 101179
129401 35133 78697
78697 35133 129401
35133 78697 129401
31558 1476 2436
1476 2436 31558
2436 1476 31558
110606 86927 115871
86927 110606 115871
115871 86927 110606
144814 36939 124087
124087 36939 144814
36939 124087 144814
111355 99069 143116
99069 111355 143116
143116 99069 111355
53448 96626 144027
144027 53448 96626
96626 53448 144027
7569 66549 120336
66549 7569 120336
120336 7569 66549
103231 23931 76411
23931 76411 103231
76411 23931 103231
44912 105495 127202
105495 44912 127202
127202 44912 105495
148737 39515 50997
39515 50997 148737
50997 39515 148737
109917 119149 148052
119149 109917 148052
148052 109917 119149
132289 96707 102144
102144 96707 132289
96707 102144 132289
45854 29133 143200
143200 29133 45854
29133 45854 143200
28553 37845 103142
103142 28553 37845
37845 28553 103142
81851 17857 83674
83674 17857 81851
17857 81851 83674
80732 24018 93415
24018 80732 93415
93415 24018 80732
110263 6265 73287
6265 73287 110263
73287 6265 110263
77846 127403 134600
127403 77846 134600
134600 77846 127403
121368 48443 121454
48443 121368 121454
121454 48443 121368
52149 102186 134915
102186 52149 134915
134915 52149 102186
119344 54917 136582
54917 119344 136582
136582 54917 119344
28030 83411 86785
86785 28030 83411
83411 28030 86785
63884 19912 31107
19912 31107 63884
31107 19912 63884
52993 114601 132211
132211 52993 114601
114601 52993 132211
77000 107958 130665
107958 77000 130665
130665 77000 107958
142775 138245 145640
145640 138245 142775
138245 142775 145640
144746 79199 106258
79199 106258 144746
106258 79199 144746
127527 7973 9570
9570 7973 127527
7973 9570 127527
6833 17610 72188
17610 6833 72188
72188 6833 17610
63889 23762 128571
23762 63889 128571
128571 23762 63889
145182 4901 144033
4901 144033 145182
144033 4901 145182
116632 33121 54510
54510 33121 116632
33121 54510 116632
77119 4973 12893
4973 12893 77119
12893 4973 77119
140714 48406 120106
120106 48406 140714
48406 120106 140714
15802 48212 104034
48212 15802 104034
104034 15802 48212
21041 53459 61901
61901 21041 53459
53459 21041 61901
65381 12907 15284
12907 15284 65381
15284 12907 65381
46125 50480 120185
50480 46125 120185
120185 46125 50480
112070 24157 98518
98518 24157 112070
24157 98518 112070
137789 27343 73573
73573 27343 137789
27343 73573 137789
94144 10482 63820
10482 63820 94144
63820 10482 94144
96779 66623 68224
66623 68224 96779
68224 66623 96779
115812 28425 60023
60023 28425 115812
28425 60023 115812
117223 18522 129947
129947 18522 117223
18522 117223 129947
60566 834 134985
834 60566 134985
134985 834 60566
88213 35233 61201
35233 61201 88213
61201 35233 88213
53718 46623 58608
46623 53718 58608
58608 46623 53718
22466 61267 101961
101961 22466 61267
61267 22466 101961
127788 39215 60276
39215 60276 127788
60276 39215 127788
141915 1071 6713
6713 1071 141915
1071 6713 141915
38434 81411 115072
81411 38434 115072
115072 38434 81411
125452 66550 96090
66550 96090 125452
96090 66550 125452
168 78205 144462
144462 168 78205
78205 168 144462
126570 112644 125491
125491 112644 126570
112644 125491 126570
122029 20218 81853
20218 81853 122029
81853 20218 122029
116911 1026 64456
1026 64456 116911
64456 1026 116911
123155 9033 118584
9033 118584 123155
118584 9033 123155
79026 61815 123740
123740 61815 79026
61815 79026 123740
26762 5459 69951
69951 5459 26762
5459 26762 69951
41451 49694 125038
49694 41451 125038
125038 41451 49694
104292 43932 127616
43932 104292 127616
127616 43932 104292
7727 49204 67026
67026 7727 49204
49204 7727 67026
81439 9096 111319
111319 9096 81439
9096 81439 111319
102586 34490 86910
34490 86910 102586
86910 34490 102586
64408 57707 120697
57707 64408 120697
120697 57707 64408
12705 52747 120666
52747 12705 120666
120666 12705 52747
60095 115089 123774
123774 60095 115089
115089 60095 123774
99289 34844 38904
38904 34844 99289
34844 38904 99289
16857 3320 140638
140638 3320 16857
3320 16857 140638
135620 35894 63750
63750 35894 135620
35894 63750 135620
99486 43825 95100
95100 43825 99486
43825 95100 99486
13091 69834 139661
139661 13091 69834
69834 13091 139661
130646 80652 115958
80652 115958 130646
115958 80652 130646
75883 12374 70203
12374 70203 75883
70203 12374 75883
125235 35901 108083
108083 35901 125235
35901 108083 125235
26907 93620 107498
107498 26907 93620
93620 26907 107498
84720 99229 148969
148969 84720 99229
99229 84720 148969
33557 44333 55357
55357 33557 44333
44333 33557 55357
131176 69336 83946
83946 69336 131176
69336 83946 131176
41918 67436 119563
119563 41918 67436
67436 41918 119563
126649 23978 31428
31428 23978 126649
23978 31428 126649
44995 127775 131271
131271 44995 127775
127775 44995 131271
92726 14506 105068
14506 92726 105068
105068 14506 92726
88798 50894 95777
95777 50894 88798
50894 88798 95777
73225 88102 146489
88102 73225 146489
146489 73225 88102
112305 23277 86666
86666 23277 112305
23277 86666 112305
97460 88001 148401
148401 88001 97460
88001 97460 148401
56046 26619 59420
59420 26619 56046
26619 56046 59420
53104 93405 135917
93405 53104 135917
135917 53104 93405
120319 30272 140226
30272 120319 140226
140226 30272 120319
26220 102647 109667
109667 26220 102647
102647 26220 109667
121229 21914 37476
37476 21914 121229
21914 37476 121229
146300 12322 50653
12322 50653 146300
50653 12322 146300
43306 2449 20132
20132 2449 43306
2449 20132 43306
35647 5099 56258
56258 5099 35647
5099 35647 56258
95193 32614 67585
32614 67585 95193
67585 32614 95193
105350 139626 145628
145628 105350 139626
139626 105350 145628
90842 24814 46940
46940 24814 90842
24814 46940 90842
142389 42123 133093
42123 133093 142389
133093 42123 142389
117821 12809 139756
139756 12809 117821
12809 117821 139756
133273 20681 121913
121913 20681 133273
20681 121913 133273
127508 103600 110493
110493 103600 127508
103600 110493 127508
149234 65545 107581
65545 107581 149234
107581 65545 149234
18104 47199 148313
47199 18104 148313
148313 18104 47199
71648 42136 109621
109621 42136 71648
42136 71648 109621
2089 90346 113230
113230 2089 90346
90346 2089 113230
31071 72860 139444
139444 31071 72860
72860 31071 139444
35967 75665 137826
75665 35967 137826
137826 35967 75665
7880 7070 39729
7070 7880 39729
39729 7070 7880
76913 45498 133113
45498 76913 133113
133113 45498 76913
149650 1047 61855
1047 61855 149650
61855 1047 149650
101753 9670 39706
9670 39706 101753
39706 9670 101753
47608 25502 136936
136936 25502 47608
25502 47608 136936
56742 66158 73391
73391 56742 66158
66158 56742 73391
39126 60143 134860
134860 39126 60143
60143 39126 134860
65256 23490 109539
23490 65256 109539
109539 23490 65256
120730 28021 64597
28021 64597 120730
64597 28021 120730
87515 29275 109578
29275 87515 109578
109578 29275 87515
146519 72559 129134
72559 129134 146519
129134 72559 146519
1121 74887 140583
74887 1121 140583
140583 1121 74887
59344 14185 133693
133693 14185 59344
14185 59344 133693
24627 76607 120213
120213 24627 76607
76607 24627 120213
107880 10267 90585
10267 90585 107880
90585 10267 107880
98470 11761 58904
11761 58904 98470
58904 11761 98470
77799 111664 131731
131731 77799 111664
111664 77799 131731
142968 102089 119301
102089 119301 142968
119301 102089 142968
103597 12439 32722
12439 32722 103597
32722 12439 103597
140183 35433 108468
108468 35433 140183
35433 108468 140183
85009 56626 70010
56626 70010 85009
70010 56626 85009
83808 94671 121586
121586 83808 94671
94671 83808 121586
137914 88738 96161
88738 96161 137914
96161 88738 137914
36126 57799 72727
72727 36126 57799
57799 36126 72727
19480 53587 101659
53587 19480 101659
101659 19480 53587
22268 32680 91549
91549 22268 32680
32680 22268 91549
105650 85470 141068
85470 105650 141068
141068 85470 105650
107781 24936 143870
24936 107781 143870
143870 24936 107781
48187 18538 132827
132827 18538 48187
18538 48187 132827
56223 102466 109312
109312 56223 102466
102466 56223 109312
113827 80148 102850
80148 102850 113827
102850 80148 113827
82070 70478 72199
70478 72199 82070
72199 70478 82070
63959 28835 104638
104638 28835 63959
28835 63959 104638
108697 37614 93012
93012 37614 108697
37614 93012 108697
88877 52911 86706
86706 52911 88877
52911 86706 88877
48365 4035 22592
4035 22592 48365
22592 4035 48365
134545 30496 52537
52537 30496 134545
30496 52537 134545
31380 113241 116149
116149 31380 113241
113241 31380 116149
18647 8115 30157
30157 8115 18647
8115 18647 30157
148204 13717 139907
139907 13717 148204
13717 139907 148204
77538 96579 115882
115882 77538 96579
96579 77538 115882
36531 86779 140436
140436 36531 86779
86779 36531 140436
3018 70746 83458
70746 3018 83458
83458 3018 70746
43980 4458 34867
4458 34867 43980
34867 4458 43980
43188 35067 35683
35683 35067 43188
35067 35683 43188
125965 27227 137687
27227 125965 137687
137687 27227 125965
112683 32449 131393
131393 32449 112683
32449 112683 131393
125631 33129 65469
65469 33129 125631
33129 65469 125631
23245 127120 137337
137337 23245 127120
127120 23245 137337
124142 40373 74983
40373 74983 124142
74983 40373 124142
31871 4251 122914
122914 4251 31871
4251 31871 122914
105725 117011 127795
117011 105725 127795
127795 105725 117011
47676 72547 112511
72547 47676 112511
112511 47676 72547
34097 48916 62908
62908 34097 48916
48916 34097 62908
123107 33389 99753
99753 33389 123107
33389 99753 123107
108611 36650 74547
36650 74547 108611
74547 36650 108611
133226 50319 84828
50319 84828 133226
84828 50319 133226
83790 81611 103031
81611 83790 103031
103031 81611 83790
85922 80502 106977
80502 85922 106977
106977 80502 85922
4477 6190 13815
13815 4477 6190
6190 4477 13815
73067 54695 129783
129783 54695 73067
54695 73067 129783
139938 140060 140953
140060 139938 140953
140953 139938 140060
123828 70635 87744
87744 70635 123828
70635 87744 123828
108886 34565 56313
56313 34565 108886
34565 56313 108886
145737 19203 40675
40675 19203 145737
19203 40675 145737
132847 35402 106058
106058 35402 132847
35402 106058 132847
83210 15543 114969
15543 83210 114969
114969 15543 83210
36036 66451 135011
135011 36036 66451
66451 36036 135011
75045 48507 128573
128573 48507 75045
48507 75045 128573
24171 115505 129864
129864 24171 115505
115505 24171 129864
96528 51383 132317
51383 96528 132317
132317 51383 96528
14271 22412 135137
22412 14271 135137
135137 14271 22412
78862 106502 107199
107199 78862 106502
106502 78862 107199
101526 64040 104545
104545 64040 101526
64040 101526 104545
48678 33220 82490
33220 48678 82490
82490 33220 48678
70074 100898 123829
123829 70074 100898
100898 70074 123829
46644 100511 100596
100511 46644 100596
100596 46644 100511
73607 35932 141570
35932 73607 141570
141570 35932 73607
21614 50360 112637
50360 21614 112637
112637 21614 50360
30318 30089 128911
30089 30318 128911
128911 30089 30318
41177 138991 144509
138991 41177 144509
144509 41177 138991
75583 38114 52376
38114 52376 75583
52376 38114 75583
1031 13336 24640
13336 1031 24640
24640 1031 13336
66743 3033 140032
3033 66743 140032
140032 3033 66743
96685 42441 105853
105853 42441 96685
42441 96685 105853
132897 19341 128890
128890 19341 132897
19341 128890 132897
78342 49481 58936
49481 58936 78342
58936 49481 78342
102652 87378 103497
103497 87378 102652
87378 102652 103497
35105 23655 27031
27031 23655 35105
23655 27031 35105
142384 74639 80892
74639 80892 142384
80892 74639 142384
75771 3692 33924
3692 33924 75771
33924 3692 75771
62085 1176 11916
1176 11916 62085
11916 1176 62085
73064 19274 128778
128778 19274 73064
19274 73064 128778
66833 19826 46705
46705 19826 66833
19826 46705 66833
133346 55058 112253
55058 112253 133346
112253 55058 133346
14622 65600 145973
65600 14622 145973
145973 14622 65600
26050 89633 109792
109792 26050 89633
89633 26050 109792
125120 44656 147665
44656 125120 147665
147665 44656 125120
72878 22981 106055
106055 22981 72878
22981 72878 106055
102674 27842 113350
27842 102674 113350
113350 27842 102674
91110 34606 126648
126648 34606 91110
34606 91110 126648
22281 9656 87735
9656 22281 87735
87735 9656 22281
76932 77216 104857
104857 76932 77216
77216 76932 104857
149460 25994 145711
25994 145711 149460
145711 25994 149460
87613 59288 144488
144488 59288 87613
59288 87613 144488
26012 59374 83272
83272 26012 59374
59374 26012 83272
120473 115596 117098
117098 115596 120473
115596 117098 120473
38901 75758 133069
133069 38901 75758
75758 38901 133069
123432 56296 86695
86695 56296 123432
56296 86695 123432
86012 71502 135964
135964 71502 86012
71502 86012 135964
13977 122797 127542
127542 13977 122797
122797 13977 127542
115988 42956 104351
42956 104351 115988
104351 42956 115988
9285 67649 135587
135587 9285 67649
67649 9285 135587
57191 78510 138555
138555 57191 78510
78510 57191 138555
9776 34447 50011
50011 9776 34447
34447 9776 50011
91293 29338 38189
29338 38189 91293
38189 29338 91293
31898 37678 68296
68296 31898 37678
37678 31898 68296
76206 9408 26412
9408 26412 76206
26412 9408 76206
23223 87383 127215
127215 23223 87383
87383 23223 127215
82992 20744 90191
90191 20744 82992
20744 82992 90191
18933 49337 49777
49337 18933 49777
49777 18933 49337
88505 46039 51172
51172 46039 88505
46039 51172 88505
30562 2026 11746
2026 11746 30562
11746 2026 30562
30968 89594 149956
89594 30968 149956
149956 30968 89594
147312 27241 94936
27241 94936 147312
94936 27241 147312
140402 88830 126271
126271 88830 140402
88830 126271 140402
85600 25901 84905
84905 25901 85600
25901 84905 85600
6415 25012 95540
95540 6415 25012
25012 6415 95540
44992 98299 115244
115244 44992 98299
98299 44992 115244
107047 30960 92896
30960 92896 107047
92896 30960 107047
356 17928 18693
17928 356 18693
18693 356 17928
111152 100903 135868
100903 111152 135868
135868 100903 111152
83472 34264 85965
85965 34264 83472
34264 83472 85965
70365 29542 99534
99534 29542 70365
29542 70365 99534
125959 69127 106461
106461 69127 125959
69127 106461 125959
135847 54863 84417
54863 84417 135847
84417 54863 135847
105946 55932 74969
74969 55932 105946
55932 74969 105946
32207 31743 141633
31743 32207 141633
141633 31743 32207
77106 25465 88271
88271 25465 77106
25465 77106 88271
6966 123333 127958
127958 6966 123333
123333 6966 127958
13254 133496 133553
133496 13254 133553
133553 13254 133496
92484 45226 146198
45226 92484 146198
146198 45226 92484
100515 46427 121145
121145 46427 100515
46427 100515 121145
44393 94376 139805
139805 44393 94376
94376 44393 139805
129708 46358 81215
81215 46358 129708
46358 81215 129708
38352 30232 74970
74970 30232 38352
30232 38352 74970
51855 2775 4604
4604 2775 51855
2775 4604 51855
126773 206 40267
206 40267 126773
40267 206 126773
112480 23867 148286
148286 23867 112480
23867 112480 148286
77868 30168 30768
30168 30768 77868
30768 30168 77868
113995 25558 83203
83203 25558 113995
25558 83203 113995
41731 20945 47271
20945 41731 47271
47271 20945 41731
15814 63547 71092
71092 15814 63547
63547 15814 71092
103314 9086 124519
9086 103314 124519
124519 9086 103314
105676 18082 120380
120380 18082 105676
18082 105676 120380
81050 53731 68423
68423 53731 81050
53731 68423 81050
77630 71901 119416
71901 77630 119416
119416 71901 77630
121195 50105 55116
55116 50105 121195
50105 55116 121195
18132 7514 85978
85978 7514 18132
7514 18132 85978
140250 29748 32816
32816 29748 140250
29748 32816 140250
18515 45202 67451
67451 18515 45202
45202 18515 67451
24086 34787 47054
47054 24086 34787
34787 24086 47054
86423 36702 142850
36702 86423 142850
142850 36702 86423
9636 100451 118868
100451 9636 118868
118868 9636 100451
137897 29823 141553
141553 29823 137897
29823 137897 141553
12362 44390 99370
99370 12362 44390
44390 12362 99370
126004 12787 113032
113032 12787 126004
12787 113032 126004
117045 110938 144788
144788 110938 117045
110938 117045 144788
132594 112244 118959
118959 112244 132594
112244 118959 132594
63072 4050 141568
141568 4050 63072
4050 63072 141568
123280 62729 125392
125392 62729 123280
62729 123280 125392
58570 12423 36146
12423 36146 58570
36146 12423 58570
62942 84745 129072
129072 62942 84745
84745 62942 129072
86158 50797 110500
50797 86158 110500
110500 50797 86158
9561 32256 144851
144851 9561 32256
32256 9561 144851
138134 5258 32955
32955 5258 138134
5258 32955 138134
10945 40658 126603
40658 10945 126603
126603 10945 40658
33371 13313 75246
13313 33371 75246
75246 13313 33371
87164 56180 87921
56180 87164 87921
87921 56180 87164
101309 68519 85288
85288 68519 101309
68519 85288 101309
109961 100554 133177
133177 100554 109961
100554 109961 133177
72362 77841 115555
77841 72362 115555
115555 72362 77841
43108 50107 148644
50107 43108 148644
148644 43108 50107
37312 22571 99369
22571 37312 99369
99369 22571 37312
28997 135320 140180
140180 28997 135320
135320 28997 140180
74784 107417 120511
107417 74784 120511
120511 74784 107417
94148 48165 80560
48165 80560 94148
80560 48165 94148
15639 106321 119714
119714 15639 106321
106321 15639 119714
67509 29946 101973
29946 67509 101973
101973 29946 67509
28625 49992 50347
50347 28625 49992
49992 28625 50347
141273 44228 71595
71595 44228 141273
44228 71595 141273
58717 4367 59058
4367 58717 59058
59058 4367 58717
30163 39786 82511
39786 30163 82511
82511 30163 39786
116008 80031 124035
124035 80031 116008
80031 116008 124035
86918 14720 141604
141604 14720 86918
14720 86918 141604
7986 41782 129505
129505 7986 41782
41782 7986 129505
124856 53520 93226
93226 53520 124856
53520 93226 124856
28149 9948 23395
23395 9948 28149
9948 23395 28149
55209 18931 80788
18931 55209 80788
80788 18931 55209
15587 38959 143923
38959 15587 143923
143923 15587 38959
106396 28219 103160
28219 103160 106396
103160 28219 106396
10422 46042 82947
46042 10422 82947
82947 10422 46042
92364 36069 125566
36069 92364 125566
125566 36069 92364
129089 66928 112501
112501 66928 129089
66928 112501 129089
39377 89496 100804
100804 39377 89496
89496 39377 100804
57752 57361 146769
146769 57361 57752
57361 57752 146769
42489 40709 135417
135417 40709 42489
40709 42489 135417
4927 8207 109607
109607 4927 8207
8207 4927 109607
99473 65664 140654
65664 99473 140654
140654 65664 99473
27575 118994 121929
118994 27575 121929
121929 27575 118994
96043 17639 20896
20896 17639 96043
17639 20896 96043
119719 83720 90263
90263 83720 119719
83720 90263 119719
91292 6192 90798
6192 90798 91292
90798 6192 91292
29415 1207 4138
1207 4138 29415
4138 1207 29415
39523 1226 23635
23635 1226 39523
1226 23635 39523
53127 57268 58428
57268 53127 58428
58428 53127 57268
122430 36012 71207
36012 71207 122430
71207 36012 122430
74172 63482 67171
67171 63482 74172
63482 67171 74172
110015 96448 149748
149748 96448 110015
96448 110015 149748
28678 32550 72212
72212 28678 32550
32550 28678 72212
57126 91700 125343
125343 57126 91700
91700 57126 125343
16162 82932 147112
82932 16162 147112
147112 16162 82932
27502 8051 63560
8051 27502 63560
63560 8051 27502
64162 78727 126730
78727 64162 126730
126730 64162 78727
61040 28026 147993
28026 61040 147993
147993 28026 61040
101389 123131 149945
149945 101389 123131
123131 101389 149945
143912 9516 130970
130970 9516 143912
9516 130970 143912
21965 78462 81873
81873 21965 78462
78462 21965 81873
81848 49911 76997
49911 76997 81848
76997 49911 81848
126509 39811 50683
50683 39811 126509
39811 50683 126509
132449 40626 95748
95748 40626 132449
40626 95748 132449
71074 98474 118908
98474 71074 118908
118908 71074 98474
123000 17830 136125
136125 17830 123000
17830 123000 136125
120897 107900 130598
130598 107900 120897
107900 120897 130598
37804 41559 46651
46651 37804 41559
41559 37804 46651
82584 87783 124638
87783 82584 124638
124638 82584 87783
20003 14258 63317
63317 14258 20003
14258 20003 63317
118688 74526 110071
74526 110071 118688
110071 74526 118688
51732 45611 148347
148347 45611 51732
45611 51732 148347
107360 41007 44719
44719 41007 107360
41007 44719 107360
106440 55401 145788
55401 106440 145788
145788 55401 106440
141016 83071 111989
83071 111989 141016
111989 83071 141016
111734 114959 130915
114959 111734 130915
130915 111734 114959
10907 88543 94007
94007 10907 88543
88543 10907 94007
2294 10075 21824
10075 2294 21824
21824 2294 10075
140151 7361 47216
47216 7361 140151
7361 47216 140151
12817 109837 148769
109837 12817 148769
148769 12817 109837
38175 37249 37332
37249 37332 38175
37332 37249 38175
14757 30692 66072
30692 14757 66072
66072 14757 30692
91341 83174 148151
148151 83174 91341
83174 91341 148151
9077 13869 58187
58187 9077 13869
13869 9077 58187
27655 78605 80865
80865 27655 78605
78605 27655 80865
10247 69724 77922
77922 10247 69724
69724 10247 77922
132 31640 137692
31640 132 137692
137692 132 31640
47870 1959 40831
40831 1959 47870
1959 40831 47870
76118 21009 78994
78994 21009 76118
21009 76118 78994
4100 78265 136225
136225 4100 78265
78265 4100 136225
16781 2932 17546
2932 16781 17546
17546 2932 16781
49213 24386 92798
24386 49213 92798
92798 24386 49213
141340 7101 52091
52091 7101 141340
7101 52091 141340
125799 5436 137346
5436 125799 137346
137346 5436 125799
147261 38362 85918
85918 38362 147261
38362 85918 147261
135072 98181 116408
116408 98181 135072
98181 116408 135072
71519 14765 34853
34853 14765 71519
14765 34853 71519
96702 22902 92829
92829 22902 96702
22902 92829 96702
35573 5938 124034
124034 5938 35573
5938 35573 124034
49149 54466 130030
130030 49149 54466
54466 49149 130030
97279 28694 99409
28694 97279 99409
99409 28694 97279
19168 2921 62539
62539 2921 19168
2921 19168 62539
106377 88027 129279
88027 106377 129279
129279 88027 106377
102547 9149 131319
131319 9149 102547
9149 102547 131319
23406 69211 74937
69211 23406 74937
74937 23406 69211
113128 91655 143878
91655 113128 143878
143878 91655 113128
60388 56295 106718
56295 60388 106718
106718 56295 60388
22786 24758 43864
43864 22786 24758
24758 22786 43864
75805 70317 127480
70317 75805 127480
127480 70317 75805
13931 9438 39316
39316 9438 13931
9438 13931 39316
88430 52447 124653
52447 88430 124653
124653 52447 88430
2854 79045 89063
89063 2854 79045
79045 2854 89063
62919 58967 124793
58967 62919 124793
124793 58967 62919
39391 30798 86898
30798 39391 86898
86898 30798 39391
60503 56318 66699
66699 56318 60503
56318 60503 66699
78001 98420 112847
98420 78001 112847
112847 78001 98420
38438 29624 136797
136797 29624 38438
29624 38438 136797
88524 541 82794
82794 541 88524
541 82794 88524
135416 48384 50560
48384 50560 135416
50560 48384 135416
56491 88170 101074
88170 56491 101074
101074 56491 88170
90423 78613 146845
78613 90423 146845
146845 78613 90423
17547 38922 51644
51644 17547 38922
38922 17547 51644
352 26140 122443
26140 352 122443
122443 352 26140
55558 105248 119275
105248 55558 119275
119275 55558 105248
27504 33896 147054
33896 27504 147054
147054 27504 33896
58876 6128 104219
104219 6128 58876
6128 58876 104219
30392 38032 129890
38032 30392 129890
129890 30392 38032
96560 33049 109253
33049 96560 109253
109253 33049 96560
63183 66264 90518
66264 63183 90518
90518 63183 66264
118664 68586 118327
118327 68586 118664
68586 118327 118664
103717 33893 144213
144213 33893 103717
33893 103717 144213
15878 107223 138058
138058 15878 107223
107223 15878 138058
42422 45564 89656
45564 42422 89656
89656 42422 45564
40125 36960 73151
73151 36960 40125
36960 40125 73151
44325 95960 98779
98779 44325 95960
95960 44325 98779
83667 10591 83855
83855 10591 83667
10591 83667 83855
129181 2189 25681
2189 25681 129181
25681 2189 129181
75706 3542 17457
17457 3542 75706
3542 17457 75706
35501 38421 70720
38421 35501 70720
70720 35501 38421
68204 54713 56215
54713 56215 68204
56215 54713 68204
43879 104914 116668
104914 43879 116668
116668 43879 104914
38854 6583 117695
6583 38854 117695
117695 6583 38854
61446 76387 105727
105727 61446 76387
76387 61446 105727
81739 13812 141933
13812 81739 141933
141933 13812 81739
111912 132097 135512
135512 111912 132097
132097 111912 135512
31500 36235 93117
93117 31500 36235
36235 31500 93117
136520 30113 69880
69880 30113 136520
30113 69880 136520
104522 32654 119861
32654 104522 119861
119861 32654 104522
77811 75759 141954
141954 75759 77811
75759 77811 141954
69842 37853 111420
111420 37853 69842
37853 69842 111420
113426 35144 41847
41847 35144 113426
35144 41847 113426
70917 20980 89727
20980 70917 89727
89727 20980 70917
122670 129210 148049
148049 122670 129210
129210 122670 148049
135594 20902 44811
44811 20902 135594
20902 44811 135594
102168 49144 73862
73862 49144 102168
49144 73862 102168
13655 42405 89458
89458 13655 42405
42405 13655 89458
24853 127450 145134
145134 24853 127450
127450 24853 145134
57094 1656 81210
1656 57094 81210
81210 1656 57094
74179 109032 133852
109032 74179 133852
133852 74179 109032
36583 90321 119042
90321 36583 119042
119042 36583 90321
97849 31299 40713
40713 31299 97849
31299 40713 97849
3540 85833 135436
135436 3540 85833
85833 3540 135436
87328 28565 69816
28565 69816 87328
69816 28565 87328
81602 26153 120334
120334 26153 81602
26153 81602 120334
88902 117460 136267
136267 88902 117460
117460 88902 136267
62560 24375 62010
62010 24375 62560
24375 62010 62560
562 16199 56598
16199 562 56598
56598 562 16199
40043 30012 43669
30012 40043 43669
43669 30012 40043
140212 15268 66069
66069 15268 140212
15268 66069 140212
20926 15267 145712
15267 20926 145712
145712 15267 20926
108742 64757 89808
89808 64757 108742
64757 89808 108742
4860 21682 104920
21682 4860 104920
104920 4860 21682
19576 129885 148781
129885 19576 148781
148781 19576 129885
102123 47589 128579
128579 47589 102123
47589 102123 128579
131236 8815 122747
8815 122747 131236
122747 8815 131236
38553 35674 92755
92755 35674 38553
35674 38553 92755
145252 44681 142271
142271 44681 145252
44681 142271 145252
84151 45464 49164
45464 49164 84151
49164 45464 84151
79678 11774 14597
14597 11774 79678
11774 14597 79678
2941 2484 120508
2484 2941 120508
120508 2484 2941
146584 26623 59633
59633 26623 146584
26623 59633 146584
110285 100174 106120
100174 106120 110285
106120 100174 110285
146477 33490 98169
98169 33490 146477
33490 98169 146477
143191 838 9834
838 9834 143191
9834 838 143191
12618 129712 143935
143935 12618 129712
129712 12618 143935
134314 78563 87362
78563 87362 134314
87362 78563 134314
97938 82231 127544
82231 97938 127544
127544 82231 97938
105839 39246 77320
77320 39246 105839
39246 77320 105839
114907 100622 108375
100622 108375 114907
108375 100622 114907
72429 86581 128796
128796 72429 86581
86581 72429 128796
39939 48320 109703
48320 39939 109703
109703 39939 48320
84414 20226 37560
20226 37560 84414
37560 20226 84414
21206 11819 104016
11819 21206 104016
104016 11819 21206
11262 8614 142704
8614 11262 142704
142704 8614 11262
71983 24935 71699
71699 24935 71983
24935 71699 71983
85641 54073 126991
54073 85641 126991
126991 54073 85641
79166 20752 84847
20752 79166 84847
84847 20752 79166
61811 16779 127280
127280 16779 61811
16779 61811 127280
30863 97194 109484
109484 30863 97194
97194 30863 109484
72291 55044 65314
55044 65314 72291
65314 55044 72291
68290 95669 107687
95669 68290 107687
107687 68290 95669
104434 44552 89383
89383 44552 104434
44552 89383 104434
59164 101721 148823
148823 59164 101721
101721 59164 148823
86142 126780 149553
126780 86142 149553
149553 86142 126780
26958 66615 94508
66615 26958 94508
94508 26958 66615
131441 70437 87142
87142 70437 131441
70437 87142 131441
20494 20061 124563
124563 20061 20494
20061 20494 124563
128077 60539 134597
134597 60539 128077
60539 128077 134597
119330 4298 49558
49558 4298 119330
4298 49558 119330
56384 103140 136518
103140 56384 136518
136518 56384 103140
106431 69852 120197
120197 69852 106431
69852 106431 120197
128590 38775 98029
98029 38775 128590
38775 98029 128590
77601 116123 141314
141314 77601 116123
116123 77601 141314
105830 97548 117511
97548 105830 117511
117511 97548 105830
123294 36901 94631
36901 94631 123294
94631 36901 123294
54068 95984 141731
141731 54068 95984
95984 54068 141731
3895 4299 79391
4299 3895 79391
79391 3895 4299
104692 95611 143197
143197 95611 104692
95611 104692 143197
54778 134050 149639
134050 54778 149639
149639 54778 134050
131298 49884 61983
61983 49884 131298
49884 61983 131298
87385 31603 51490
31603 51490 87385
51490 31603 87385
34647 1864 123872
123872 1864 34647
1864 34647 123872
84787 56312 132896
56312 84787 132896
132896 56312 84787
68113 11368 68073
11368 68073 68113
68073 11368 68113
117360 2640 55717
2640 55717 117360
55717 2640 117360
104375 99058 149537
149537 99058 104375
99058 104375 149537
29028 3359 139555
139555 3359 29028
3359 29028 139555
34381 6236 136329
6236 34381 136329
136329 6236 34381
52381 11751 54087
54087 11751 52381
11751 52381 54087
138586 15906 112547
15906 112547 138586
112547 15906 138586
58372 8257 94160
94160 8257 58372
8257 58372 94160
115027 28995 91386
91386 28995 115027
28995 91386 115027
61029 74424 89174
74424 61029 89174
89174 61029 74424
39682 55905 61010
61010 39682 55905
55905 39682 61010
86523 34588 54651
54651 34588 86523
34588 54651 86523
25035 52005 131458
131458 25035 52005
52005 25035 131458
46044 56509 128063
128063 46044 56509
56509 46044 128063
48725 105736 141934
105736 48725 141934
141934 48725 105736
141260 50512 149245
50512 141260 149245
149245 50512 141260
97150 53553 110459
110459 53553 97150
53553 97150 110459
53050 80157 95708
80157 53050 95708
95708 53050 80157
9424 140019 141968
141968 9424 140019
140019 9424 141968
149482 118216 148551
118216 148551 149482
148551 118216 149482
145774 80817 109719
109719 80817 145774
80817 109719 145774
97970 40552 67582
40552 67582 97970
67582 40552 97970
82694 29657 30251
29657 30251 82694
30251 29657 82694
88912 38587 94743
38587 88912 94743
94743 38587 88912
98589 43983 132093
132093 43983 98589
43983 98589 132093
76452 98209 111743
98209 76452 111743
111743 76452 98209
145046 34960 59852
59852 34960 145046
34960 59852 145046
96134 1206 122251
1206 96134 122251
122251 1206 96134
129337 99223 147155
99223 129337 147155
147155 99223 129337
78419 137020 144381
137020 78419 144381
144381 78419 137020
73597 20670 125615
20670 73597 125615
125615 20670 73597
110636 4845 44313
4845 44313 110636
44313 4845 110636
63170 69574 141401
141401 63170 69574
69574 63170 141401
54610 16070 137612
137612 16070 54610
16070 54610 137612
117112 130688 131884
130688 117112 131884
131884 117112 130688
90618 15319 87759
87759 15319 90618
15319 87759 90618
8070 7064 91237
91237 7064 8070
7064 8070 91237
75509 6463 83926
83926 6463 75509
6463 75509 83926
70168 16539 116701
116701 16539 70168
16539 70168 116701
99143 21968 33478
33478 21968 99143
21968 33478 99143
61751 464 111292
464 61751 111292
111292 464 61751
91068 22442 139673
139673 22442 91068
22442 91068 139673
55255 120167 130268
130268 55255 120167
120167 55255 130268
87351 10565 68152
68152 10565 87351
10565 68152 87351
23579 12355 36470
36470 12355 23579
12355 23579 36470
26351 85223 96148
96148 26351 85223
85223 26351 96148
122069 36775 122983
122983 36775 122069
36775 122069 122983
132606 42745 71048
42745 71048 132606
71048 42745 132606
13494 30573 69665
69665 13494 30573
30573 13494 69665
35028 11549 76355
76355 11549 35028
11549 35028 76355
79063 125533 136739
136739 79063 125533
125533 79063 136739
107538 25033 131115
131115 25033 107538
25033 107538 131115
52232 60524 106527
106527 52232 60524
60524 52232 106527
112897 14288 94659
94659 14288 112897
14288 94659 112897
75100 91118 127747
91118 75100 127747
127747 75100 91118
118498 66601 68579
68579 66601 118498
66601 68579 118498
72464 57721 116939
116939 57721 72464
57721 72464 116939
146413 8510 13633
8510 13633 146413
13633 8510 146413
107793 66042 84082
84082 66042 107793
66042 84082 107793
59953 113510 127458
113510 59953 127458
127458 59953 113510
148860 47580 100629
47580 100629 148860
100629 47580 148860
13296 51091 58319
51091 13296 58319
58319 13296 51091
20627 31187 64800
31187 20627 64800
64800 20627 31187
87333 119358 135745
135745 87333 119358
119358 87333 135745
108003 87317 134655
134655 87317 108003
87317 108003 134655
31089 124729 136032
136032 31089 124729
124729 31089 136032
8509 20231 75626
75626 8509 20231
20231 8509 75626
57088 1877 138871
138871 1877 57088
1877 57088 138871
109080 16935 76380
76380 16935 109080
16935 76380 109080
101545 30777 61187
30777 61187 101545
61187 30777 101545
37558 111481 127479
111481 37558 127479
127479 37558 111481
59143 16644 87252
16644 59143 87252
87252 16644 59143
138144 117641 130653
117641 130653 138144
130653 117641 138144
94635 4972 70546
4972 70546 94635
70546 4972 94635
18345 77712 84846
77712 18345 84846
84846 18345 77712
61371 34695 59157
59157 34695 61371
34695 59157 61371
147909 30758 144307
30758 144307 147909
144307 30758 147909
79490 97768 131245
131245 79490 97768
97768 79490 131245
871 15147 36183
15147 871 36183
36183 871 15147
77633 11948 26041
26041 11948 77633
11948 26041 77633
45157 35576 49285
49285 35576 45157
35576 45157 49285
13548 130284 131939
131939 13548 130284
130284 13548 131939
111042 57545 142169
142169 57545 111042
57545 111042 142169
8505 104598 119180
104598 8505 119180
119180 8505 104598
147364 14131 123972
123972 14131 147364
14131 123972 147364
139977 60758 64708
60758 64708 139977
64708 60758 139977
10870 2982 140879
140879 2982 10870
2982 10870 140879
92312 47179 66977
66977 47179 92312
47179 66977 92312
80550 30611 45246
45246 30611 80550
30611 45246 80550
23285 45031 112495
45031 23285 112495
112495 23285 45031
130629 12689 119326
119326 12689 130629
12689 119326 130629
47335 48513 137896
137896 47335 48513
48513 47335 137896
98986 78924 131815
131815 78924 98986
78924 98986 131815
14881 29030 60303
29030 14881 60303
60303 14881 29030
121935 74750 82948
74750 82948 121935
82948 74750 121935
2497 18913 106272
18913 2497 106272
106272 2497 18913
25917 82843 139721
82843 25917 139721
139721 25917 82843
39585 48888 106028
106028 39585 48888
48888 39585 106028
17851 207 42186
207 17851 42186
42186 207 17851
40936 79537 109566
79537 40936 109566
109566 40936 79537
66007 47650 53514
53514 47650 66007
47650 53514 66007
81437 30830 81604
30830 81437 81604
81604 30830 81437
123323 13287 20528
20528 13287 123323
13287 20528 123323
92955 13092 47425
13092 47425 92955
47425 13092 92955
59390 108000 149393
149393 59390 108000
108000 59390 149393
95966 47705 145567
47705 95966 145567
145567 47705 95966
110362 46505 69717
46505 69717 110362
69717 46505 110362
37767 18588 35240
18588 35240 37767
35240 18588 37767
72166 81813 131015
131015 72166 81813
81813 72166 131015
1283 94362 103363
94362 1283 103363
103363 1283 94362
118049 32114 54774
32114 54774 118049
54774 32114 118049
57217 48425 126206
126206 48425 57217
48425 57217 126206
19260 71617 101114
101114 19260 71617
71617 19260 101114
125685 126207 144439
126207 125685 144439
144439 125685 126207
31820 74741 112286
112286 31820 74741
74741 31820 112286
111695 103458 137602
103458 111695 137602
137602 103458 111695
78224 38787 127632
127632 38787 78224
38787 78224 127632
136486 25934 41935
41935 25934 136486
25934 41935 136486
17508 38699 63713
38699 17508 63713
63713 17508 38699
98428 126822 136834
126822 98428 136834
136834 98428 126822
3157 30605 149763
30605 3157 149763
149763 3157 30605
21939 30964 74732
30964 21939 74732
74732 21939 30964
101153 19112 66172
19112 66172 101153
66172 19112 101153
128568 52014 93381
93381 52014 128568
52014 93381 128568
112962 44508 102922
44508 102922 112962
102922 44508 112962
119104 107218 137499
137499 107218 119104
107218 119104 137499
148353 101090 121652
121652 101090 148353
101090 121652 148353
65292 78150 145244
145244 65292 78150
78150 65292 145244
45361 4540 98809
98809 4540 45361
4540 45361 98809
22002 15596 109517
109517 15596 22002
15596 22002 109517
141505 134320 149707
134320 141505 149707
149707 134320 141505
46138 13881 58053
13881 46138 58053
58053 13881 46138
40314 15708 69326
69326 15708 40314
15708 40314 69326
146854 45393 52989
52989 45393 146854
45393 52989 146854
69775 66063 105511
105511 66063 69775
66063 69775 105511
80393 111431 142635
111431 80393 142635
142635 80393 111431
84008 47634 65754
47634 65754 84008
65754 47634 84008
128452 8453 54430
8453 54430 128452
54430 8453 128452
140431 19560 45379
45379 19560 140431
19560 45379 140431
63260 3177 11266
3177 11266 63260
11266 3177 63260
83812 64153 69608
64153 69608 83812
69608 64153 83812
16053 29273 87764
87764 16053 29273
29273 16053 87764
133015 82386 128108
128108 82386 133015
82386 128108 133015
92459 81780 102885
102885 81780 92459
81780 92459 102885
99876 51057 56281
56281 51057 99876
51057 56281 99876
110127 19417 39544
39544 19417 110127
19417 39544 110127
53152 42727 77665
42727 53152 77665
77665 42727 53152
138968 28701 40530
28701 40530 138968
40530 28701 138968
71221 40765 41642
40765 41642 71221
41642 40765 71221
101077 142728 146615
146615 101077 142728
142728 101077 146615
109294 75523 106283
75523 106283 109294
106283 75523 109294
146383 53571 77816
77816 53571 146383
53571 77816 146383
133332 83403 101686
101686 83403 133332
83403 101686 133332
52047 88889 145311
145311 52047 88889
88889 52047 145311
51050 26850 142590
26850 51050 142590
142590 26850 51050
57427 74047 100396
74047 57427 100396
100396 57427 74047
11437 60829 121503
60829 11437 121503
121503 11437 60829
97878 74284 112163
74284 97878 112163
112163 74284 97878
121787 80601 102531
102531 80601 121787
