3129 1055 12484
1055 3129 12484
12484 1055 3129
9681 2266 2945
2266 2945 9681
2945 2266 9681
12822 2584 8539
2584 8539 12822
8539 2584 12822
8368 5261 14451
14451 5261 8368
5261 8368 14451
10038 7847 14270
14270 7847 10038
7847 10038 14270
5429 32 14043
32 5429 14043
14043 32 5429
8917 6225 11127
11127 6225 8917
6225 8917 11127
13347 7372 14775
7372 13347 14775
14775 7372 13347
56 12428 14632
12428 56 14632
14632 56 12428
4236 485 1998
485 1998 4236
1998 485 4236
7045 2256 13711
13711 2256 7045
2256 7045 13711
2964 7985 13694
13694 2964 7985
7985 2964 13694
10857 7549 12057
7549 10857 12057
12057 7549 10857
2744 542 14812
542 2744 14812
14812 542 2744
3939 3402 5218
5218 3402 3939
3402 3939 5218
4513 10551 12977
10551 4513 12977
12977 4513 10551
8995 12197 14713
14713 8995 12197
12197 8995 14713
5845 491 6905
6905 491 5845
491 5845 6905
327 2019 12114
2019 327 12114
12114 327 2019
9568 1077 12940
1077 9568 12940
12940 1077 9568
10759 11110 14009
14009 10759 11110
11110 10759 14009
885 7875 11693
7875 885 11693
11693 885 7875
3541 293 10335
10335 293 3541
293 3541 10335
6729 5160 7274
5160 6729 7274
7274 5160 6729
810 1323 13452
13452 810 1323
1323 810 13452
1779 9397 12562
9397 1779 12562
12562 1779 9397
4541 5627 7056
7056 4541 5627
5627 4541 7056
8564 2029 4123
2029 4123 8564
4123 2029 8564
9246 7923 13059
13059 7923 9246
7923 9246 13059
6424 2248 11741
11741 2248 6424
2248 6424 11741
5399 4421 10888
4421 5399 10888
10888 4421 5399
9216 1217 5902
5902 1217 9216
1217 5902 9216
9234 6699 11423
6699 9234 11423
11423 6699 9234
1198 4366 5786
4366 1198 5786
5786 1198 4366
2135 5855 13926
13926 2135 5855
5855 2135 13926
2789 1215 9945
1215 2789 9945
9945 1215 2789
3916 971 10783
10783 971 3916
971 3916 10783
3012 1878 12536
12536 1878 3012
1878 3012 12536
109 7329 12660
7329 109 12660
12660 109 7329
5006 3742 13087
13087 3742 5006
3742 5006 13087
4852 387 11097
387 4852 11097
11097 387 4852
4515 8629 14925
14925 4515 8629
8629 4515 14925
662 397 6611
6611 397 662
397 662 6611
10043 570 12318
570 10043 12318
12318 570 10043
3975 4940 9460
4940 3975 9460
9460 3975 4940
5779 2541 13913
2541 5779 13913
13913 2541 5779
3965 8531 11536
8531 3965 11536
11536 3965 8531
205 5946 12896
12896 205 5946
5946 205 12896
6080 7924 10893
10893 6080 7924
7924 6080 10893
8239 8281 8902
8902 8239 8281
8281 8239 8902
2597 181 8989
8989 181 2597
181 2597 8989
12462 4827 13567
13567 4827 12462
4827 12462 13567
14657 9278 14959
14959 9278 14657
9278 14657 14959
8438 2975 4872
2975 4872 8438
4872 2975 8438
4558 4880 9559
4880 4558 9559
9559 4558 4880
7167 10806 11537
10806 7167 11537
11537 7167 10806
14725 7790 10564
7790 10564 14725
10564 7790 14725
15 2711 11665
11665 15 2711
2711 15 11665
12443 11876 13556
13556 11876 12443
11876 12443 13556
11321 1591 6446
6446 1591 11321
1591 6446 11321
9434 12292 12899
12899 9434 12292
12292 9434 12899
10908 1183 10088
1183 10088 10908
10088 1183 10908
6695 11782 14793
11782 6695 14793
14793 6695 11782
452 1120 6467
6467 452 1120
1120 452 6467
7142 269 8738
8738 269 7142
269 7142 8738
14732 1534 14898
1534 14732 14898
14898 1534 14732
11245 7343 13525
13525 7343 11245
7343 11245 13525
11129 1201 11474
1201 11129 11474
11474 1201 11129
11802 10006 14039
10006 11802 14039
14039 10006 11802
4458 6394 10648
10648 4458 6394
6394 4458 10648
11421 4324 13067
13067 4324 11421
4324 11421 13067
9003 3755 13388
3755 9003 13388
13388 3755 9003
10411 8252 13560
13560 8252 10411
8252 10411 13560
14885 5351 6702
6702 5351 14885
5351 6702 14885
9659 2647 14523
2647 9659 14523
14523 2647 9659
3138 4418 13108
4418 3138 13108
13108 3138 4418
4522 4075 8548
8548 4075 4522
4075 4522 8548
11626 271 6841
271 6841 11626
6841 271 11626
8921 4509 4555
4555 4509 8921
4509 4555 8921
6469 2687 3151
2687 3151 6469
3151 2687 6469
12931 4503 7298
4503 7298 12931
7298 4503 12931
3395 7151 14973
14973 3395 7151
7151 3395 14973
4886 9250 10399
9250 4886 10399
10399 4886 9250
2034 5203 6653
5203 2034 6653
6653 2034 5203
10295 6678 14729
14729 6678 10295
6678 10295 14729
14565 8096 9200
9200 8096 14565
8096 9200 14565
1747 5649 9376
5649 1747 9376
9376 1747 5649
10707 1106 14239
1106 10707 14239
14239 1106 10707
548 1736 5665
1736 548 5665
5665 548 1736
2740 1773 4927
1773 2740 4927
4927 1773 2740
6468 1441 14416
14416 1441 6468
1441 6468 14416
6341 886 9995
886 6341 9995
9995 886 6341
8119 5444 9119
5444 8119 9119
9119 5444 8119
12731 4848 6787
4848 6787 12731
6787 4848 12731
9829 8883 14681
8883 9829 14681
14681 8883 9829
1715 1784 3305
1784 1715 3305
3305 1715 1784
11985 735 2788
735 2788 11985
2788 735 11985
9154 7689 12905
7689 9154 12905
12905 7689 9154
5191 9664 10515
9664 5191 10515
10515 5191 9664
948 3772 7637
7637 948 3772
3772 948 7637
3392 501 13531
13531 501 3392
501 3392 13531
2365 8583 11627
11627 2365 8583
8583 2365 11627
7810 2302 9630
2302 7810 9630
9630 2302 7810
9023 2632 11999
11999 2632 9023
2632 9023 11999
5738 4420 11840
4420 5738 11840
11840 4420 5738
11173 7352 10349
7352 10349 11173
10349 7352 11173
3908 9502 9988
9988 3908 9502
9502 3908 9988
3065 8614 12442
8614 3065 12442
12442 3065 8614
11517 6683 9998
6683 9998 11517
9998 6683 11517
13732 3531 11556
3531 11556 13732
11556 3531 13732
3419 2257 4704
2257 3419 4704
4704 2257 3419
119 7269 10673
7269 119 10673
10673 119 7269
1791 5907 14235
5907 1791 14235
14235 1791 5907
13862 8047 14633
8047 13862 14633
14633 8047 13862
299 5241 9807
9807 299 5241
5241 299 9807
9724 10049 11285
10049 9724 11285
11285 9724 10049
6862 5571 14750
14750 5571 6862
5571 6862 14750
1253 2223 7499
7499 1253 2223
2223 1253 7499
8176 7693 12859
7693 8176 12859
12859 7693 8176
4379 3925 8469
8469 3925 4379
3925 4379 8469
14133 789 10844
789 10844 14133
10844 789 14133
1844 3608 7623
7623 1844 3608
3608 1844 7623
11377 6285 14997
6285 11377 14997
14997 6285 11377
5185 734 13398
734 5185 13398
13398 734 5185
12929 9573 11681
9573 11681 12929
11681 9573 12929
25 5630 9132
5630 25 9132
9132 25 5630
12025 663 11177
663 11177 12025
11177 663 12025
3781 309 10700
309 3781 10700
10700 309 3781
13820 1012 7107
7107 1012 13820
1012 7107 13820
9997 8790 10278
10278 8790 9997
8790 9997 10278
702 9765 11088
9765 702 11088
11088 702 9765
7781 5395 8475
8475 5395 7781
5395 7781 8475
163 9199 14186
9199 163 14186
14186 163 9199
3492 5089 14430
5089 3492 14430
14430 3492 5089
941 2603 3157
3157 941 2603
2603 941 3157
3822 7160 8742
7160 3822 8742
8742 3822 7160
12370 3342 6035
3342 6035 12370
6035 3342 12370
8860 142 9996
142 8860 9996
9996 142 8860
924 727 10467
727 924 10467
10467 727 924
13569 12362 14008
12362 13569 14008
14008 12362 13569
949 2643 10670
2643 949 10670
10670 949 2643
3484 2649 12433
2649 3484 12433
12433 2649 3484
8764 11810 14110
14110 8764 11810
11810 8764 14110
6044 3171 13414
13414 3171 6044
3171 6044 13414
10308 2390 4031
4031 2390 10308
2390 4031 10308
8961 8074 13838
13838 8074 8961
8074 8961 13838
9238 1091 8994
8994 1091 9238
1091 8994 9238
4598 13328 14401
13328 4598 14401
14401 4598 13328
3382 11661 13706
13706 3382 11661
11661 3382 13706
11462 4124 14539
4124 11462 14539
14539 4124 11462
13668 11435 14461
14461 11435 13668
11435 13668 14461
1647 3350 6279
3350 1647 6279
6279 1647 3350
13847 1504 4890
4890 1504 13847
1504 4890 13847
7018 3383 14404
14404 3383 7018
3383 7018 14404
10557 2407 4216
4216 2407 10557
2407 4216 10557
11400 8703 11312
11312 8703 11400
8703 11312 11400
511 6571 7854
6571 511 7854
7854 511 6571
10233 7750 12331
7750 10233 12331
12331 7750 10233
5125 6246 11638
11638 5125 6246
6246 5125 11638
9703 3905 13752
3905 9703 13752
13752 3905 9703
10379 2262 13293
2262 10379 13293
13293 2262 10379
6470 8376 12999
8376 6470 12999
12999 6470 8376
8899 495 12850
495 8899 12850
12850 495 8899
11500 4091 14339
4091 11500 14339
14339 4091 11500
6105 6810 13660
13660 6105 6810
6810 6105 13660
5356 11123 14728
11123 5356 14728
14728 5356 11123
1434 150 2469
2469 150 1434
150 1434 2469
12263 867 6121
6121 867 12263
867 6121 12263
2960 12641 14411
12641 2960 14411
14411 2960 12641
2231 10836 11899
10836 2231 11899
11899 2231 10836
6595 11388 11832
11832 6595 11388
11388 6595 11832
10769 5978 11340
5978 10769 11340
11340 5978 10769
4129 2582 11945
11945 2582 4129
2582 4129 11945
11410 10101 11066
11066 10101 11410
10101 11066 11410
12474 724 7461
7461 724 12474
724 7461 12474
946 7029 10995
10995 946 7029
7029 946 10995
5461 2205 13283
13283 2205 5461
2205 5461 13283
14561 2218 3462
3462 2218 14561
2218 3462 14561
4140 3512 12939
3512 4140 12939
12939 3512 4140
13865 805 10640
805 10640 13865
10640 805 13865
6739 5667 9048
5667 6739 9048
9048 5667 6739
5087 820 14419
820 5087 14419
14419 820 5087
5548 2724 5823
2724 5548 5823
5823 2724 5548
1402 2553 2916
2553 1402 2916
2916 1402 2553
12582 2027 6367
6367 2027 12582
2027 6367 12582
13230 4085 6150
4085 6150 13230
6150 4085 13230
5389 42 9878
9878 42 5389
42 5389 9878
7199 569 3958
569 3958 7199
3958 569 7199
8095 2244 10354
2244 8095 10354
10354 2244 8095
5910 9834 11636
11636 5910 9834
9834 5910 11636
14135 5586 11825
5586 11825 14135
11825 5586 14135
4374 4200 11454
11454 4200 4374
4200 4374 11454
4133 3152 14014
3152 4133 14014
14014 3152 4133
3208 1130 9509
1130 3208 9509
9509 1130 3208
11755 2361 8523
8523 2361 11755
2361 8523 11755
6724 8906 13424
8906 6724 13424
13424 6724 8906
2654 792 11872
792 2654 11872
11872 792 2654
11937 3185 13850
3185 11937 13850
13850 3185 11937
9441 4071 13285
4071 9441 13285
13285 4071 9441
3061 4571 11905
11905 3061 4571
4571 3061 11905
939 438 9414
9414 438 939
438 939 9414
10760 6770 6832
6770 6832 10760
6832 6770 10760
10245 5564 12198
5564 10245 12198
12198 5564 10245
8090 4787 7146
7146 4787 8090
4787 7146 8090
11114 77 1057
1057 77 11114
77 1057 11114
10231 741 4447
4447 741 10231
741 4447 10231
5753 9302 12965
12965 5753 9302
9302 5753 12965
14855 10935 11302
11302 10935 14855
10935 11302 14855
11731 2105 6196
2105 6196 11731
6196 2105 11731
3096 70 10118
10118 70 3096
70 3096 10118
6999 1400 6647
1400 6647 6999
6647 1400 6999
12019 6483 7227
6483 7227 12019
7227 6483 12019
2677 2012 11476
2012 2677 11476
11476 2012 2677
8493 1162 6577
1162 6577 8493
6577 1162 8493
404 10384 10878
10878 404 10384
10384 404 10878
5223 8977 10572
10572 5223 8977
8977 5223 10572
6872 10094 13673
13673 6872 10094
10094 6872 13673
12283 1205 8357
1205 8357 12283
8357 1205 12283
13348 9952 9993
9993 9952 13348
9952 9993 13348
11817 3562 12226
3562 11817 12226
12226 3562 11817
12458 4150 7383
4150 7383 12458
7383 4150 12458
180 11120 14078
11120 180 14078
14078 180 11120
2224 6574 14848
14848 2224 6574
6574 2224 14848
14251 2877 12191
12191 2877 14251
2877 12191 14251
12550 9177 11820
11820 9177 12550
9177 11820 12550
7559 2721 10107
10107 2721 7559
2721 7559 10107
11668 3359 9554
9554 3359 11668
3359 9554 11668
1525 10316 12420
12420 1525 10316
10316 1525 12420
6764 2427 14169
14169 2427 6764
2427 6764 14169
13353 8422 8454
8454 8422 13353
8422 8454 13353
3501 2362 10548
2362 3501 10548
10548 2362 3501
8660 6792 11559
6792 8660 11559
11559 6792 8660
7313 2350 4462
4462 2350 7313
2350 4462 7313
2779 1952 5837
1952 2779 5837
5837 1952 2779
14821 4246 7583
4246 7583 14821
7583 4246 14821
767 7876 11879
7876 767 11879
11879 767 7876
777 4564 11526
4564 777 11526
11526 777 4564
8651 2745 12762
2745 8651 12762
12762 2745 8651
8673 9963 10082
9963 8673 10082
10082 8673 9963
5381 3327 12624
3327 5381 12624
12624 3327 5381
2072 5268 6727
5268 2072 6727
6727 2072 5268
9780 7531 9884
9884 7531 9780
7531 9780 9884
5192 6637 8682
8682 5192 6637
6637 5192 8682
7012 1409 6432
1409 6432 7012
6432 1409 7012
11391 2086 2278
2278 2086 11391
2086 2278 11391
4641 12194 12729
12194 4641 12729
12729 4641 12194
5154 5603 11257
5603 5154 11257
11257 5154 5603
5676 270 1989
1989 270 5676
270 1989 5676
4401 6750 9468
9468 4401 6750
6750 4401 9468
4394 3736 4066
3736 4066 4394
4066 3736 4394
2680 8304 10265
10265 2680 8304
8304 2680 10265
8588 5246 6272
5246 6272 8588
6272 5246 8588
8763 13256 14555
14555 8763 13256
13256 8763 14555
6169 1995 12120
12120 1995 6169
1995 6169 12120
7553 9319 12258
9319 7553 12258
12258 7553 9319
943 6516 8494
6516 943 8494
8494 943 6516
9040 3188 10956
10956 3188 9040
3188 9040 10956
5583 3945 4280
4280 3945 5583
3945 4280 5583
4514 8255 9281
8255 4514 9281
9281 4514 8255
11609 6631 9598
6631 9598 11609
9598 6631 11609
3021 6939 13336
13336 3021 6939
6939 3021 13336
1750 8527 13380
13380 1750 8527
8527 1750 13380
9786 10992 11808
10992 9786 11808
11808 9786 10992
390 11324 13777
11324 390 13777
13777 390 11324
4701 5501 6456
5501 4701 6456
6456 4701 5501
8648 4705 8209
8209 4705 8648
4705 8209 8648
6643 4908 14937
4908 6643 14937
14937 4908 6643
6492 9206 12645
12645 6492 9206
9206 6492 12645
10950 135 12979
12979 135 10950
135 10950 12979
7115 1099 3890
3890 1099 7115
1099 3890 7115
14094 5757 8498
8498 5757 14094
5757 8498 14094
12143 3338 12210
12210 3338 12143
3338 12143 12210
9332 12715 12783
12715 9332 12783
12783 9332 12715
11360 911 4227
911 4227 11360
4227 911 11360
2214 4060 6392
6392 2214 4060
4060 2214 6392
2712 10867 14823
14823 2712 10867
10867 2712 14823
12915 7100 10945
10945 7100 12915
7100 10945 12915
10694 8296 11941
11941 8296 10694
8296 10694 11941
13041 7148 11185
7148 11185 13041
11185 7148 13041
10514 4410 6462
6462 4410 10514
4410 6462 10514
311 5374 6230
6230 311 5374
5374 311 6230
2252 2496 8586
8586 2252 2496
2496 2252 8586
11190 5833 8208
5833 8208 11190
8208 5833 11190
4504 7342 12804
7342 4504 12804
12804 4504 7342
1255 11115 12118
12118 1255 11115
11115 1255 12118
1140 10603 14966
10603 1140 14966
14966 1140 10603
9201 4906 12648
12648 4906 9201
4906 9201 12648
10521 1054 2764
2764 1054 10521
1054 2764 10521
3980 1775 10430
10430 1775 3980
1775 3980 10430
678 5901 9734
5901 678 9734
9734 678 5901
10872 5620 12781
12781 5620 10872
5620 10872 12781
206 4199 5879
4199 206 5879
5879 206 4199
12177 11023 13632
11023 12177 13632
13632 11023 12177
11564 7543 12539
12539 7543 11564
7543 11564 12539
1233 2094 8771
2094 1233 8771
8771 1233 2094
716 6109 10398
6109 716 10398
10398 716 6109
13356 4761 6001
4761 6001 13356
6001 4761 13356
738 1661 8384
1661 738 8384
8384 738 1661
8543 12415 12918
12415 8543 12918
12918 8543 12415
4354 1241 3897
1241 3897 4354
3897 1241 4354
2275 8966 14983
14983 2275 8966
8966 2275 14983
14920 10140 12786
10140 12786 14920
12786 10140 14920
3174 9209 14227
14227 3174 9209
9209 3174 14227
446 4198 10525
10525 446 4198
4198 446 10525
11493 7734 8972
8972 7734 11493
7734 8972 11493
14426 3490 11171
3490 11171 14426
11171 3490 14426
11889 7596 8286
7596 8286 11889
8286 7596 11889
5063 1578 5335
1578 5063 5335
5335 1578 5063
12291 3483 12912
3483 12291 12912
12912 3483 12291
1704 768 6548
6548 768 1704
768 1704 6548
14301 2429 6635
6635 2429 14301
2429 6635 14301
1042 8674 13023
13023 1042 8674
8674 1042 13023
4663 3711 13813
3711 4663 13813
13813 3711 4663
6996 1022 14670
14670 1022 6996
1022 6996 14670
6526 4627 5463
4627 5463 6526
5463 4627 6526
4204 2168 13968
13968 2168 4204
2168 4204 13968
14639 5568 8270
5568 8270 14639
8270 5568 14639
14081 4791 7063
4791 7063 14081
7063 4791 14081
6892 2667 9304
9304 2667 6892
2667 6892 9304
14770 4611 7338
7338 4611 14770
4611 7338 14770
2307 10839 11020
10839 2307 11020
11020 2307 10839
11532 213 6918
6918 213 11532
213 6918 11532
11332 5333 9838
5333 9838 11332
9838 5333 11332
618 7256 13223
13223 618 7256
7256 618 13223
3751 4775 14192
14192 3751 4775
4775 3751 14192
9677 263 8756
263 8756 9677
8756 263 9677
10834 1776 12505
12505 1776 10834
1776 10834 12505
4654 2723 12251
12251 2723 4654
2723 4654 12251
2145 1495 8625
1495 2145 8625
8625 1495 2145
8443 6563 7370
7370 6563 8443
6563 7370 8443
13608 3578 8862
3578 8862 13608
8862 3578 13608
9054 11901 13526
11901 9054 13526
13526 9054 11901
14162 4715 5985
4715 5985 14162
5985 4715 14162
8623 26 4952
4952 26 8623
26 4952 8623
14560 525 7331
7331 525 14560
525 7331 14560
9713 3858 14123
3858 9713 14123
14123 3858 9713
8472 2183 12916
12916 2183 8472
2183 8472 12916
1019 4042 5024
5024 1019 4042
4042 1019 5024
5509 251 2568
2568 251 5509
251 2568 5509
3834 7117 11647
11647 3834 7117
7117 3834 11647
10649 1631 10987
1631 10649 10987
10987 1631 10649
361 6133 11707
6133 361 11707
11707 361 6133
8817 4174 12140
4174 8817 12140
12140 4174 8817
224 807 14028
807 224 14028
14028 224 807
4655 11844 13222
13222 4655 11844
11844 4655 13222
3948 1293 13422
13422 1293 3948
1293 3948 13422
3801 2843 3437
3437 2843 3801
2843 3437 3801
6802 2645 13005
13005 2645 6802
2645 6802 13005
11744 625 14620
625 11744 14620
14620 625 11744
9752 9394 14345
9394 9752 14345
14345 9394 9752
6600 9733 9751
9733 6600 9751
9751 6600 9733
4991 4684 8399
4684 4991 8399
8399 4684 4991
241 7950 11060
11060 241 7950
7950 241 11060
5357 3052 8430
8430 3052 5357
3052 5357 8430
6322 5683 11156
5683 6322 11156
11156 5683 6322
4771 3797 9546
9546 3797 4771
3797 4771 9546
5591 99 6804
99 5591 6804
6804 99 5591
10642 10347 14899
14899 10347 10642
10347 10642 14899
9443 3745 4577
3745 4577 9443
4577 3745 9443
8089 4900 12552
4900 8089 12552
12552 4900 8089
5283 6686 8740
6686 5283 8740
8740 5283 6686
4275 10305 13252
13252 4275 10305
10305 4275 13252
3941 7568 14450
14450 3941 7568
7568 3941 14450
2035 179 12955
179 2035 12955
12955 179 2035
12862 2669 11706
11706 2669 12862
2669 11706 12862
8516 4061 12250
12250 4061 8516
4061 8516 12250
13958 9419 11776
9419 11776 13958
11776 9419 13958
13201 12095 13372
13372 12095 13201
12095 13201 13372
3143 13 6880
13 3143 6880
6880 13 3143
14860 7270 14303
7270 14303 14860
14303 7270 14860
10241 578 6952
578 6952 10241
6952 578 10241
6664 4708 13758
4708 6664 13758
13758 4708 6664
10489 13970 13994
13994 10489 13970
13970 10489 13994
10353 2834 14344
2834 10353 14344
14344 2834 10353
5750 2399 14041
14041 2399 5750
2399 5750 14041
8672 3017 12136
12136 3017 8672
3017 8672 12136
4951 8992 13603
13603 4951 8992
8992 4951 13603
5813 5957 6594
5957 5813 6594
6594 5813 5957
2481 10154 12010
10154 2481 12010
12010 2481 10154
2263 5756 11806
5756 2263 11806
11806 2263 5756
14298 3470 12694
12694 3470 14298
3470 12694 14298
2800 4804 11930
11930 2800 4804
4804 2800 11930
4098 533 14108
533 4098 14108
14108 533 4098
642 19 4115
4115 19 642
19 642 4115
10721 100 1413
1413 100 10721
100 1413 10721
9432 527 9880
9880 527 9432
527 9432 9880
7536 8259 11304
11304 7536 8259
8259 7536 11304
14311 5452 10114
5452 10114 14311
10114 5452 14311
2773 4778 14380
14380 2773 4778
4778 2773 14380
5715 227 5545
5545 227 5715
227 5545 5715
10293 2198 12156
12156 2198 10293
2198 10293 12156
3293 5293 8385
8385 3293 5293
5293 3293 8385
5406 3847 9167
3847 5406 9167
9167 3847 5406
9308 2889 4662
2889 4662 9308
4662 2889 9308
5507 4413 13296
4413 5507 13296
13296 4413 5507
8058 7697 8178
8178 7697 8058
7697 8058 8178
10795 8585 10736
10736 8585 10795
8585 10736 10795
7504 6386 11653
6386 7504 11653
11653 6386 7504
910 7436 12227
12227 910 7436
7436 910 12227
10227 10128 13111
13111 10128 10227
10128 10227 13111
8646 10731 12631
10731 8646 12631
12631 8646 10731
4850 5382 9868
9868 4850 5382
5382 4850 9868
8212 9421 10752
10752 8212 9421
9421 8212 10752
9180 566 5122
5122 566 9180
566 5122 9180
564 9068 9856
9856 564 9068
9068 564 9856
5207 75 672
672 75 5207
75 672 5207
13070 3117 14592
14592 3117 13070
3117 13070 14592
2062 1526 2610
1526 2062 2610
2610 1526 2062
7763 1239 6606
1239 6606 7763
6606 1239 7763
12028 8189 13816
8189 12028 13816
13816 8189 12028
3384 2786 2977
2977 2786 3384
2786 2977 3384
12722 5766 14621
5766 12722 14621
14621 5766 12722
13435 5408 7356
5408 7356 13435
7356 5408 13435
2845 8192 14068
14068 2845 8192
8192 2845 14068
648 7995 12855
7995 648 12855
12855 648 7995
6460 36 10611
10611 36 6460
36 6460 10611
5224 8023 11866
11866 5224 8023
8023 5224 11866
13434 5792 14699
14699 5792 13434
5792 13434 14699
12432 1299 8517
8517 1299 12432
1299 8517 12432
10168 2268 6227
2268 6227 10168
6227 2268 10168
8050 8029 9684
8029 8050 9684
9684 8029 8050
12879 1365 4331
1365 4331 12879
4331 1365 12879
9340 2443 5835
5835 2443 9340
2443 5835 9340
6983 2849 13084
2849 6983 13084
13084 2849 6983
8100 1786 3425
1786 3425 8100
3425 1786 8100
6924 10175 11216
11216 6924 10175
10175 6924 11216
4930 4604 7849
4604 4930 7849
7849 4604 4930
7912 2259 6453
2259 6453 7912
6453 2259 7912
11382 5851 11412
5851 11382 11412
11412 5851 11382
326 1733 5600
5600 326 1733
1733 326 5600
13208 1583 9286
9286 1583 13208
1583 9286 13208
1252 7349 13001
13001 1252 7349
7349 1252 13001
6546 3532 7388
7388 3532 6546
3532 6546 7388
5156 6626 10928
6626 5156 10928
10928 5156 6626
10226 11240 13599
11240 10226 13599
13599 10226 11240
12758 35 12243
35 12243 12758
12243 35 12758
1156 9516 10242
9516 1156 10242
10242 1156 9516
1282 13311 13824
13311 1282 13824
13824 1282 13311
10007 3962 9551
9551 3962 10007
3962 9551 10007
14509 7178 14572
14572 7178 14509
7178 14509 14572
13021 2238 9406
9406 2238 13021
2238 9406 13021
2336 308 2908
308 2336 2908
2908 308 2336
6833 6796 7122
7122 6796 6833
6796 6833 7122
10495 3616 7028
3616 7028 10495
7028 3616 10495
1310 1283 13107
1283 1310 13107
13107 1283 1310
6603 197 3795
197 3795 6603
3795 197 6603
2376 1899 4493
4493 1899 2376
1899 2376 4493
4270 2322 5469
2322 4270 5469
5469 2322 4270
4336 10475 12967
12967 4336 10475
10475 4336 12967
6533 1754 1889
1889 1754 6533
1754 1889 6533
5966 7682 9672
7682 5966 9672
9672 5966 7682
2384 5754 10606
5754 2384 10606
10606 2384 5754
9408 92 10021
10021 92 9408
92 9408 10021
5437 3252 14974
14974 3252 5437
3252 5437 14974
9607 1506 7339
7339 1506 9607
1506 7339 9607
12800 9543 14846
9543 12800 14846
14846 9543 12800
6449 584 7987
7987 584 6449
584 6449 7987
11603 722 5480
5480 722 11603
722 5480 11603
7016 7415 13983
7415 7016 13983
13983 7016 7415
10656 10234 13037
13037 10234 10656
10234 10656 13037
11219 13324 13411
13324 11219 13411
13411 11219 13324
3776 6422 7673
7673 3776 6422
6422 3776 7673
10164 8240 9296
9296 8240 10164
8240 9296 10164
5215 1959 14589
1959 5215 14589
14589 1959 5215
97 1496 11717
11717 97 1496
1496 97 11717
6607 6136 14057
14057 6136 6607
6136 6607 14057
2700 1798 1972
1798 1972 2700
1972 1798 2700
9902 313 1983
1983 313 9902
313 1983 9902
11623 8976 12604
8976 11623 12604
12604 8976 11623
9095 2453 12950
2453 9095 12950
12950 2453 9095
11193 9445 13320
13320 9445 11193
9445 11193 13320
12075 3543 12875
12875 3543 12075
3543 12075 12875
11322 5973 8743
8743 5973 11322
5973 8743 11322
300 1630 10668
10668 300 1630
1630 300 10668
9402 6247 13776
13776 6247 9402
6247 9402 13776
4282 3475 7853
3475 4282 7853
7853 3475 4282
4175 5512 12313
12313 4175 5512
5512 4175 12313
13874 10810 11290
11290 10810 13874
10810 11290 13874
6575 6297 13126
6297 6575 13126
13126 6297 6575
4943 1552 7527
7527 1552 4943
1552 4943 7527
9162 11214 11352
11352 9162 11214
11214 9162 11352
10498 853 996
996 853 10498
853 996 10498
2748 4917 11021
4917 2748 11021
11021 2748 4917
8914 340 7301
340 7301 8914
7301 340 8914
496 120 8600
8600 120 496
120 496 8600
7241 9578 9591
9591 7241 9578
9578 7241 9591
9697 4580 6685
6685 4580 9697
4580 6685 9697
12445 497 5679
5679 497 12445
497 5679 12445
4045 3612 7219
7219 3612 4045
3612 4045 7219
12968 4467 4934
4467 4934 12968
4934 4467 12968
6418 3069 6537
3069 6418 6537
6537 3069 6418
8261 1717 6374
6374 1717 8261
1717 6374 8261
2195 1702 3529
1702 2195 3529
3529 1702 2195
4472 2782 5532
2782 4472 5532
5532 2782 4472
6766 2665 6155
2665 6155 6766
6155 2665 6766
9646 1492 13497
13497 1492 9646
1492 9646 13497
2881 6742 10287
10287 2881 6742
6742 2881 10287
4326 726 10247
726 4326 10247
10247 726 4326
14527 9139 12419
9139 12419 14527
12419 9139 14527
4578 4524 6216
6216 4524 4578
4524 4578 6216
7021 2164 7350
2164 7021 7350
7350 2164 7021
14438 2887 13446
13446 2887 14438
2887 13446 14438
12852 14020 14149
14020 12852 14149
14149 12852 14020
10369 1928 3565
1928 3565 10369
3565 1928 10369
6065 9464 14963
9464 6065 14963
14963 6065 9464
4017 2858 14233
2858 4017 14233
14233 2858 4017
985 7868 8584
7868 985 8584
8584 985 7868
8700 6599 12052
12052 6599 8700
6599 8700 12052
14910 6898 14552
6898 14552 14910
14552 6898 14910
13478 7971 9012
9012 7971 13478
7971 9012 13478
6965 6605 9017
9017 6605 6965
6605 6965 9017
3423 13530 14140
14140 3423 13530
13530 3423 14140
10864 3409 13580
13580 3409 10864
3409 10864 13580
5421 1425 5710
1425 5421 5710
5710 1425 5421
4434 2606 11816
2606 4434 11816
11816 2606 4434
2616 5511 11253
5511 2616 11253
11253 2616 5511
7080 5059 5882
5059 5882 7080
5882 5059 7080
1981 5662 9487
5662 1981 9487
9487 1981 5662
2912 2122 12942
12942 2122 2912
2122 2912 12942
10124 3698 4651
3698 4651 10124
4651 3698 10124
10571 3540 9714
3540 9714 10571
9714 3540 10571
1728 997 5093
997 1728 5093
5093 997 1728
8130 9442 11655
11655 8130 9442
9442 8130 11655
12044 6156 13269
6156 12044 13269
13269 6156 12044
9152 10545 12123
12123 9152 10545
10545 9152 12123
13396 8804 12699
12699 8804 13396
8804 12699 13396
5467 2812 12596
2812 5467 12596
12596 2812 5467
5713 1500 11235
1500 5713 11235
11235 1500 5713
7887 2942 7432
7432 2942 7887
2942 7432 7887
4328 1723 3710
3710 1723 4328
1723 3710 4328
12752 4266 7964
7964 4266 12752
4266 7964 12752
6237 559 4818
559 4818 6237
4818 559 6237
4245 3852 7039
3852 4245 7039
7039 3852 4245
11070 1857 8410
1857 8410 11070
8410 1857 11070
14333 2989 7528
2989 7528 14333
7528 2989 14333
6182 2329 4346
4346 2329 6182
2329 4346 6182
1301 5317 9892
9892 1301 5317
5317 1301 9892
1008 10078 12768
12768 1008 10078
10078 1008 12768
9811 3779 8374
3779 8374 9811
8374 3779 9811
10585 3743 9528
3743 9528 10585
9528 3743 10585
13410 6234 11885
6234 11885 13410
11885 6234 13410
8396 6364 12972
6364 8396 12972
12972 6364 8396
10125 5352 13373
13373 5352 10125
5352 10125 13373
1306 3064 14234
14234 1306 3064
3064 1306 14234
3568 2377 14730
14730 2377 3568
2377 3568 14730
13652 2117 9843
9843 2117 13652
2117 9843 13652
14378 37 11198
37 11198 14378
11198 37 14378
7979 10830 14665
10830 7979 14665
14665 7979 10830
12077 4653 11108
4653 11108 12077
11108 4653 12077
12255 128 3062
128 3062 12255
3062 128 12255
2055 12006 12386
12006 2055 12386
12386 2055 12006
5150 10366 13911
10366 5150 13911
13911 5150 10366
802 10063 14168
14168 802 10063
10063 802 14168
13052 4238 8900
8900 4238 13052
4238 8900 13052
14238 7210 14077
7210 14077 14238
14077 7210 14238
12439 4727 9422
9422 4727 12439
4727 9422 12439
1696 3967 14460
14460 1696 3967
3967 1696 14460
5188 5893 10800
5893 5188 10800
10800 5188 5893
14761 7299 9960
9960 7299 14761
7299 9960 14761
9670 8087 14029
8087 9670 14029
14029 8087 9670
7865 8227 8666
8666 7865 8227
8227 7865 8666
6644 2524 14954
2524 6644 14954
14954 2524 6644
4873 8055 11633
8055 4873 11633
11633 4873 8055
10055 3585 7791
3585 7791 10055
7791 3585 10055
4725 9695 9992
9695 4725 9992
9992 4725 9695
7520 3334 5364
3334 5364 7520
5364 3334 7520
9563 5244 8377
5244 8377 9563
8377 5244 9563
4507 3760 3976
3976 3760 4507
3760 3976 4507
1559 5574 7858
5574 1559 7858
7858 1559 5574
7476 966 14459
966 7476 14459
14459 966 7476
4650 1918 6506
1918 4650 6506
6506 1918 4650
4589 5362 8734
5362 4589 8734
8734 4589 5362
14861 5273 11183
5273 11183 14861
11183 5273 14861
11490 1783 13622
1783 11490 13622
13622 1783 11490
8597 3557 9535
3557 8597 9535
9535 3557 8597
3436 11218 11888
11218 3436 11888
11888 3436 11218
739 3593 9900
3593 739 9900
9900 739 3593
12830 5743 6806
5743 6806 12830
6806 5743 12830
3768 8879 12122
12122 3768 8879
8879 3768 12122
14218 3128 3844
3844 3128 14218
3128 3844 14218
14095 8325 13739
13739 8325 14095
8325 13739 14095
11431 3059 14179
14179 3059 11431
3059 11431 14179
429 9235 14985
14985 429 9235
9235 429 14985
1197 7091 12024
7091 1197 12024
12024 1197 7091
2957 3545 12037
12037 2957 3545
3545 2957 12037
9872 7206 8027
7206 8027 9872
8027 7206 9872
14053 2184 4183
2184 4183 14053
4183 2184 14053
5413 2907 14593
14593 2907 5413
2907 5413 14593
10153 2959 8633
2959 8633 10153
8633 2959 10153
6154 1473 7703
1473 6154 7703
7703 1473 6154
2476 3617 7757
7757 2476 3617
3617 2476 7757
10906 8849 10470
8849 10470 10906
10470 8849 10906
12737 2450 8005
8005 2450 12737
2450 8005 12737
925 10610 12776
12776 925 10610
10610 925 12776
5828 2707 11835
2707 5828 11835
11835 2707 5828
12009 11124 14783
14783 11124 12009
11124 12009 14783
3355 4746 12093
4746 3355 12093
12093 3355 4746
1088 6587 7940
6587 1088 7940
7940 1088 6587
14144 10647 11848
11848 10647 14144
10647 11848 14144
9928 10985 11209
11209 9928 10985
10985 9928 11209
14837 869 12074
869 12074 14837
12074 869 14837
4892 502 14377
14377 502 4892
502 4892 14377
7242 705 11047
705 7242 11047
11047 705 7242
1123 8859 9066
8859 1123 9066
9066 1123 8859
9606 11523 13623
11523 9606 13623
13623 9606 11523
14790 13430 14615
13430 14615 14790
14615 13430 14790
8547 11248 12546
12546 8547 11248
11248 8547 12546
2318 1295 8080
8080 1295 2318
1295 2318 8080
5972 2494 5638
5638 2494 5972
2494 5638 5972
5482 3868 6500
3868 5482 6500
6500 3868 5482
5860 11949 13897
11949 5860 13897
13897 5860 11949
11359 7409 7866
7866 7409 11359
7409 7866 11359
512 7382 10419
10419 512 7382
7382 512 10419
10504 8483 12402
8483 10504 12402
12402 8483 10504
6401 3507 13095
13095 3507 6401
3507 6401 13095
6023 1760 12528
12528 1760 6023
1760 6023 12528
6877 2882 9596
9596 2882 6877
2882 6877 9596
14940 2457 14836
14836 2457 14940
2457 14836 14940
12319 6190 11770
11770 6190 12319
6190 11770 12319
9975 2049 2472
2472 2049 9975
2049 2472 9975
13139 1342 5943
1342 5943 13139
5943 1342 13139
7452 1266 9417
1266 7452 9417
9417 1266 7452
2141 2386 13957
13957 2141 2386
2386 2141 13957
240 4506 4822
4506 240 4822
4822 240 4506
14285 4996 7929
4996 7929 14285
7929 4996 14285
1096 7046 14466
14466 1096 7046
7046 1096 14466
13609 3951 7640
3951 7640 13609
7640 3951 13609
8138 3155 10917
10917 3155 8138
3155 8138 10917
12655 2613 14690
2613 12655 14690
14690 2613 12655
2570 8894 14492
8894 2570 14492
14492 2570 8894
8426 8262 14965
8262 8426 14965
14965 8262 8426
6329 3476 7805
3476 6329 7805
7805 3476 6329
14290 4712 6829
4712 6829 14290
6829 4712 14290
5626 8656 14762
8656 5626 14762
14762 5626 8656
9116 9766 14386
9766 9116 14386
14386 9116 9766
7404 1671 7788
1671 7404 7788
7788 1671 7404
7796 3850 8815
8815 3850 7796
3850 7796 8815
14614 3159 8760
8760 3159 14614
3159 8760 14614
10773 1345 14176
14176 1345 10773
1345 10773 14176
12545 2761 11319
2761 11319 12545
11319 2761 12545
14960 416 6713
6713 416 14960
416 6713 14960
12038 9931 13755
13755 9931 12038
9931 12038 13755
3518 6256 10998
6256 3518 10998
10998 3518 6256
12920 3871 11385
3871 11385 12920
11385 3871 12920
12056 11366 12111
11366 12056 12111
12111 11366 12056
5725 4823 5454
5454 4823 5725
4823 5454 5725
12726 12653 12989
12989 12653 12726
12653 12726 12989
12031 1021 6909
6909 1021 12031
1021 6909 12031
14567 3761 7612
3761 7612 14567
7612 3761 14567
12460 3153 8772
8772 3153 12460
3153 8772 12460
1321 5559 8234
5559 1321 8234
8234 1321 5559
6187 674 9618
9618 674 6187
674 6187 9618
4196 11997 13600
13600 4196 11997
11997 4196 13600
13331 11974 14481
11974 13331 14481
14481 11974 13331
9940 11002 13501
11002 9940 13501
13501 9940 11002
13916 953 3974
953 3974 13916
3974 953 13916
13570 355 9682
9682 355 13570
355 9682 13570
8290 1028 13092
1028 8290 13092
13092 1028 8290
10206 7545 9899
7545 9899 10206
9899 7545 10206
10757 10184 10630
10184 10630 10757
10630 10184 10757
5720 4574 4672
4574 4672 5720
4672 4574 5720
8275 6046 9565
9565 6046 8275
6046 8275 9565
13617 3870 10423
10423 3870 13617
3870 10423 13617
12527 3957 5625
3957 5625 12527
5625 3957 12527
11682 2652 6813
2652 6813 11682
6813 2652 11682
12600 1006 8032
1006 8032 12600
8032 1006 12600
8444 418 10132
10132 418 8444
418 8444 10132
14424 2279 9172
9172 2279 14424
2279 9172 14424
3595 6520 14686
14686 3595 6520
6520 3595 14686
5865 6117 9071
6117 5865 9071
9071 5865 6117
9350 881 6907
6907 881 9350
881 6907 9350
12384 3506 4102
4102 3506 12384
3506 4102 12384
11910 4688 11315
11315 4688 11910
4688 11315 11910
13643 9106 9635
9106 9635 13643
9635 9106 13643
9801 3705 6986
6986 3705 9801
3705 6986 9801
3178 612 13827
13827 612 3178
612 3178 13827
13274 2949 3456
2949 3456 13274
3456 2949 13274
3103 11417 13931
13931 3103 11417
11417 3103 13931
8162 10885 12431
12431 8162 10885
10885 8162 12431
14223 2076 11184
2076 11184 14223
11184 2076 14223
11104 10022 12381
12381 10022 11104
10022 11104 12381
8932 6106 9484
9484 6106 8932
6106 8932 9484
8534 1302 9764
1302 8534 9764
9764 1302 8534
31 4935 11356
11356 31 4935
4935 31 11356
838 1763 9810
9810 838 1763
1763 838 9810
7538 3123 10112
3123 7538 10112
10112 3123 7538
12990 3734 4884
4884 3734 12990
3734 4884 12990
11165 22 9391
22 9391 11165
9391 22 11165
14942 1514 4100
4100 1514 14942
1514 4100 14942
1748 5042 14727
14727 1748 5042
5042 1748 14727
1780 2100 11130
2100 1780 11130
11130 1780 2100
1947 1182 4213
4213 1182 1947
1182 1947 4213
3860 3356 7408
7408 3356 3860
3356 3860 7408
11140 2234 8505
2234 8505 11140
8505 2234 11140
13956 5238 13254
5238 13254 13956
13254 5238 13956
10431 2941 4121
4121 2941 10431
2941 4121 10431
12607 10327 12627
10327 12607 12627
12627 10327 12607
1203 349 3333
3333 349 1203
349 1203 3333
14698 4040 13141
4040 13141 14698
13141 4040 14698
4148 2760 7095
2760 4148 7095
7095 2760 4148
4284 2905 8854
2905 4284 8854
8854 2905 4284
8985 707 14319
14319 707 8985
707 8985 14319
9920 11716 13634
11716 9920 13634
13634 9920 11716
2208 8542 14969
14969 2208 8542
8542 2208 14969
3269 11495 14393
14393 3269 11495
11495 3269 14393
5925 8507 9207
8507 5925 9207
9207 5925 8507
9927 11946 14757
14757 9927 11946
11946 9927 14757
8988 6972 13294
6972 8988 13294
13294 6972 8988
12195 6095 11313
6095 11313 12195
11313 6095 12195
7730 8893 13316
13316 7730 8893
8893 7730 13316
10972 10428 13985
13985 10428 10972
10428 10972 13985
3451 10643 12817
10643 3451 12817
12817 3451 10643
10200 3995 9615
3995 9615 10200
9615 3995 10200
914 5578 13465
5578 914 13465
13465 914 5578
4180 10057 10181
10181 4180 10057
10057 4180 10181
7505 1127 4011
4011 1127 7505
1127 4011 7505
11280 3731 14950
3731 11280 14950
14950 3731 11280
1403 2346 3842
3842 1403 2346
2346 1403 3842
4483 3992 9748
9748 3992 4483
3992 4483 9748
6660 80 12964
80 6660 12964
12964 80 6660
11678 2727 5163
5163 2727 11678
2727 5163 11678
1932 5032 9716
9716 1932 5032
5032 1932 9716
5231 335 8926
335 5231 8926
8926 335 5231
13060 9694 10986
10986 9694 13060
9694 10986 13060
10573 7249 12992
12992 7249 10573
7249 10573 12992
13171 5566 14341
5566 13171 14341
14341 5566 13171
483 12097 12316
12097 483 12316
12316 483 12097
4188 4666 5391
5391 4188 4666
4666 4188 5391
10017 13804 14064
14064 10017 13804
13804 10017 14064
7059 641 5795
641 5795 7059
5795 641 7059
9213 3266 9176
3266 9176 9213
9176 3266 9213
11709 4656 7261
4656 7261 11709
7261 4656 11709
14944 8606 11754
11754 8606 14944
8606 11754 14944
11420 7424 8537
7424 8537 11420
8537 7424 11420
9735 9122 13951
9122 9735 13951
13951 9122 9735
5723 2165 3846
2165 3846 5723
3846 2165 5723
12358 1705 14021
1705 12358 14021
14021 1705 12358
9749 5721 14688
5721 9749 14688
14688 5721 9749
8165 616 5712
5712 616 8165
616 5712 8165
2430 223 2001
2001 223 2430
223 2001 2430
10624 12881 13231
12881 10624 13231
13231 10624 12881
4846 9882 14052
9882 4846 14052
14052 4846 9882
4454 1990 2283
2283 1990 4454
1990 2283 4454
362 4323 12792
12792 362 4323
4323 362 12792
12289 4584 6799
6799 4584 12289
4584 6799 12289
6867 6667 12956
12956 6667 6867
6667 6867 12956
2599 5066 11339
11339 2599 5066
5066 2599 11339
13681 5642 14682
5642 13681 14682
14682 5642 13681
11572 6373 13376
13376 6373 11572
6373 11572 13376
1158 5323 5729
5323 1158 5729
5729 1158 5323
9138 1372 12440
1372 9138 12440
12440 1372 9138
14857 5036 12909
12909 5036 14857
5036 12909 14857
12944 5038 13611
13611 5038 12944
5038 12944 13611
6923 4905 7418
7418 4905 6923
4905 6923 7418
2486 3727 11628
3727 2486 11628
11628 2486 3727
12310 12618 13114
13114 12310 12618
12618 12310 13114
2314 1850 7707
1850 2314 7707
7707 1850 2314
7238 12090 14038
14038 7238 12090
12090 7238 14038
8485 1558 11425
11425 1558 8485
1558 8485 11425
11035 7925 8446
7925 8446 11035
8446 7925 11035
14866 8182 9335
8182 9335 14866
9335 8182 14866
12523 4339 10433
4339 10433 12523
10433 4339 12523
2240 784 3740
784 2240 3740
3740 784 2240
11869 2092 3788
2092 3788 11869
3788 2092 11869
2601 6573 8529
8529 2601 6573
6573 2601 8529
1926 3422 10381
10381 1926 3422
3422 1926 10381
8964 7903 10899
7903 8964 10899
10899 7903 8964
10595 1246 12312
1246 10595 12312
12312 1246 10595
1097 3251 10889
3251 1097 10889
10889 1097 3251
8171 509 4381
509 4381 8171
4381 509 8171
2159 1616 5031
1616 2159 5031
5031 1616 2159
12400 2692 3087
2692 3087 12400
3087 2692 12400
12086 2980 7223
2980 7223 12086
7223 2980 12086
10009 6968 11809
11809 6968 10009
6968 10009 11809
2463 2872 10692
10692 2463 2872
2872 2463 10692
13083 4742 11978
11978 4742 13083
4742 11978 13083
8538 12228 14437
14437 8538 12228
12228 8538 14437
6700 3137 11415
3137 6700 11415
11415 3137 6700
4009 7400 8389
8389 4009 7400
7400 4009 8389
3229 1161 3297
1161 3229 3297
3297 1161 3229
13116 8185 11413
8185 11413 13116
11413 8185 13116
5621 3134 7229
7229 3134 5621
3134 5621 7229
8408 5980 10543
5980 8408 10543
10543 5980 8408
7413 9626 10013
10013 7413 9626
9626 7413 10013
3454 1917 12023
1917 3454 12023
12023 1917 3454
2242 1475 12209
12209 1475 2242
1475 2242 12209
9750 13657 14677
14677 9750 13657
13657 9750 14677
10147 10197 11775
10197 10147 11775
11775 10147 10197
2976 763 6783
763 2976 6783
6783 763 2976
6407 13860 14288
14288 6407 13860
13860 6407 14288
9125 332 11643
11643 332 9125
332 9125 11643
12985 3116 6588
6588 3116 12985
3116 6588 12985
4222 3180 12951
12951 3180 4222
3180 4222 12951
11111 2674 2757
2757 2674 11111
2674 2757 11111
10860 8352 13457
8352 10860 13457
13457 8352 10860
6404 9804 12096
9804 6404 12096
12096 6404 9804
5484 413 11673
11673 413 5484
413 5484 11673
3527 591 7566
7566 591 3527
591 3527 7566
4490 12365 12564
12365 4490 12564
12564 4490 12365
5338 1025 9967
9967 1025 5338
1025 5338 9967
8125 4620 7284
7284 4620 8125
4620 7284 8125
2821 4619 12962
4619 2821 12962
12962 2821 4619
11620 4321 12322
4321 11620 12322
12322 4321 11620
10740 9912 12380
12380 9912 10740
9912 10740 12380
12689 5101 6330
5101 6330 12689
6330 5101 12689
5458 1764 14933
14933 1764 5458
1764 5458 14933
7733 2561 8571
2561 7733 8571
8571 2561 7733
2245 7258 13299
13299 2245 7258
7258 2245 13299
7360 1338 3373
3373 1338 7360
1338 3373 7360
346 9173 13738
13738 346 9173
9173 346 13738
918 4047 4416
4416 918 4047
4047 918 4416
13307 933 4909
4909 933 13307
933 4909 13307
4677 10239 12021
12021 4677 10239
10239 4677 12021
10909 3912 12499
12499 3912 10909
3912 10909 12499
7399 145 4018
145 4018 7399
4018 145 7399
8017 8486 13463
13463 8017 8486
8486 8017 13463
12042 3573 5606
3573 5606 12042
5606 3573 12042
14777 13228 14808
14808 13228 14777
13228 14777 14808
11132 12181 13507
12181 11132 13507
13507 11132 12181
3681 11170 13120
13120 3681 11170
11170 3681 13120
824 3988 12829
3988 824 12829
12829 824 3988
4862 3548 8938
8938 3548 4862
3548 4862 8938
12341 2193 4944
4944 2193 12341
2193 4944 12341
9717 3468 11429
11429 3468 9717
3468 9717 11429
4252 2061 4426
2061 4252 4426
4426 2061 4252
7789 1178 10190
1178 7789 10190
10190 1178 7789
5383 2499 6904
6904 2499 5383
2499 5383 6904
7228 7990 9355
9355 7228 7990
7990 7228 9355
11705 3277 8153
8153 3277 11705
3277 8153 11705
3879 1040 10730
10730 1040 3879
1040 3879 10730
2107 8417 13658
8417 2107 13658
13658 2107 8417
11224 8514 10109
10109 8514 11224
8514 10109 11224
3767 3859 12389
12389 3767 3859
3859 3767 12389
12724 4608 10523
4608 10523 12724
10523 4608 12724
8635 5895 7290
5895 7290 8635
7290 5895 8635
10117 4311 13035
4311 10117 13035
13035 4311 10117
1149 2612 8889
2612 1149 8889
8889 1149 2612
3201 5341 11510
11510 3201 5341
5341 3201 11510
13419 3459 14818
3459 13419 14818
14818 3459 13419
4829 5916 6142
5916 4829 6142
6142 4829 5916
13370 5227 6522
5227 6522 13370
6522 5227 13370
3635 4501 11601
11601 3635 4501
4501 3635 11601
11223 4535 10299
10299 4535 11223
4535 10299 11223
12124 9496 12935
