225 437 717
437 225 717
717 225 437
122 484 540
484 122 540
540 122 484
252 253 833
833 252 253
253 252 833
725 895 1418
895 725 1418
1418 725 895
1140 630 1212
1212 630 1140
630 1140 1212
489 298 1048
1048 298 489
298 489 1048
1426 865 1453
865 1426 1453
1453 865 1426
573 516 890
890 516 573
516 573 890
572 654 767
767 572 654
654 572 767
1277 55 341
55 341 1277
341 55 1277
1410 1036 1472
1036 1410 1472
1472 1036 1410
705 801 884
884 705 801
801 705 884
220 337 1246
337 220 1246
1246 220 337
1063 742 1086
742 1063 1086
1086 742 1063
185 294 638
294 185 638
638 185 294
813 875 1301
1301 813 875
875 813 1301
932 463 636
463 636 932
636 463 932
395 565 789
789 395 565
565 395 789
663 1154 1307
1154 663 1307
1307 663 1154
434 873 1157
1157 434 873
873 434 1157
1241 240 1465
240 1241 1465
1465 240 1241
61 888 1084
1084 61 888
888 61 1084
1416 554 828
554 828 1416
828 554 1416
1314 108 478
478 108 1314
108 478 1314
1372 747 1233
1233 747 1372
747 1233 1372
280 768 1207
768 280 1207
1207 280 768
1403 436 739
436 739 1403
739 436 1403
782 2 891
891 2 782
2 782 891
267 145 874
145 267 874
874 145 267
581 109 1448
1448 109 581
109 581 1448
974 87 266
87 266 974
266 87 974
961 190 668
190 668 961
668 190 961
541 617 1497
1497 541 617
617 541 1497
351 18 917
917 18 351
18 351 917
1422 165 1469
165 1422 1469
1469 165 1422
398 158 553
553 158 398
158 398 553
1225 84 758
84 758 1225
758 84 1225
538 277 570
570 277 538
277 538 570
600 550 1149
1149 550 600
550 600 1149
1195 938 1160
938 1160 1195
1160 938 1195
217 1179 1473
1179 217 1473
1473 217 1179
662 147 171
147 171 662
171 147 662
1078 886 1053
1053 886 1078
886 1053 1078
898 59 970
59 898 970
970 59 898
1354 978 1382
978 1354 1382
1382 978 1354
677 255 806
255 677 806
806 255 677
614 161 753
161 614 753
753 161 614
1438 824 1334
824 1334 1438
1334 824 1438
384 305 1414
1414 305 384
305 384 1414
1339 414 1098
414 1098 1339
1098 414 1339
238 635 718
635 238 718
718 238 635
382 755 1363
755 382 1363
1363 382 755
577 712 1303
712 577 1303
1303 577 712
1146 368 1399
368 1146 1399
1399 368 1146
1117 844 866
866 844 1117
844 866 1117
45 377 736
377 45 736
736 45 377
547 214 507
507 214 547
214 507 547
879 862 949
949 862 879
862 879 949
138 575 1336
1336 138 575
575 138 1336
137 30 1247
30 137 1247
1247 30 137
492 966 1163
966 492 1163
1163 492 966
37 112 623
623 37 112
112 37 623
136 178 244
244 136 178
178 136 244
1184 429 1039
1039 429 1184
429 1039 1184
41 1016 1290
1016 41 1290
1290 41 1016
872 308 558
558 308 872
308 558 872
210 598 711
711 210 598
598 210 711
814 416 1432
1432 416 814
416 814 1432
1007 459 1188
1188 459 1007
459 1007 1188
296 1083 1138
1138 296 1083
1083 296 1138
67 979 1000
979 67 1000
1000 67 979
35 172 483
172 35 483
483 35 172
764 587 1390
1390 587 764
587 764 1390
281 1057 1147
1147 281 1057
1057 281 1147
628 604 1275
1275 604 628
604 628 1275
1192 438 733
438 733 1192
733 438 1192
1118 128 744
128 744 1118
744 128 1118
999 251 626
626 251 999
251 626 999
815 409 948
948 409 815
409 815 948
221 646 653
653 221 646
646 221 653
120 272 1359
1359 120 272
272 120 1359
691 89 1151
89 691 1151
1151 89 691
703 71 569
569 71 703
71 569 703
996 499 710
499 710 996
710 499 996
1125 270 1266
1266 270 1125
270 1125 1266
1427 877 991
991 877 1427
877 991 1427
1210 262 375
262 375 1210
375 262 1210
1032 1176 1343
1343 1032 1176
1176 1032 1343
1243 146 1368
1368 146 1243
146 1243 1368
542 28 501
28 501 542
501 28 542
1313 283 693
283 693 1313
693 283 1313
471 242 327
327 242 471
242 327 471
1173 415 822
822 415 1173
415 822 1173
317 143 642
642 143 317
143 317 642
227 474 984
474 227 984
984 227 474
1296 36 256
256 36 1296
36 256 1296
1291 674 1340
1340 674 1291
674 1291 1340
900 911 945
945 900 911
911 900 945
1027 591 1499
591 1027 1499
1499 591 1027
334 897 1319
897 334 1319
1319 334 897
1459 834 1479
834 1459 1479
1479 834 1459
738 445 1406
1406 445 738
445 738 1406
530 522 1335
1335 522 530
522 530 1335
794 622 1367
1367 622 794
622 794 1367
765 487 660
660 487 765
487 660 765
647 428 673
428 647 673
673 428 647
672 650 1047
650 672 1047
1047 650 672
559 950 1235
950 559 1235
1235 559 950
1200 360 460
360 460 1200
460 360 1200
1158 837 1124
837 1124 1158
1124 837 1158
444 114 1071
1071 114 444
114 444 1071
49 543 851
543 49 851
851 49 543
998 25 1300
25 998 1300
1300 25 998
754 357 1460
357 754 1460
1460 357 754
783 1227 1396
1396 783 1227
1227 783 1396
1019 110 992
110 992 1019
992 110 1019
447 310 1457
1457 310 447
310 447 1457
130 222 1067
1067 130 222
222 130 1067
615 924 1276
1276 615 924
924 615 1276
467 22 1302
1302 22 467
22 467 1302
475 839 1364
839 475 1364
1364 475 839
648 135 848
848 135 648
135 648 848
333 400 649
649 333 400
400 333 649
706 1433 1436
1433 706 1436
1436 706 1433
412 1148 1244
1148 412 1244
1244 412 1148
197 778 854
778 197 854
854 197 778
1029 922 1274
922 1029 1274
1274 922 1029
279 644 1022
1022 279 644
644 279 1022
1081 1024 1439
1024 1081 1439
1439 1024 1081
775 1193 1480
1193 775 1480
1480 775 1193
247 743 1009
743 247 1009
1009 247 743
407 413 935
935 407 413
413 407 935
297 311 1475
1475 297 311
311 297 1475
1321 104 1012
1012 104 1321
104 1012 1321
536 1174 1470
1174 536 1470
1470 536 1174
655 124 1145
124 655 1145
1145 124 655
66 373 951
373 66 951
951 66 373
365 187 1400
187 365 1400
1400 187 365
1106 513 1214
513 1106 1214
1214 513 1106
246 209 1041
209 246 1041
1041 209 246
175 129 1178
129 175 1178
1178 129 175
1384 1010 1353
1353 1010 1384
1010 1353 1384
239 788 1357
788 239 1357
1357 239 788
1054 1052 1405
1052 1054 1405
1405 1052 1054
1298 1090 1471
1090 1298 1471
1471 1090 1298
205 184 971
971 184 205
184 205 971
772 473 1136
473 772 1136
1136 473 772
139 759 1199
1199 139 759
759 139 1199
920 356 963
963 356 920
356 920 963
418 500 583
500 418 583
583 418 500
1323 620 1113
1113 620 1323
620 1113 1323
601 83 318
83 318 601
318 83 601
921 518 913
518 913 921
913 518 921
997 198 1120
1120 198 997
198 997 1120
994 988 1068
988 994 1068
1068 988 994
9 876 1166
1166 9 876
876 9 1166
420 189 1385
189 420 1385
1385 189 420
621 169 328
169 328 621
328 169 621
916 855 1015
855 916 1015
1015 855 916
32 307 346
307 32 346
346 32 307
1378 731 1194
1194 731 1378
731 1194 1378
439 278 466
466 278 439
278 439 466
134 603 1152
603 134 1152
1152 134 603
86 1087 1294
1294 86 1087
1087 86 1294
482 986 1172
1172 482 986
986 482 1172
243 231 1219
1219 231 243
231 243 1219
1114 410 756
410 756 1114
756 410 1114
123 1092 1189
1092 123 1189
1189 123 1092
1412 223 1377
223 1377 1412
1377 223 1412
186 314 458
314 186 458
458 186 314
43 358 1072
358 43 1072
1072 43 358
344 505 1272
505 344 1272
1272 344 505
457 702 1373
1373 457 702
702 457 1373
1317 248 1350
248 1317 1350
1350 248 1317
126 72 1444
72 126 1444
1444 72 126
797 295 1051
295 797 1051
1051 295 797
589 1100 1101
1100 589 1101
1101 589 1100
831 1238 1362
1238 831 1362
1362 831 1238
1493 150 909
909 150 1493
150 909 1493
704 555 1097
1097 555 704
555 704 1097
608 910 1070
1070 608 910
910 608 1070
1203 58 81
58 81 1203
81 58 1203
509 73 417
417 73 509
73 417 509
470 148 1458
1458 148 470
148 470 1458
1110 450 1205
450 1110 1205
1205 450 1110
593 675 1254
675 593 1254
1254 593 675
613 100 1361
1361 100 613
100 613 1361
987 101 1168
101 987 1168
1168 101 987
688 159 685
685 159 688
159 685 688
633 408 524
524 408 633
408 524 633
168 78 286
286 78 168
78 168 286
679 216 462
462 216 679
216 462 679
1209 863 1402
863 1209 1402
1402 863 1209
113 1031 1462
1462 113 1031
1031 113 1462
942 838 1245
1245 838 942
838 942 1245
734 811 1407
811 734 1407
1407 734 811
285 115 562
115 285 562
562 115 285
810 560 845
560 810 845
845 560 810
397 827 1094
827 397 1094
1094 397 827
659 1127 1411
1411 659 1127
1127 659 1411
1215 97 191
191 97 1215
97 191 1215
1483 519 1060
519 1060 1483
1060 519 1483
696 387 1365
387 696 1365
1365 387 696
946 1059 1464
1059 946 1464
1464 946 1059
867 574 1328
1328 574 867
574 867 1328
1062 154 905
905 154 1062
154 905 1062
578 431 912
431 578 912
912 431 578
1182 1104 1381
1381 1104 1182
1104 1182 1381
694 331 551
551 331 694
331 551 694
208 284 1283
284 208 1283
1283 208 284
502 539 926
539 502 926
926 502 539
1431 592 1142
1142 592 1431
592 1142 1431
1348 680 1256
680 1256 1348
1256 680 1348
319 378 402
402 319 378
378 319 402
1477 241 268
268 241 1477
241 268 1477
881 131 749
749 131 881
131 749 881
1093 1107 1333
1333 1093 1107
1107 1093 1333
162 957 1284
1284 162 957
957 162 1284
369 224 1495
1495 224 369
224 369 1495
20 170 955
955 20 170
170 20 955
405 374 1223
374 405 1223
1223 374 405
629 464 1186
1186 464 629
464 629 1186
818 8 424
424 8 818
8 424 818
933 625 1463
625 933 1463
1463 625 933
1404 923 1242
923 1242 1404
1242 923 1404
4 396 1270
1270 4 396
396 4 1270
1122 288 937
937 288 1122
288 937 1122
1217 686 1374
1374 686 1217
686 1217 1374
1255 180 610
180 610 1255
610 180 1255
6 106 1055
1055 6 106
106 6 1055
869 88 495
495 88 869
88 495 869
934 727 1391
1391 727 934
727 934 1391
315 389 1486
1486 315 389
389 315 1486
1342 820 1447
820 1342 1447
1447 820 1342
1046 634 723
634 723 1046
723 634 1046
784 3 719
719 3 784
3 719 784
528 199 564
564 199 528
199 528 564
1375 51 571
51 571 1375
571 51 1375
325 826 878
878 325 826
826 325 878
125 493 830
830 125 493
493 125 830
306 48 391
391 48 306
48 306 391
899 525 698
525 698 899
698 525 899
102 980 1061
980 102 1061
1061 102 980
637 194 856
194 637 856
856 194 637
1271 157 423
157 423 1271
423 157 1271
871 1232 1360
1232 871 1360
1360 871 1232
860 15 234
234 15 860
15 234 860
667 326 807
807 326 667
326 667 807
1066 233 1191
1191 233 1066
233 1066 1191
669 316 1014
316 669 1014
1014 316 669
211 215 947
215 211 947
947 211 215
1449 164 977
164 977 1449
977 164 1449
1236 299 1394
1394 299 1236
299 1236 1394
915 511 959
959 511 915
511 915 959
892 1292 1455
1455 892 1292
1292 892 1455
652 521 1204
521 652 1204
1204 521 652
448 861 1401
1401 448 861
861 448 1401
722 1237 1318
1237 722 1318
1318 722 1237
568 206 1278
206 568 1278
1278 206 568
967 1268 1355
1268 967 1355
1355 967 1268
1001 936 1190
936 1001 1190
1190 936 1001
858 514 1126
1126 514 858
514 858 1126
1017 1035 1161
1035 1017 1161
1161 1017 1035
7 456 708
456 7 708
708 7 456
1295 182 740
182 740 1295
740 182 1295
1468 367 1417
1417 367 1468
367 1417 1468
361 261 321
321 261 361
261 321 361
611 390 1108
1108 390 611
390 611 1108
612 576 843
843 576 612
576 612 843
762 57 676
57 676 762
676 57 762
1224 166 745
745 166 1224
166 745 1224
1490 893 1408
893 1408 1490
1408 893 1490
1269 1102 1311
1311 1102 1269
1102 1269 1311
39 1115 1211
1211 39 1115
1115 39 1211
302 160 257
160 257 302
257 160 302
105 141 800
141 105 800
800 105 141
465 366 1380
1380 366 465
366 465 1380
1141 411 1330
1330 411 1141
411 1141 1330
1251 226 790
226 790 1251
790 226 1251
787 44 406
44 406 787
406 44 787
941 657 805
805 657 941
657 805 941
1040 75 1095
75 1040 1095
1095 75 1040
645 1050 1077
1077 645 1050
1050 645 1077
371 656 671
656 371 671
671 371 656
1500 313 969
969 313 1500
313 969 1500
42 69 103
69 42 103
103 42 69
422 370 976
370 422 976
976 370 422
907 1026 1144
1026 907 1144
1144 907 1026
925 193 282
193 282 925
282 193 925
364 596 1441
1441 364 596
596 364 1441
903 421 627
421 627 903
627 421 903
213 594 1346
594 213 1346
1346 213 594
1037 152 1370
152 1037 1370
1370 152 1037
529 60 761
60 529 761
761 60 529
80 1155 1288
1155 80 1288
1288 80 1155
1185 616 1129
1129 616 1185
616 1129 1185
1409 260 336
260 336 1409
336 260 1409
1112 17 454
17 454 1112
454 17 1112
453 93 1451
93 453 1451
1451 93 453
352 956 1175
1175 352 956
956 352 1175
1159 776 1324
776 1159 1324
1324 776 1159
1133 894 1286
894 1133 1286
1286 894 1133
1398 545 816
545 816 1398
816 545 1398
556 720 804
804 556 720
720 556 804
64 681 1218
1218 64 681
681 64 1218
1137 254 750
254 750 1137
750 254 1137
546 293 643
293 546 643
643 293 546
1080 202 1044
202 1044 1080
1044 202 1080
880 586 1088
1088 586 880
586 880 1088
392 729 1446
729 392 1446
1446 392 729
1183 96 817
817 96 1183
96 817 1183
1111 508 1420
1420 508 1111
508 1111 1420
1170 486 1069
1069 486 1170
486 1069 1170
335 1198 1429
1198 335 1429
1429 335 1198
491 212 1020
1020 212 491
212 491 1020
1358 1021 1279
1021 1279 1358
1279 1021 1358
362 300 1065
300 362 1065
1065 300 362
47 515 1347
1347 47 515
515 47 1347
798 479 995
479 798 995
995 479 798
808 795 1119
1119 795 808
795 808 1119
561 449 670
670 449 561
449 561 670
21 713 1445
713 21 1445
1445 21 713
1476 50 1467
1467 50 1476
50 1467 1476
1273 582 1162
1162 582 1273
582 1162 1273
1 46 958
958 1 46
46 1 958
1261 250 271
250 271 1261
271 250 1261
537 512 1341
512 537 1341
1341 512 537
953 26 1049
26 953 1049
1049 26 953
1456 796 1258
1258 796 1456
796 1258 1456
1043 196 1452
1452 196 1043
196 1043 1452
264 200 1337
1337 200 264
200 264 1337
769 19 219
219 19 769
19 219 769
179 1091 1267
1091 179 1267
1267 179 1091
1331 1085 1201
1085 1201 1331
1201 1085 1331
1383 62 1045
1045 62 1383
62 1045 1383
1496 287 1450
1450 287 1496
287 1450 1496
919 265 1481
1481 265 919
265 919 1481
857 77 746
746 77 857
77 746 857
1250 864 1345
864 1250 1345
1345 864 1250
658 534 1075
1075 534 658
534 658 1075
1099 585 836
585 836 1099
836 585 1099
580 1167 1240
1167 580 1240
1240 580 1167
192 259 1197
1197 192 259
259 192 1197
1293 340 779
779 340 1293
340 779 1293
181 908 1488
908 181 1488
1488 181 908
339 709 792
792 339 709
709 339 792
535 1221 1262
1262 535 1221
1221 535 1262
433 485 766
485 433 766
766 433 485
1058 563 1325
563 1058 1325
1325 563 1058
53 31 752
752 31 53
31 53 752
506 943 1002
943 506 1002
1002 506 943
167 291 1289
1289 167 291
291 167 1289
716 149 237
237 149 716
149 237 716
121 140 320
320 121 140
140 121 320
1474 330 1351
330 1351 1474
1351 330 1474
735 651 1259
651 735 1259
1259 651 735
799 99 343
343 99 799
99 343 799
1005 835 1264
1264 835 1005
835 1005 1264
1131 116 751
751 116 1131
116 751 1131
549 155 1023
1023 155 549
155 549 1023
931 151 1249
1249 151 931
151 931 1249
689 469 1434
1434 469 689
469 689 1434
588 1121 1392
1392 588 1121
1121 588 1392
1442 432 1181
1181 432 1442
432 1181 1442
1389 230 732
230 732 1389
732 230 1389
1424 13 631
631 13 1424
13 631 1424
609 440 700
700 440 609
440 609 700
107 229 342
229 107 342
342 107 229
1103 118 1228
118 1103 1228
1228 118 1103
520 812 972
972 520 812
812 520 972
1128 665 707
707 665 1128
665 707 1128
258 14 427
14 258 427
427 14 258
1257 901 993
993 901 1257
901 993 1257
1130 1056 1187
1056 1130 1187
1187 1056 1130
757 399 918
399 757 918
918 399 757
441 567 1482
567 441 1482
1482 441 567
153 724 990
990 153 724
724 153 990
127 91 442
91 127 442
442 91 127
1492 177 624
624 177 1492
177 624 1492
803 33 1415
33 803 1415
1415 33 803
324 27 965
965 27 324
27 324 965
1265 840 1285
1285 840 1265
840 1265 1285
1033 290 1025
1025 290 1033
290 1025 1033
363 92 1260
1260 92 363
92 363 1260
1466 781 1395
781 1395 1466
1395 781 1466
1105 451 566
451 566 1105
566 451 1105
1419 204 533
204 533 1419
533 204 1419
687 846 1028
1028 687 846
846 687 1028
661 245 619
245 619 661
619 245 661
1234 380 618
380 618 1234
618 380 1234
435 56 1322
56 435 1322
1322 56 435
531 347 1252
347 531 1252
1252 347 531
853 111 1297
1297 111 853
111 853 1297
944 480 823
823 480 944
480 823 944
1437 10 1230
1230 10 1437
10 1230 1437
1498 203 1487
1487 203 1498
203 1487 1498
322 1371 1435
1371 322 1435
1435 322 1371
65 452 1387
1387 65 452
452 65 1387
1304 510 664
664 510 1304
510 664 1304
548 94 1216
1216 94 548
94 548 1216
1425 1004 1312
1004 1312 1425
1312 1004 1425
1281 1134 1440
1440 1134 1281
1134 1281 1440
1018 353 1369
353 1018 1369
1369 353 1018
847 906 1430
1430 847 906
906 847 1430
497 156 1352
1352 156 497
156 497 1352
852 461 983
983 461 852
461 852 983
301 79 1428
79 301 1428
1428 79 301
695 737 1494
737 695 1494
1494 695 737
825 269 1320
1320 269 825
269 825 1320
345 249 477
477 249 345
249 345 477
1349 133 523
133 523 1349
523 133 1349
975 90 304
90 304 975
304 90 975
1379 376 1042
376 1042 1379
1042 376 1379
968 11 1491
11 968 1491
1491 11 968
332 393 1076
393 332 1076
1076 332 393
430 303 809
303 430 809
809 303 430
930 472 868
472 868 930
868 472 930
887 1150 1332
1332 887 1150
1150 887 1332
323 275 1326
275 323 1326
1326 275 323
289 52 1096
1096 52 289
52 289 1096
1082 5 494
494 5 1082
5 494 1082
763 607 1413
1413 607 763
607 763 1413
849 12 683
12 683 849
683 12 849
425 595 730
730 425 595
595 425 730
68 1143 1344
1344 68 1143
1143 68 1344
40 1153 1171
1153 40 1171
1171 40 1153
119 1248 1253
1248 119 1253
1253 119 1248
699 777 1064
777 699 1064
1064 699 777
16 274 741
741 16 274
274 16 741
490 1089 1306
1306 490 1089
1089 490 1306
1423 985 1213
1213 985 1423
985 1213 1423
1165 354 902
354 902 1165
902 354 1165
1484 1074 1393
1074 1393 1484
1393 1074 1484
786 639 1356
639 786 1356
1356 639 786
403 309 1366
1366 309 403
309 403 1366
1229 34 960
960 34 1229
34 960 1229
350 544 1231
544 350 1231
1231 350 544
1282 312 641
641 312 1282
312 641 1282
176 726 1177
1177 176 726
726 176 1177
989 386 927
927 386 989
386 927 989
1196 557 579
557 579 1196
579 557 1196
504 802 882
802 504 882
882 504 802
962 690 785
690 785 962
785 690 962
760 70 195
195 70 760
70 195 760
394 381 419
419 381 394
381 394 419
1315 276 488
276 488 1315
488 276 1315
952 1038 1327
1038 952 1327
1327 952 1038
684 498 850
498 684 850
850 498 684
842 85 602
85 602 842
602 85 842
503 896 1421
1421 503 896
896 503 1421
590 954 1222
1222 590 954
954 590 1222
1376 38 1206
38 1206 1376
1206 38 1376
791 640 1109
640 791 1109
1109 640 791
721 379 841
379 721 841
841 379 721
446 940 1123
940 446 1123
1123 446 940
1116 870 982
870 982 1116
982 870 1116
1003 383 599
599 383 1003
383 599 1003
481 23 455
455 23 481
23 455 481
1310 771 1309
1309 771 1310
771 1309 1310
173 532 1202
1202 173 532
532 173 1202
201 228 349
349 201 228
228 201 349
236 468 1489
1489 236 468
468 236 1489
1386 701 832
701 832 1386
832 701 1386
929 142 1226
1226 142 929
142 929 1226
697 292 728
728 292 697
292 697 728
939 74 1135
74 939 1135
1135 74 939
1388 76 183
183 76 1388
76 183 1388
1208 443 1006
1006 443 1208
443 1006 1208
780 273 388
388 273 780
273 388 780
338 597 1030
597 338 1030
1030 338 597
1073 1139 1485
1139 1073 1485
1485 1073 1139
1079 355 774
355 774 1079
774 355 1079
98 748 819
748 98 819
819 98 748
964 770 793
770 793 964
793 770 964
1287 527 584
584 527 1287
527 584 1287
1338 132 476
132 476 1338
476 132 1338
666 914 1180
914 666 1180
1180 666 914
883 95 1397
95 883 1397
1397 95 883
82 981 1280
1280 82 981
981 82 1280
904 692 1461
692 904 1461
1461 692 904
24 218 1132
1132 24 218
218 24 1132
552 54 973
54 552 973
973 54 552
163 632 1239
1239 163 632
632 163 1239
1308 29 829
29 829 1308
829 29 1308
207 889 1220
889 207 1220
1220 207 889
63 773 1329
1329 63 773
773 63 1329
144 235 1263
1263 144 235
235 144 1263
1299 385 1454
385 1299 1454
1454 385 1299
426 605 1169
605 426 1169
1169 426 605
359 821 1008
1008 359 821
821 359 1008
678 117 348
348 117 678
117 348 678
1013 526 928
928 526 1013
526 928 1013
1316 188 1478
188 1316 1478
1478 188 1316
714 404 715
404 714 715
715 404 714
232 682 1305
682 232 1305
1305 232 682
496 606 1164
606 496 1164
1164 496 606
329 372 885
885 329 372
372 329 885
1156 401 1034
401 1034 1156
1034 401 1156
174 263 859
263 174 859
859 174 263
517 1011 1443
1443 517 1011
1011 517 1443
