55532 46410 57215
57215 46410 55532
46410 55532 57215
143805 60108 84829
84829 60108 143805
60108 84829 143805
35783 84567 120320
84567 35783 120320
120320 35783 84567
29880 36708 41704
41704 29880 36708
36708 29880 41704
123185 56814 65812
65812 56814 123185
56814 65812 123185
48609 15107 100583
100583 15107 48609
15107 48609 100583
54792 37458 110969
37458 54792 110969
110969 37458 54792
59824 34177 108693
108693 34177 59824
34177 59824 108693
146742 6190 38432
38432 6190 146742
6190 38432 146742
24137 15893 58157
15893 24137 58157
58157 15893 24137
134499 87395 119630
119630 87395 134499
87395 119630 134499
97822 106060 131064
106060 97822 131064
131064 97822 106060
96346 28817 141598
141598 28817 96346
28817 96346 141598
105260 84750 98527
84750 98527 105260
98527 84750 105260
26923 21910 130022
130022 21910 26923
21910 26923 130022
1445 98248 124559
124559 1445 98248
98248 1445 124559
117748 23577 70220
70220 23577 117748
23577 70220 117748
63513 27605 147378
27605 63513 147378
147378 27605 63513
103982 62268 87070
87070 62268 103982
62268 87070 103982
120305 78090 120746
78090 120305 120746
120746 78090 120305
85721 112873 146377
146377 85721 112873
112873 85721 146377
100178 27077 66832
27077 66832 100178
66832 27077 100178
144017 78399 85276
78399 85276 144017
85276 78399 144017
100376 45484 106708
45484 100376 106708
106708 45484 100376
66477 55040 110375
110375 55040 66477
55040 66477 110375
38336 72321 147296
72321 38336 147296
147296 38336 72321
128515 69062 97342
97342 69062 128515
69062 97342 128515
109886 13069 55366
55366 13069 109886
13069 55366 109886
131772 58634 75255
75255 58634 131772
58634 75255 131772
3137 54829 92492
54829 3137 92492
92492 3137 54829
89917 57423 65557
57423 65557 89917
65557 57423 89917
143022 7417 60479
7417 60479 143022
60479 7417 143022
61876 45504 122716
122716 45504 61876
45504 61876 122716
147650 45154 65993
65993 45154 147650
45154 65993 147650
102013 45944 92320
45944 92320 102013
92320 45944 102013
27831 2838 21754
21754 2838 27831
2838 21754 27831
50064 15912 77300
77300 15912 50064
15912 50064 77300
38855 98188 134527
98188 38855 134527
134527 38855 98188
50898 9347 148751
9347 50898 148751
148751 9347 50898
38767 61648 94396
94396 38767 61648
61648 38767 94396
126254 16093 82524
82524 16093 126254
16093 82524 126254
15367 14570 107918
14570 15367 107918
107918 14570 15367
72319 54897 118564
54897 72319 118564
118564 54897 72319
46813 124481 128923
128923 46813 124481
124481 46813 128923
82269 22163 31924
31924 22163 82269
22163 31924 82269
129717 69473 114697
69473 114697 129717
114697 69473 129717
12217 13631 124232
13631 12217 124232
124232 12217 13631
40855 48938 138634
48938 40855 138634
138634 40855 48938
1310 1270 59256
1270 1310 59256
59256 1270 1310
58655 12055 89763
89763 12055 58655
12055 58655 89763
94910 35205 59932
59932 35205 94910
35205 59932 94910
73179 74686 82119
74686 73179 82119
82119 73179 74686
10951 1316 142719
142719 1316 10951
1316 10951 142719
111153 7286 79306
7286 79306 111153
79306 7286 111153
7527 76694 110667
110667 7527 76694
76694 7527 110667
17080 53193 114358
53193 17080 114358
114358 17080 53193
60016 23940 137357
137357 23940 60016
23940 60016 137357
142359 92861 120629
120629 92861 142359
92861 120629 142359
88904 44547 63368
44547 63368 88904
63368 44547 88904
24118 17096 148689
148689 17096 24118
17096 24118 148689
44372 92308 99835
99835 44372 92308
92308 44372 99835
74660 38815 133001
38815 74660 133001
133001 38815 74660
24743 13014 109140
13014 24743 109140
109140 13014 24743
36421 113491 133276
113491 36421 133276
133276 36421 113491
48086 9019 58130
9019 48086 58130
58130 9019 48086
127938 96788 106163
96788 106163 127938
106163 96788 127938
146636 35168 64313
35168 64313 146636
64313 35168 146636
140329 77245 78455
78455 77245 140329
77245 78455 140329
28681 103106 105601
103106 28681 105601
105601 28681 103106
145468 18536 113007
113007 18536 145468
18536 113007 145468
103837 28143 142505
28143 103837 142505
142505 28143 103837
94907 2611 23710
2611 23710 94907
23710 2611 94907
10727 48289 107275
107275 10727 48289
48289 10727 107275
101000 30300 47134
30300 47134 101000
47134 30300 101000
107632 42303 52234
52234 42303 107632
42303 52234 107632
148237 43136 87607
43136 87607 148237
87607 43136 148237
58472 46820 56418
46820 56418 58472
56418 46820 58472
45649 96573 138693
138693 45649 96573
96573 45649 138693
136988 57851 82814
57851 82814 136988
82814 57851 136988
31348 80205 139289
80205 31348 139289
139289 31348 80205
90134 1832 126300
1832 90134 126300
126300 1832 90134
14922 83273 103131
83273 14922 103131
103131 14922 83273
89499 92990 128793
128793 89499 92990
92990 89499 128793
40142 90007 116664
116664 40142 90007
90007 40142 116664
13807 33381 103450
33381 13807 103450
103450 13807 33381
53738 85658 132772
85658 53738 132772
132772 53738 85658
64457 13782 114020
114020 13782 64457
13782 64457 114020
13168 44496 47735
47735 13168 44496
44496 13168 47735
29294 50648 70583
50648 29294 70583
70583 29294 50648
16748 118875 134123
134123 16748 118875
118875 16748 134123
65033 18632 84597
84597 18632 65033
18632 65033 84597
61220 13894 68930
13894 61220 68930
68930 13894 61220
94725 33171 39617
33171 39617 94725
39617 33171 94725
4173 42523 140791
42523 4173 140791
140791 4173 42523
24329 96283 103625
103625 24329 96283
96283 24329 103625
50353 10147 48880
48880 10147 50353
10147 48880 50353
83555 19794 102997
102997 19794 83555
19794 83555 102997
62367 84149 90298
90298 62367 84149
84149 62367 90298
67807 25481 82258
25481 67807 82258
82258 25481 67807
11089 43938 109331
43938 11089 109331
109331 11089 43938
79251 93327 139381
139381 79251 93327
93327 79251 139381
19785 77216 100946
100946 19785 77216
77216 19785 100946
99026 36263 53496
36263 53496 99026
53496 36263 99026
122067 57884 61697
57884 61697 122067
61697 57884 122067
119422 122353 145421
145421 119422 122353
122353 119422 145421
148921 7599 62863
7599 62863 148921
62863 7599 148921
123742 32966 148193
148193 32966 123742
32966 123742 148193
63021 56481 125602
56481 63021 125602
125602 56481 63021
8138 3106 64716
3106 8138 64716
64716 3106 8138
90624 55364 57325
57325 55364 90624
55364 57325 90624
123588 62640 117300
117300 62640 123588
62640 117300 123588
100807 116474 137854
137854 100807 116474
116474 100807 137854
15378 7021 38213
38213 7021 15378
7021 15378 38213
62904 9354 130437
130437 9354 62904
9354 62904 130437
113238 34303 81361
81361 34303 113238
34303 81361 113238
129288 43408 127906
127906 43408 129288
43408 127906 129288
43761 83637 137302
83637 43761 137302
137302 43761 83637
75559 19484 54526
54526 19484 75559
19484 54526 75559
19402 69915 90410
90410 19402 69915
69915 19402 90410
105741 34968 45809
45809 34968 105741
34968 45809 105741
94260 12840 142616
12840 94260 142616
142616 12840 94260
48780 50476 89545
50476 48780 89545
89545 48780 50476
68114 60080 109212
60080 68114 109212
109212 60080 68114
45930 96103 142878
142878 45930 96103
96103 45930 142878
121541 37129 133835
133835 37129 121541
37129 121541 133835
123559 22262 30883
22262 30883 123559
30883 22262 123559
33915 40469 115925
115925 33915 40469
40469 33915 115925
144583 78349 100851
100851 78349 144583
78349 100851 144583
7372 42466 145947
42466 7372 145947
145947 7372 42466
49400 102206 133086
133086 49400 102206
102206 49400 133086
28380 95752 131263
131263 28380 95752
95752 28380 131263
88252 143318 148778
148778 88252 143318
143318 88252 148778
53636 93941 134844
93941 53636 134844
134844 53636 93941
107281 3783 102246
102246 3783 107281
3783 102246 107281
116695 12849 125168
125168 12849 116695
12849 116695 125168
4192 99003 144273
99003 4192 144273
144273 4192 99003
19397 82387 149192
82387 19397 149192
149192 19397 82387
112474 44745 149712
44745 112474 149712
149712 44745 112474
80992 22044 138231
138231 22044 80992
22044 80992 138231
104595 96551 124006
96551 104595 124006
124006 96551 104595
42071 23751 133438
133438 23751 42071
23751 42071 133438
74512 76240 81220
81220 74512 76240
76240 74512 81220
43837 20284 97105
20284 43837 97105
97105 20284 43837
113341 73566 124942
124942 73566 113341
73566 113341 124942
6562 80907 95461
95461 6562 80907
80907 6562 95461
1138 40842 67075
67075 1138 40842
40842 1138 67075
360 16240 109347
109347 360 16240
16240 360 109347
72512 32658 81530
32658 72512 81530
81530 32658 72512
91391 56535 139411
139411 56535 91391
56535 91391 139411
84976 12137 91352
12137 84976 91352
91352 12137 84976
95431 82783 135433
135433 82783 95431
82783 95431 135433
83951 67298 109834
109834 67298 83951
67298 83951 109834
51876 71076 98661
71076 51876 98661
98661 51876 71076
78449 10037 131713
131713 10037 78449
10037 78449 131713
145058 30962 83634
30962 83634 145058
83634 30962 145058
9072 37041 149981
149981 9072 37041
37041 9072 149981
85506 72352 111824
111824 72352 85506
72352 85506 111824
35136 58470 127642
127642 35136 58470
58470 35136 127642
127222 60705 64155
60705 64155 127222
64155 60705 127222
118870 7750 110478
7750 110478 118870
110478 7750 118870
122165 108048 137880
137880 108048 122165
108048 122165 137880
48881 52961 100747
100747 48881 52961
52961 48881 100747
115763 24006 143637
143637 24006 115763
24006 115763 143637
99751 45851 84387
45851 84387 99751
84387 45851 99751
85646 110410 137090
137090 85646 110410
110410 85646 137090
74691 69577 99083
99083 69577 74691
69577 74691 99083
147977 2510 52383
2510 52383 147977
52383 2510 147977
35491 58512 78940
78940 35491 58512
58512 35491 78940
54124 32036 57998
57998 32036 54124
32036 54124 57998
3639 19097 57705
57705 3639 19097
19097 3639 57705
97174 141451 144153
141451 97174 144153
144153 97174 141451
82215 117215 119211
119211 82215 117215
117215 82215 119211
94375 61393 97454
97454 61393 94375
61393 94375 97454
97896 102858 122087
122087 97896 102858
102858 97896 122087
132768 53502 94930
94930 53502 132768
53502 94930 132768
23793 67318 140355
140355 23793 67318
67318 23793 140355
106378 87620 149525
149525 87620 106378
87620 106378 149525
140738 60878 111357
111357 60878 140738
60878 111357 140738
61802 108848 124564
108848 61802 124564
124564 61802 108848
52684 7341 91440
91440 7341 52684
7341 52684 91440
99780 117271 126302
126302 99780 117271
117271 99780 126302
95497 103771 119217
103771 95497 119217
119217 95497 103771
61388 80998 138976
80998 61388 138976
138976 61388 80998
96300 10503 65604
65604 10503 96300
10503 65604 96300
88972 4434 29978
29978 4434 88972
4434 29978 88972
97654 40087 101214
40087 97654 101214
101214 40087 97654
115811 55428 83303
83303 55428 115811
55428 83303 115811
91722 22903 110902
110902 22903 91722
22903 91722 110902
105961 3844 6098
6098 3844 105961
3844 6098 105961
123518 44876 109839
44876 109839 123518
109839 44876 123518
134234 33354 141820
141820 33354 134234
33354 134234 141820
4666 19929 59155
19929 4666 59155
59155 4666 19929
3981 128118 146851
146851 3981 128118
128118 3981 146851
27047 4634 65421
4634 27047 65421
65421 4634 27047
114076 64903 96894
96894 64903 114076
64903 96894 114076
149725 75157 133706
133706 75157 149725
75157 133706 149725
49703 84097 124400
124400 49703 84097
84097 49703 124400
73761 63424 148424
148424 63424 73761
63424 73761 148424
50341 63717 73697
63717 50341 73697
73697 50341 63717
63035 54550 87308
54550 63035 87308
87308 54550 63035
100273 127625 141945
127625 100273 141945
141945 100273 127625
27846 124403 143221
124403 27846 143221
143221 27846 124403
54704 19413 54779
19413 54704 54779
54779 19413 54704
109116 9255 111648
111648 9255 109116
9255 109116 111648
30289 26194 77534
26194 30289 77534
77534 26194 30289
125397 76393 127733
76393 125397 127733
127733 76393 125397
141767 18580 144695
144695 18580 141767
18580 141767 144695
89332 13655 51930
51930 13655 89332
13655 51930 89332
51796 34635 135611
135611 34635 51796
34635 51796 135611
113693 49840 73860
73860 49840 113693
49840 73860 113693
121020 100498 100530
100498 100530 121020
100530 100498 121020
41230 94820 97721
97721 41230 94820
94820 41230 97721
147580 35311 149204
35311 147580 149204
149204 35311 147580
109701 10415 60570
10415 60570 109701
60570 10415 109701
75208 12708 38292
12708 38292 75208
38292 12708 75208
101154 67925 128974
128974 67925 101154
67925 101154 128974
89750 27711 86769
27711 86769 89750
86769 27711 89750
92281 33920 96650
96650 33920 92281
33920 92281 96650
124596 50698 126350
50698 124596 126350
126350 50698 124596
138550 45968 76090
76090 45968 138550
45968 76090 138550
113772 54079 69903
69903 54079 113772
54079 69903 113772
73494 25862 112577
112577 25862 73494
25862 73494 112577
94105 7216 98478
7216 94105 98478
98478 7216 94105
80192 86124 129937
86124 80192 129937
129937 80192 86124
86992 6874 12260
12260 6874 86992
6874 12260 86992
124083 72866 105526
72866 105526 124083
105526 72866 124083
30358 74789 115532
115532 30358 74789
74789 30358 115532
22377 50923 145381
145381 22377 50923
50923 22377 145381
54855 28345 95650
28345 54855 95650
95650 28345 54855
133862 70018 126244
70018 126244 133862
126244 70018 133862
48195 118061 128156
128156 48195 118061
118061 48195 128156
143211 76808 103044
76808 103044 143211
103044 76808 143211
59219 38080 60972
60972 38080 59219
38080 59219 60972
5952 107177 134457
107177 5952 134457
134457 5952 107177
107250 45029 74310
45029 74310 107250
74310 45029 107250
72197 127640 129002
127640 72197 129002
129002 72197 127640
107492 55556 144419
55556 107492 144419
144419 55556 107492
94110 42277 61046
61046 42277 94110
42277 61046 94110
21520 10569 33612
33612 10569 21520
10569 21520 33612
8479 95763 142634
95763 8479 142634
142634 8479 95763
46982 32861 95292
95292 32861 46982
32861 46982 95292
3368 23819 142211
23819 3368 142211
142211 3368 23819
135533 90361 90942
90942 90361 135533
90361 90942 135533
103048 47066 118007
47066 103048 118007
118007 47066 103048
73122 41627 60265
41627 60265 73122
60265 41627 73122
23806 13179 71879
13179 23806 71879
71879 13179 23806
113058 48235 115479
115479 48235 113058
48235 113058 115479
95750 6811 40387
40387 6811 95750
6811 40387 95750
88363 4306 25061
4306 25061 88363
25061 4306 88363
54139 63770 128984
128984 54139 63770
63770 54139 128984
90372 78749 97392
78749 90372 97392
97392 78749 90372
62629 45502 141938
45502 62629 141938
141938 45502 62629
46049 34372 55787
34372 46049 55787
55787 34372 46049
79448 44212 92998
44212 79448 92998
92998 44212 79448
131255 82352 134915
134915 82352 131255
82352 131255 134915
7170 12915 63524
63524 7170 12915
12915 7170 63524
73922 46907 52242
52242 46907 73922
46907 52242 73922
27432 5313 17662
17662 5313 27432
5313 17662 27432
26129 39622 49376
39622 26129 49376
49376 26129 39622
22583 69904 121702
69904 22583 121702
121702 22583 69904
52204 33044 122651
122651 33044 52204
33044 52204 122651
63680 4088 123194
123194 4088 63680
4088 63680 123194
70486 19441 22391
22391 19441 70486
19441 22391 70486
110097 1967 41298
1967 41298 110097
41298 1967 110097
52787 1086 34206
34206 1086 52787
1086 34206 52787
44553 72658 86589
86589 44553 72658
72658 44553 86589
90748 120678 129318
129318 90748 120678
120678 90748 129318
133048 17419 91220
17419 91220 133048
91220 17419 133048
133080 51955 55072
55072 51955 133080
51955 55072 133080
90665 63323 107179
107179 63323 90665
63323 90665 107179
114569 60822 102256
60822 102256 114569
102256 60822 114569
65042 72535 74161
74161 65042 72535
72535 65042 74161
74023 19065 100609
100609 19065 74023
19065 74023 100609
125793 55724 120160
120160 55724 125793
55724 120160 125793
14407 80495 109374
109374 14407 80495
80495 14407 109374
51429 13469 32967
13469 32967 51429
32967 13469 51429
112216 24832 124093
24832 112216 124093
124093 24832 112216
68704 54587 138422
138422 54587 68704
54587 68704 138422
20620 58878 81000
81000 20620 58878
58878 20620 81000
62118 27112 70702
70702 27112 62118
27112 62118 70702
20500 50092 129575
50092 20500 129575
129575 20500 50092
99913 119278 131000
131000 99913 119278
119278 99913 131000
39293 127018 142659
142659 39293 127018
127018 39293 142659
15177 72332 135383
135383 15177 72332
72332 15177 135383
144168 22161 128825
22161 128825 144168
128825 22161 144168
114452 99591 149345
149345 99591 114452
99591 114452 149345
142478 21958 111160
21958 111160 142478
111160 21958 142478
1070 40852 61728
61728 1070 40852
40852 1070 61728
95579 64822 95832
64822 95579 95832
95832 64822 95579
35382 85322 141396
141396 35382 85322
85322 35382 141396
85717 108833 146881
108833 85717 146881
146881 85717 108833
116104 3963 86357
86357 3963 116104
3963 86357 116104
71128 836 30553
30553 836 71128
836 30553 71128
143291 126403 143472
126403 143291 143472
143472 126403 143291
118460 31356 127796
31356 118460 127796
127796 31356 118460
2848 20404 44473
44473 2848 20404
20404 2848 44473
144251 28053 137368
137368 28053 144251
28053 137368 144251
101551 3891 113928
113928 3891 101551
3891 101551 113928
39414 44348 77406
77406 39414 44348
44348 39414 77406
38845 22842 97946
97946 22842 38845
22842 38845 97946
42156 52603 104041
104041 42156 52603
52603 42156 104041
34356 78916 101422
101422 34356 78916
78916 34356 101422
68412 30761 86663
86663 30761 68412
30761 68412 86663
137692 30930 78433
30930 78433 137692
78433 30930 137692
112361 9844 50889
50889 9844 112361
9844 50889 112361
56280 110694 120826
110694 56280 120826
120826 56280 110694
76547 28807 101815
28807 76547 101815
101815 28807 76547
114340 59642 91987
59642 91987 114340
91987 59642 114340
112356 7420 66718
66718 7420 112356
7420 66718 112356
92785 4027 12268
12268 4027 92785
4027 12268 92785
818 6410 72897
6410 818 72897
72897 818 6410
142511 91035 109366
109366 91035 142511
91035 109366 142511
39924 50856 116815
50856 39924 116815
116815 39924 50856
84538 50017 100777
100777 50017 84538
50017 84538 100777
81933 114683 138939
114683 81933 138939
138939 81933 114683
124951 26864 90948
90948 26864 124951
26864 90948 124951
55621 19365 22091
22091 19365 55621
19365 22091 55621
43328 31745 131027
31745 43328 131027
131027 31745 43328
147406 15457 101292
15457 101292 147406
101292 15457 147406
21463 7012 84926
84926 7012 21463
7012 21463 84926
96926 30345 86174
30345 86174 96926
86174 30345 96926
26783 101577 102638
101577 26783 102638
102638 26783 101577
5218 99319 114193
114193 5218 99319
99319 5218 114193
77366 10431 124221
124221 10431 77366
10431 77366 124221
91573 6787 79541
6787 79541 91573
79541 6787 91573
45022 81702 116694
116694 45022 81702
81702 45022 116694
81090 27212 74157
74157 27212 81090
27212 74157 81090
67203 44094 83549
83549 44094 67203
44094 67203 83549
139256 49126 54886
54886 49126 139256
49126 54886 139256
80800 83260 123487
123487 80800 83260
83260 80800 123487
65731 3853 128657
128657 3853 65731
3853 65731 128657
102282 829 144462
144462 829 102282
829 102282 144462
104784 33595 60666
60666 33595 104784
33595 60666 104784
128521 7692 131053
7692 128521 131053
131053 7692 128521
85843 51329 64305
64305 51329 85843
51329 64305 85843
53052 51832 115660
115660 51832 53052
51832 53052 115660
66907 30457 120810
120810 30457 66907
30457 66907 120810
48228 50299 101294
50299 48228 101294
101294 48228 50299
137375 110102 115253
110102 115253 137375
115253 110102 137375
19718 107697 147612
147612 19718 107697
107697 19718 147612
27957 8350 43010
8350 27957 43010
43010 8350 27957
39886 135509 148462
135509 39886 148462
148462 39886 135509
139891 53785 58818
58818 53785 139891
53785 58818 139891
40259 37122 66696
66696 37122 40259
37122 40259 66696
33052 7475 74130
74130 7475 33052
7475 33052 74130
143307 35872 110029
35872 110029 143307
110029 35872 143307
29340 61843 118309
61843 29340 118309
118309 29340 61843
69275 12191 32095
12191 32095 69275
32095 12191 69275
13730 88207 134859
88207 13730 134859
134859 13730 88207
83158 98471 127813
98471 83158 127813
127813 83158 98471
87637 50196 94686
50196 87637 94686
94686 50196 87637
49263 9393 21130
21130 9393 49263
9393 21130 49263
5255 54535 114091
54535 5255 114091
114091 5255 54535
48420 13889 55266
13889 48420 55266
55266 13889 48420
126636 125207 140253
125207 126636 140253
140253 125207 126636
50388 84087 99487
84087 50388 99487
99487 50388 84087
47460 63226 117515
117515 47460 63226
63226 47460 117515
95112 120577 125933
120577 95112 125933
125933 95112 120577
117756 82907 91550
82907 91550 117756
91550 82907 117756
13708 18323 107952
18323 13708 107952
107952 13708 18323
46843 84319 112273
84319 46843 112273
112273 46843 84319
115268 67495 70972
70972 67495 115268
67495 70972 115268
114945 25991 26709
26709 25991 114945
25991 26709 114945
85855 20406 118677
118677 20406 85855
20406 85855 118677
48617 27057 82863
82863 27057 48617
27057 48617 82863
15853 69243 123172
123172 15853 69243
69243 15853 123172
36034 74437 135924
74437 36034 135924
135924 36034 74437
112964 8217 31192
8217 31192 112964
31192 8217 112964
89561 4368 52594
52594 4368 89561
4368 52594 89561
4788 48193 95550
95550 4788 48193
48193 4788 95550
68726 116662 149112
149112 68726 116662
116662 68726 149112
47514 84314 94684
84314 47514 94684
94684 47514 84314
41538 49380 88898
49380 41538 88898
88898 41538 49380
12495 17264 34523
34523 12495 17264
17264 12495 34523
114562 74537 105595
74537 105595 114562
105595 74537 114562
133652 82035 116550
82035 116550 133652
116550 82035 133652
110609 32070 99109
99109 32070 110609
32070 99109 110609
52821 20628 127544
20628 52821 127544
127544 20628 52821
138943 10605 137370
10605 137370 138943
137370 10605 138943
6079 60090 103740
60090 6079 103740
103740 6079 60090
143891 17118 19301
17118 19301 143891
19301 17118 143891
100249 42731 75926
42731 75926 100249
75926 42731 100249
73192 49951 103148
49951 73192 103148
103148 49951 73192
119382 377 96448
377 96448 119382
96448 377 119382
121938 52092 78586
52092 78586 121938
78586 52092 121938
66575 34291 129402
129402 34291 66575
34291 66575 129402
65016 63788 145379
145379 63788 65016
63788 65016 145379
52122 44037 98257
98257 44037 52122
44037 52122 98257
56407 78995 121089
78995 56407 121089
121089 56407 78995
45714 48831 137875
48831 45714 137875
137875 45714 48831
143750 107132 143745
143745 107132 143750
107132 143745 143750
16635 55330 144857
144857 16635 55330
55330 16635 144857
26139 9772 15674
15674 9772 26139
9772 15674 26139
59629 5011 136443
136443 5011 59629
5011 59629 136443
149777 107984 141557
107984 141557 149777
141557 107984 149777
129520 3347 140365
140365 3347 129520
3347 129520 140365
113640 97190 149905
97190 113640 149905
149905 97190 113640
22280 23306 93675
93675 22280 23306
23306 22280 93675
17814 20454 88294
20454 17814 88294
88294 17814 20454
122898 15483 145984
15483 122898 145984
145984 15483 122898
135329 16796 79476
79476 16796 135329
16796 79476 135329
133952 33263 131656
131656 33263 133952
33263 131656 133952
34198 34258 104802
104802 34198 34258
34258 34198 104802
6346 11698 32247
11698 6346 32247
32247 6346 11698
7004 91904 104906
104906 7004 91904
91904 7004 104906
26214 25226 42778
25226 26214 42778
42778 25226 26214
67806 44416 110545
110545 44416 67806
44416 67806 110545
33356 19497 108493
108493 19497 33356
19497 33356 108493
101789 20064 144683
144683 20064 101789
20064 101789 144683
69739 59950 68838
59950 68838 69739
68838 59950 69739
119680 25699 114832
114832 25699 119680
25699 114832 119680
55385 89456 109732
109732 55385 89456
89456 55385 109732
104869 17568 85224
17568 85224 104869
85224 17568 104869
14329 71201 144975
71201 14329 144975
144975 14329 71201
147183 55097 92255
92255 55097 147183
55097 92255 147183
131250 70713 91581
91581 70713 131250
70713 91581 131250
30939 53404 134653
134653 30939 53404
53404 30939 134653
118242 28600 35535
35535 28600 118242
28600 35535 118242
80745 5856 122319
5856 80745 122319
122319 5856 80745
39908 25311 101004
25311 39908 101004
101004 25311 39908
109293 57573 82726
82726 57573 109293
57573 82726 109293
9615 121070 137897
121070 9615 137897
137897 9615 121070
10594 57146 99711
57146 10594 99711
99711 10594 57146
129394 36366 106615
36366 106615 129394
106615 36366 129394
132662 12417 50886
12417 50886 132662
50886 12417 132662
38892 28207 142261
28207 38892 142261
142261 28207 38892
15799 32917 73353
32917 15799 73353
73353 15799 32917
34585 25514 144216
25514 34585 144216
144216 25514 34585
61313 40307 49076
49076 40307 61313
40307 49076 61313
78231 32812 144040
144040 32812 78231
32812 78231 144040
90273 57457 108382
108382 57457 90273
57457 90273 108382
145395 27761 91327
27761 91327 145395
91327 27761 145395
141037 6631 65203
65203 6631 141037
6631 65203 141037
17065 116608 129123
116608 17065 129123
129123 17065 116608
37979 38672 43434
43434 37979 38672
38672 37979 43434
39592 101318 141682
141682 39592 101318
101318 39592 141682
16200 56670 74984
74984 16200 56670
56670 16200 74984
23715 12972 141781
141781 12972 23715
12972 23715 141781
105921 13462 96411
96411 13462 105921
13462 96411 105921
24284 64970 98240
98240 24284 64970
64970 24284 98240
110184 30416 66638
30416 66638 110184
66638 30416 110184
117646 70240 100220
100220 70240 117646
70240 100220 117646
64403 39460 54331
39460 54331 64403
54331 39460 64403
147557 51461 116571
51461 116571 147557
116571 51461 147557
6827 8945 24161
24161 6827 8945
8945 6827 24161
99551 18126 124148
18126 99551 124148
124148 18126 99551
77666 37093 144884
144884 37093 77666
37093 77666 144884
65077 42863 136016
136016 42863 65077
42863 65077 136016
91140 27719 33566
33566 27719 91140
27719 33566 91140
13161 45745 89325
45745 13161 89325
89325 13161 45745
132468 17233 142792
142792 17233 132468
17233 132468 142792
37621 23778 78897
78897 23778 37621
23778 37621 78897
89323 60676 140271
60676 89323 140271
140271 60676 89323
58954 12649 42929
42929 12649 58954
12649 42929 58954
22108 51708 123406
123406 22108 51708
51708 22108 123406
73165 30902 58483
30902 58483 73165
58483 30902 73165
81255 68183 144835
68183 81255 144835
144835 68183 81255
54737 45541 88593
45541 54737 88593
88593 45541 54737
106126 38883 130133
38883 106126 130133
130133 38883 106126
130131 79451 146667
146667 79451 130131
79451 130131 146667
62636 114517 135464
135464 62636 114517
114517 62636 135464
109649 43427 144300
144300 43427 109649
43427 109649 144300
33192 28014 35349
28014 33192 35349
35349 28014 33192
113150 42179 128226
128226 42179 113150
42179 113150 128226
58186 2026 119743
119743 2026 58186
2026 58186 119743
111107 39904 140850
39904 111107 140850
140850 39904 111107
39013 53245 71820
53245 39013 71820
71820 39013 53245
64586 39764 143266
39764 64586 143266
143266 39764 64586
78325 42707 143341
143341 42707 78325
42707 78325 143341
119229 27547 136982
27547 119229 136982
136982 27547 119229
49965 3722 51283
3722 49965 51283
51283 3722 49965
89968 97224 124399
97224 89968 124399
124399 89968 97224
131598 71184 105232
71184 105232 131598
105232 71184 131598
99510 15835 112661
15835 99510 112661
112661 15835 99510
84625 23458 58205
58205 23458 84625
23458 58205 84625
86633 82570 82696
82696 82570 86633
82570 82696 86633
132105 23126 126709
126709 23126 132105
23126 126709 132105
129940 64425 90416
90416 64425 129940
64425 90416 129940
100832 62237 94765
94765 62237 100832
62237 94765 100832
89304 15972 57534
15972 57534 89304
57534 15972 89304
4973 73809 136178
73809 4973 136178
136178 4973 73809
76274 97952 108777
108777 76274 97952
97952 76274 108777
99466 5228 142178
5228 99466 142178
142178 5228 99466
73683 142349 142737
142737 73683 142349
142349 73683 142737
13130 114330 119952
114330 13130 119952
119952 13130 114330
5293 71135 138556
138556 5293 71135
71135 5293 138556
83760 43065 55705
43065 55705 83760
55705 43065 83760
132347 45362 110626
110626 45362 132347
45362 110626 132347
118329 72447 130296
130296 72447 118329
72447 118329 130296
43223 122191 148580
122191 43223 148580
148580 43223 122191
25892 68724 102702
68724 25892 102702
102702 25892 68724
123912 23892 146311
146311 23892 123912
23892 123912 146311
83664 34516 56981
34516 56981 83664
56981 34516 83664
25528 112092 118699
112092 25528 118699
118699 25528 112092
84996 100551 115719
115719 84996 100551
100551 84996 115719
1304 31673 45749
31673 1304 45749
45749 1304 31673
11858 59432 64720
59432 11858 64720
64720 11858 59432
54940 32802 43243
43243 32802 54940
32802 43243 54940
140897 26727 72176
26727 72176 140897
72176 26727 140897
86683 42480 96439
96439 42480 86683
42480 86683 96439
94223 48799 94599
94599 48799 94223
48799 94223 94599
63865 12581 148200
12581 63865 148200
148200 12581 63865
29746 22239 138446
22239 29746 138446
138446 22239 29746
101344 51525 142240
51525 101344 142240
142240 51525 101344
131104 133483 142666
133483 131104 142666
142666 131104 133483
21182 15891 82688
15891 21182 82688
82688 15891 21182
92750 67486 97389
97389 67486 92750
67486 92750 97389
115183 107033 110867
110867 107033 115183
107033 110867 115183
89284 90281 123347
90281 89284 123347
123347 89284 90281
17679 67761 97607
97607 17679 67761
67761 17679 97607
51338 74208 121815
121815 51338 74208
74208 51338 121815
130053 25935 68027
25935 68027 130053
68027 25935 130053
87214 102059 127118
102059 87214 127118
127118 87214 102059
125814 17840 82487
17840 82487 125814
82487 17840 125814
87565 102939 138990
102939 87565 138990
138990 87565 102939
35659 58494 126198
58494 35659 126198
126198 35659 58494
16088 44719 83217
44719 16088 83217
83217 16088 44719
130781 53586 99648
53586 99648 130781
99648 53586 130781
90240 20427 108104
20427 90240 108104
108104 20427 90240
22287 66791 81194
66791 22287 81194
81194 22287 66791
149173 95977 110001
95977 110001 149173
110001 95977 149173
11927 30006 124674
30006 11927 124674
124674 11927 30006
102212 39332 126843
126843 39332 102212
39332 102212 126843
29066 110049 122864
122864 29066 110049
110049 29066 122864
50159 67133 109698
67133 50159 109698
109698 50159 67133
64740 54267 62376
62376 54267 64740
54267 62376 64740
49492 118338 132552
132552 49492 118338
118338 49492 132552
97677 31614 95509
95509 31614 97677
31614 95509 97677
27134 50909 95481
95481 27134 50909
50909 27134 95481
1454 104370 127005
127005 1454 104370
104370 1454 127005
124027 32291 88674
88674 32291 124027
32291 88674 124027
132940 56501 94464
56501 94464 132940
94464 56501 132940
100176 6005 23902
6005 23902 100176
23902 6005 100176
106872 23773 61573
23773 61573 106872
61573 23773 106872
115714 6068 73626
73626 6068 115714
6068 73626 115714
39030 5148 37667
5148 37667 39030
37667 5148 39030
28811 6292 70990
6292 28811 70990
70990 6292 28811
79425 130417 145303
130417 79425 145303
145303 79425 130417
93506 31126 46033
31126 46033 93506
46033 31126 93506
99260 84197 95556
84197 95556 99260
95556 84197 99260
20057 10754 45097
10754 20057 45097
45097 10754 20057
50907 27933 127086
27933 50907 127086
127086 27933 50907
15319 18934 94507
94507 15319 18934
18934 15319 94507
60169 54337 67240
54337 60169 67240
67240 54337 60169
61356 43197 119516
119516 43197 61356
43197 61356 119516
82970 95051 139039
139039 82970 95051
95051 82970 139039
11814 54485 146473
54485 11814 146473
146473 11814 54485
78158 11890 56354
56354 11890 78158
11890 56354 78158
83446 83649 136526
83649 83446 136526
136526 83446 83649
8933 19826 36479
19826 8933 36479
36479 8933 19826
122401 3224 100671
3224 100671 122401
100671 3224 122401
136816 62437 92668
92668 62437 136816
62437 92668 136816
56664 45563 70035
45563 56664 70035
70035 45563 56664
82105 6895 45039
45039 6895 82105
6895 45039 82105
138602 65247 69337
65247 69337 138602
69337 65247 138602
12920 10583 141095
141095 10583 12920
10583 12920 141095
4695 20473 131799
20473 4695 131799
131799 4695 20473
46601 82332 111341
111341 46601 82332
82332 46601 111341
71640 4153 106906
106906 4153 71640
4153 71640 106906
86559 161 83647
83647 161 86559
161 83647 86559
51530 26577 42075
26577 42075 51530
42075 26577 51530
80359 81981 89656
89656 80359 81981
81981 80359 89656
121073 33738 98165
33738 98165 121073
98165 33738 121073
85319 51289 105186
105186 51289 85319
51289 85319 105186
1134 12004 19900
19900 1134 12004
12004 1134 19900
146997 45870 113771
113771 45870 146997
45870 113771 146997
103935 33384 144155
144155 33384 103935
33384 103935 144155
19304 41095 51924
41095 19304 51924
51924 19304 41095
80599 36605 144669
144669 36605 80599
36605 80599 144669
143722 2019 31028
31028 2019 143722
2019 31028 143722
6241 105180 113602
105180 6241 113602
113602 6241 105180
50297 142099 148540
148540 50297 142099
142099 50297 148540
56048 76821 126319
126319 56048 76821
76821 56048 126319
14176 133002 136544
136544 14176 133002
133002 14176 136544
70333 6846 18678
18678 6846 70333
6846 18678 70333
55974 15548 101641
15548 55974 101641
101641 15548 55974
137402 103111 110425
110425 103111 137402
103111 110425 137402
99170 6156 139788
6156 99170 139788
139788 6156 99170
3132 6041 8861
6041 3132 8861
8861 3132 6041
118332 48163 119455
48163 118332 119455
119455 48163 118332
129626 46188 130484
46188 129626 130484
130484 46188 129626
135493 35982 119328
35982 119328 135493
119328 35982 135493
84548 58811 139087
139087 58811 84548
58811 84548 139087
8085 57853 108724
57853 8085 108724
108724 8085 57853
43759 26683 103104
103104 26683 43759
26683 43759 103104
106429 20332 56609
20332 56609 106429
56609 20332 106429
108586 27902 145572
27902 108586 145572
145572 27902 108586
36076 103980 126572
126572 36076 103980
103980 36076 126572
121890 46183 67740
46183 67740 121890
67740 46183 121890
123327 89054 120546
120546 89054 123327
89054 120546 123327
141939 36798 134219
134219 36798 141939
36798 134219 141939
87995 57939 71463
57939 71463 87995
71463 57939 87995
130753 124612 134181
124612 130753 134181
134181 124612 130753
102733 29712 145212
145212 29712 102733
29712 102733 145212
29350 6323 26933
26933 6323 29350
6323 26933 29350
81377 40330 148244
40330 81377 148244
148244 40330 81377
72088 21741 32143
21741 32143 72088
32143 21741 72088
7342 13700 88124
88124 7342 13700
13700 7342 88124
128145 41842 129012
41842 128145 129012
129012 41842 128145
63105 16911 100079
16911 63105 100079
100079 16911 63105
93880 86964 101712
86964 93880 101712
101712 86964 93880
57546 120677 140047
140047 57546 120677
120677 57546 140047
121834 131375 134261
131375 121834 134261
134261 121834 131375
7130 89411 138359
89411 7130 138359
138359 7130 89411
279 128042 145235
128042 279 145235
145235 279 128042
119085 121195 145999
121195 119085 145999
145999 119085 121195
115595 120193 122134
122134 115595 120193
120193 115595 122134
116210 46966 126640
46966 116210 126640
126640 46966 116210
148461 108707 116473
108707 116473 148461
116473 108707 148461
111133 39273 113365
39273 111133 113365
113365 39273 111133
114306 6367 32926
32926 6367 114306
6367 32926 114306
78945 100141 107303
100141 78945 107303
107303 78945 100141
15961 20918 46938
46938 15961 20918
20918 15961 46938
23648 34684 72511
34684 23648 72511
72511 23648 34684
38151 114825 115261
115261 38151 114825
114825 38151 115261
135830 2073 103317
103317 2073 135830
2073 103317 135830
36156 15685 104452
104452 15685 36156
15685 36156 104452
128946 14303 66249
14303 66249 128946
66249 14303 128946
125182 18272 29428
29428 18272 125182
18272 29428 125182
84842 14946 21693
21693 14946 84842
14946 21693 84842
111897 84072 144224
144224 84072 111897
84072 111897 144224
77578 63112 142805
142805 63112 77578
63112 77578 142805
118583 55633 99634
55633 99634 118583
99634 55633 118583
103414 119446 146108
119446 103414 146108
146108 103414 119446
125803 73258 137800
73258 125803 137800
137800 73258 125803
13304 141012 141794
141794 13304 141012
141012 13304 141794
2828 60699 147277
60699 2828 147277
147277 2828 60699
59526 40111 57980
40111 57980 59526
57980 40111 59526
99861 96069 140533
96069 99861 140533
140533 96069 99861
115909 66110 147402
147402 66110 115909
66110 115909 147402
12326 40567 43493
40567 12326 43493
43493 12326 40567
38457 45548 57251
57251 38457 45548
45548 38457 57251
81648 10550 128685
10550 81648 128685
128685 10550 81648
92329 87421 109267
109267 87421 92329
87421 92329 109267
59439 53442 78712
53442 59439 78712
78712 53442 59439
98386 139694 144270
144270 98386 139694
139694 98386 144270
120982 15568 106255
15568 106255 120982
106255 15568 120982
137720 13726 149384
149384 13726 137720
13726 137720 149384
76468 44294 55597
44294 55597 76468
55597 44294 76468
139981 73793 88655
88655 73793 139981
73793 88655 139981
68550 59223 75482
59223 68550 75482
75482 59223 68550
84918 73359 130054
73359 84918 130054
130054 73359 84918
98759 45079 87333
45079 87333 98759
87333 45079 98759
72605 23798 95333
95333 23798 72605
23798 72605 95333
36673 40246 145144
145144 36673 40246
40246 36673 145144
47886 39173 133909
133909 39173 47886
39173 47886 133909
49728 4202 121694
121694 4202 49728
4202 49728 121694
133456 91897 91944
91944 91897 133456
91897 91944 133456
6943 2263 141006
141006 2263 6943
2263 6943 141006
140433 68429 114926
114926 68429 140433
68429 114926 140433
55553 105522 123299
123299 55553 105522
105522 55553 123299
58720 101803 114815
101803 58720 114815
114815 58720 101803
44032 123001 143605
143605 44032 123001
123001 44032 143605
75317 12627 114215
12627 75317 114215
114215 12627 75317
15508 57000 60643
57000 15508 60643
60643 15508 57000
27990 54013 140688
54013 27990 140688
140688 27990 54013
88685 26947 73585
26947 73585 88685
73585 26947 88685
33558 26934 100257
26934 33558 100257
100257 26934 33558
108323 5908 17446
5908 17446 108323
17446 5908 108323
42896 24286 66728
66728 24286 42896
24286 42896 66728
2715 43359 139154
43359 2715 139154
139154 2715 43359
121947 82143 101635
82143 101635 121947
101635 82143 121947
131568 133811 136070
136070 131568 133811
133811 131568 136070
104608 7631 87468
87468 7631 104608
7631 87468 104608
107885 61144 136931
61144 107885 136931
136931 61144 107885
96631 35462 111242
35462 96631 111242
111242 35462 96631
118606 110176 122694
122694 110176 118606
110176 118606 122694
105795 27462 79295
79295 27462 105795
27462 79295 105795
129620 49617 92187
92187 49617 129620
49617 92187 129620
133674 96956 121611
121611 96956 133674
96956 121611 133674
41808 24933 107710
107710 24933 41808
24933 41808 107710
146838 23568 65026
23568 65026 146838
65026 23568 146838
49347 46105 104079
104079 46105 49347
46105 49347 104079
28002 60891 65262
65262 28002 60891
60891 28002 65262
104417 42312 116466
116466 42312 104417
42312 104417 116466
2184 81124 90478
81124 2184 90478
90478 2184 81124
106344 5990 54391
54391 5990 106344
5990 54391 106344
148883 96044 138772
138772 96044 148883
96044 138772 148883
100794 42308 117692
117692 42308 100794
42308 100794 117692
34584 12093 149149
12093 34584 149149
149149 12093 34584
72685 964 100136
100136 964 72685
964 72685 100136
127909 6658 143867
143867 6658 127909
6658 127909 143867
93116 11680 87076
11680 87076 93116
87076 11680 93116
91552 83126 87627
87627 83126 91552
83126 87627 91552
127926 68869 135787
68869 127926 135787
135787 68869 127926
77323 10967 115779
10967 77323 115779
115779 10967 77323
145264 11722 113986
11722 113986 145264
113986 11722 145264
63766 1502 71000
71000 1502 63766
1502 63766 71000
50706 29278 77190
29278 50706 77190
77190 29278 50706
96572 68318 111413
111413 68318 96572
68318 96572 111413
111530 65448 65811
65811 65448 111530
65448 65811 111530
117484 88040 135372
88040 117484 135372
135372 88040 117484
72116 458 123121
458 72116 123121
123121 458 72116
8362 9232 149409
9232 8362 149409
149409 8362 9232
130113 94452 115705
94452 115705 130113
115705 94452 130113
73543 70586 146370
146370 70586 73543
70586 73543 146370
22430 78707 89816
78707 22430 89816
89816 22430 78707
130831 46689 102126
46689 102126 130831
102126 46689 130831
55080 37130 49060
37130 49060 55080
49060 37130 55080
120039 102683 142711
142711 102683 120039
102683 120039 142711
59235 75364 100512
75364 59235 100512
100512 59235 75364
77179 78032 101923
78032 77179 101923
101923 77179 78032
85422 35052 89481
89481 35052 85422
35052 85422 89481
70755 22720 74730
22720 70755 74730
74730 22720 70755
99627 56611 145347
56611 99627 145347
145347 56611 99627
51043 5235 98430
98430 5235 51043
5235 51043 98430
6867 22277 82350
22277 6867 82350
82350 6867 22277
33164 55302 128800
55302 33164 128800
128800 33164 55302
143759 70332 119609
119609 70332 143759
