2068 321 1533
321 1533 2068
1533 321 2068
1545 3183 8267
3183 1545 8267
8267 1545 3183
5858 4350 8068
4350 5858 8068
8068 4350 5858
7489 441 6216
6216 441 7489
441 6216 7489
1782 10560 10689
10689 1782 10560
10560 1782 10689
12887 923 14498
923 12887 14498
14498 923 12887
1964 1486 5800
1486 1964 5800
5800 1486 1964
3486 7868 12363
7868 3486 12363
12363 3486 7868
7453 10443 14341
14341 7453 10443
10443 7453 14341
3589 2481 8532
2481 3589 8532
8532 2481 3589
12964 524 14943
14943 524 12964
524 12964 14943
4890 5591 12903
12903 4890 5591
5591 4890 12903
11752 2362 8649
8649 2362 11752
2362 8649 11752
5192 2308 6760
2308 5192 6760
6760 2308 5192
5213 4542 6614
6614 4542 5213
4542 5213 6614
5493 526 4734
4734 526 5493
526 4734 5493
13317 6729 10268
6729 10268 13317
10268 6729 13317
14550 10797 11448
11448 10797 14550
10797 11448 14550
8564 1336 5089
1336 5089 8564
5089 1336 8564
12678 8215 14896
14896 8215 12678
8215 12678 14896
7922 3233 5293
5293 3233 7922
3233 5293 7922
13457 10526 11119
10526 11119 13457
11119 10526 13457
12331 7740 13341
7740 12331 13341
13341 7740 12331
13930 3334 13249
3334 13249 13930
13249 3334 13930
14087 7378 12320
12320 7378 14087
7378 12320 14087
7075 7055 7916
7055 7075 7916
7916 7055 7075
8011 10566 12265
10566 8011 12265
12265 8011 10566
14945 2434 12650
12650 2434 14945
2434 12650 14945
14412 8580 13923
13923 8580 14412
8580 13923 14412
7323 4116 13414
4116 7323 13414
13414 4116 7323
7365 3617 7856
3617 7365 7856
7856 3617 7365
1068 2812 10255
10255 1068 2812
2812 1068 10255
4983 6088 10711
6088 4983 10711
10711 4983 6088
2852 7001 14150
7001 2852 14150
14150 2852 7001
4773 114 9532
9532 114 4773
114 4773 9532
9996 7535 8282
7535 8282 9996
8282 7535 9996
8273 5437 6329
5437 6329 8273
6329 5437 8273
7330 4596 14364
14364 4596 7330
4596 7330 14364
11708 1384 9520
1384 9520 11708
9520 1384 11708
11601 4849 14872
14872 4849 11601
4849 11601 14872
3243 284 14690
284 3243 14690
14690 284 3243
4160 181 7280
181 4160 7280
7280 181 4160
9883 5898 9526
9526 5898 9883
5898 9526 9883
10481 4358 8337
4358 8337 10481
8337 4358 10481
4739 9954 10306
10306 4739 9954
9954 4739 10306
13314 4137 11719
4137 11719 13314
11719 4137 13314
7487 1247 11354
11354 1247 7487
1247 7487 11354
11863 4158 4579
4158 4579 11863
4579 4158 11863
9817 7925 14937
14937 7925 9817
7925 9817 14937
5450 2126 9493
2126 5450 9493
9493 2126 5450
7397 3481 8830
8830 3481 7397
3481 7397 8830
7698 11220 13015
13015 7698 11220
11220 7698 13015
13117 470 6767
6767 470 13117
470 6767 13117
9936 14511 14622
14622 9936 14511
14511 9936 14622
13536 3406 14724
3406 13536 14724
14724 3406 13536
5909 3232 7151
7151 3232 5909
3232 5909 7151
8861 11050 14149
11050 8861 14149
14149 8861 11050
6148 3702 11762
11762 3702 6148
3702 6148 11762
7025 1446 11288
1446 7025 11288
11288 1446 7025
7468 5210 6742
6742 5210 7468
5210 6742 7468
4516 4928 13949
13949 4516 4928
4928 4516 13949
3578 11797 11867
11867 3578 11797
11797 3578 11867
2921 393 2952
393 2921 2952
2952 393 2921
5239 7194 10531
10531 5239 7194
7194 5239 10531
11985 10512 14471
14471 10512 11985
10512 11985 14471
2063 1073 7665
1073 2063 7665
7665 1073 2063
12179 1769 2275
2275 1769 12179
1769 2275 12179
14431 2568 8676
8676 2568 14431
2568 8676 14431
4149 3931 11507
3931 4149 11507
11507 3931 4149
10672 6836 13870
13870 6836 10672
6836 10672 13870
8459 3400 8191
3400 8191 8459
8191 3400 8459
6612 4852 14225
14225 4852 6612
4852 6612 14225
13519 5283 7932
7932 5283 13519
5283 7932 13519
3492 1051 14824
14824 1051 3492
1051 3492 14824
12912 7578 13121
13121 7578 12912
7578 12912 13121
5150 8750 13256
8750 5150 13256
13256 5150 8750
8503 6736 6755
6755 6736 8503
6736 6755 8503
7728 2142 10535
2142 7728 10535
10535 2142 7728
2087 1852 3066
1852 2087 3066
3066 1852 2087
2514 1955 4434
4434 1955 2514
1955 2514 4434
722 8557 12342
12342 722 8557
8557 722 12342
12137 10748 11500
11500 10748 12137
10748 11500 12137
10106 1260 10142
10142 1260 10106
1260 10106 10142
10681 7788 9231
9231 7788 10681
7788 9231 10681
6067 785 9108
785 6067 9108
9108 785 6067
5369 7389 11828
7389 5369 11828
11828 5369 7389
12663 696 2012
696 2012 12663
2012 696 12663
14204 4230 4907
4907 4230 14204
4230 4907 14204
7571 7481 8498
8498 7481 7571
7481 7571 8498
2243 125 7911
7911 125 2243
125 2243 7911
13388 444 14256
14256 444 13388
444 13388 14256
14267 2718 8303
2718 8303 14267
8303 2718 14267
4127 4967 8969
4967 4127 8969
8969 4127 4967
6562 3454 13140
3454 6562 13140
13140 3454 6562
3552 9474 11774
9474 3552 11774
11774 3552 9474
12596 12172 14075
12172 12596 14075
14075 12172 12596
7121 8821 10616
8821 7121 10616
10616 7121 8821
775 2277 10833
2277 775 10833
10833 775 2277
8111 908 7414
7414 908 8111
908 7414 8111
9384 9843 13626
13626 9384 9843
9843 9384 13626
7583 2060 5284
5284 2060 7583
2060 5284 7583
4569 7287 12559
12559 4569 7287
7287 4569 12559
14158 3848 5000
5000 3848 14158
3848 5000 14158
8947 3035 14166
14166 3035 8947
3035 8947 14166
7774 6125 11612
11612 6125 7774
6125 7774 11612
5218 4752 6782
4752 5218 6782
6782 4752 5218
2064 2093 7923
7923 2064 2093
2093 2064 7923
14374 3547 14508
3547 14374 14508
14508 3547 14374
13601 13486 13558
13558 13486 13601
13486 13558 13601
7152 6132 11085
6132 7152 11085
11085 6132 7152
14546 295 4439
4439 295 14546
295 4439 14546
4645 6548 14119
6548 4645 14119
14119 4645 6548
11266 5490 14190
5490 11266 14190
14190 5490 11266
5625 1039 7595
1039 5625 7595
7595 1039 5625
6463 8051 14252
8051 6463 14252
14252 6463 8051
2717 1752 9603
1752 2717 9603
9603 1752 2717
5258 677 8239
8239 677 5258
677 5258 8239
9567 9448 10175
9448 9567 10175
10175 9448 9567
14191 6711 8264
6711 8264 14191
8264 6711 14191
2725 5203 13598
13598 2725 5203
5203 2725 13598
12116 6248 14788
14788 6248 12116
6248 12116 14788
866 4680 8449
8449 866 4680
4680 866 8449
8933 9236 14286
14286 8933 9236
9236 8933 14286
3401 13520 13886
13886 3401 13520
13520 3401 13886
665 4214 12360
12360 665 4214
4214 665 12360
1416 10191 14590
10191 1416 14590
14590 1416 10191
14653 2629 12824
12824 2629 14653
2629 12824 14653
9955 3960 9837
3960 9837 9955
9837 3960 9955
7810 5780 14161
5780 7810 14161
14161 5780 7810
14563 2037 12432
12432 2037 14563
2037 12432 14563
12442 4576 10032
10032 4576 12442
4576 10032 12442
571 6196 9655
9655 571 6196
6196 571 9655
6176 5810 9667
9667 5810 6176
5810 6176 9667
11379 3337 9853
9853 3337 11379
3337 9853 11379
4988 9070 9618
9618 4988 9070
9070 4988 9618
9999 11810 14264
14264 9999 11810
11810 9999 14264
6854 5160 5186
5186 5160 6854
5160 5186 6854
8632 8157 14829
14829 8157 8632
8157 8632 14829
10285 7708 10475
7708 10285 10475
10475 7708 10285
12790 1427 3040
1427 3040 12790
3040 1427 12790
9942 7605 12935
12935 7605 9942
7605 9942 12935
1049 4460 10667
10667 1049 4460
4460 1049 10667
12149 10425 12236
12236 10425 12149
10425 12149 12236
3054 3558 3764
3558 3054 3764
3764 3054 3558
5010 9376 12681
12681 5010 9376
9376 5010 12681
14142 1126 8203
8203 1126 14142
1126 8203 14142
6120 8482 9711
8482 6120 9711
9711 6120 8482
11603 4855 6993
4855 6993 11603
6993 4855 11603
9447 94 8525
8525 94 9447
94 8525 9447
11347 12893 12996
12996 11347 12893
12893 11347 12996
2527 8404 14112
14112 2527 8404
8404 2527 14112
2295 3343 11696
11696 2295 3343
3343 2295 11696
6433 7807 14737
14737 6433 7807
7807 6433 14737
1922 8882 14349
8882 1922 14349
14349 1922 8882
4429 2679 4714
4714 2679 4429
2679 4429 4714
8669 4797 10500
10500 4797 8669
4797 8669 10500
2867 12558 13319
12558 2867 13319
13319 2867 12558
11161 8325 13475
8325 11161 13475
13475 8325 11161
5669 13047 13199
13047 5669 13199
13199 5669 13047
10423 11649 14578
11649 10423 14578
14578 10423 11649
13090 4863 5798
4863 5798 13090
5798 4863 13090
9120 13118 14281
14281 9120 13118
13118 9120 14281
13786 6414 7758
6414 7758 13786
7758 6414 13786
7751 1613 5299
1613 5299 7751
5299 1613 7751
1168 11 4410
11 1168 4410
4410 11 1168
14510 4283 10321
4283 10321 14510
10321 4283 14510
10453 3947 12006
12006 3947 10453
3947 10453 12006
11955 5180 9893
5180 9893 11955
9893 5180 11955
9904 981 14893
981 9904 14893
14893 981 9904
315 3096 4585
3096 315 4585
4585 315 3096
12339 306 6220
6220 306 12339
306 6220 12339
11418 12128 13155
13155 11418 12128
12128 11418 13155
2723 264 10138
264 2723 10138
10138 264 2723
12823 3540 6901
6901 3540 12823
3540 6901 12823
10644 9025 9820
9025 9820 10644
9820 9025 10644
4822 3466 14649
14649 3466 4822
3466 4822 14649
13666 12859 14479
12859 13666 14479
14479 12859 13666
4546 5913 10610
5913 4546 10610
10610 4546 5913
14521 6787 11061
11061 6787 14521
6787 11061 14521
11253 6884 10388
10388 6884 11253
6884 10388 11253
2000 9406 13465
13465 2000 9406
9406 2000 13465
13713 6830 9972
9972 6830 13713
6830 9972 13713
5034 11323 14047
14047 5034 11323
11323 5034 14047
1601 7953 9107
9107 1601 7953
7953 1601 9107
266 7085 13238
13238 266 7085
7085 266 13238
3600 1193 9409
9409 1193 3600
1193 3600 9409
13722 2742 8720
2742 8720 13722
8720 2742 13722
11424 3471 7419
7419 3471 11424
3471 7419 11424
2214 3532 6653
3532 2214 6653
6653 2214 3532
13896 4171 11048
4171 11048 13896
11048 4171 13896
3072 2731 8297
8297 2731 3072
2731 3072 8297
671 828 1422
1422 671 828
828 671 1422
2699 6015 13654
6015 2699 13654
13654 2699 6015
8369 4519 7566
4519 7566 8369
7566 4519 8369
11600 4318 6449
4318 6449 11600
6449 4318 11600
65 2832 10317
10317 65 2832
2832 65 10317
1797 6564 13597
6564 1797 13597
13597 1797 6564
11236 7795 8176
7795 8176 11236
8176 7795 11236
12496 5492 13411
5492 12496 13411
13411 5492 12496
8616 6406 6543
6543 6406 8616
6406 6543 8616
10340 6797 13690
6797 10340 13690
13690 6797 10340
10409 7957 10505
7957 10409 10505
10505 7957 10409
7292 10550 11542
11542 7292 10550
10550 7292 11542
13280 8131 12122
8131 12122 13280
12122 8131 13280
8989 1823 12951
1823 8989 12951
12951 1823 8989
14339 8705 11458
8705 11458 14339
11458 8705 14339
2168 12550 14137
12550 2168 14137
14137 2168 12550
241 12399 14749
12399 241 14749
14749 241 12399
4427 3332 11755
3332 4427 11755
11755 3332 4427
3413 504 5447
504 3413 5447
5447 504 3413
4695 3575 12738
3575 4695 12738
12738 3575 4695
7417 6776 8690
8690 6776 7417
6776 7417 8690
7022 325 6380
6380 325 7022
325 6380 7022
2360 3833 9699
9699 2360 3833
3833 2360 9699
9862 3382 4968
3382 4968 9862
4968 3382 9862
2928 2927 11495
2927 2928 11495
11495 2927 2928
9385 2262 3017
2262 3017 9385
3017 2262 9385
9242 13841 14898
13841 9242 14898
14898 9242 13841
10415 5271 14716
5271 10415 14716
14716 5271 10415
12448 4016 7717
7717 4016 12448
4016 7717 12448
6948 10176 13408
10176 6948 13408
13408 6948 10176
466 678 6393
6393 466 678
678 466 6393
5456 5185 6774
5185 5456 6774
6774 5185 5456
6515 2201 6386
6386 2201 6515
2201 6386 6515
2535 5294 13423
5294 2535 13423
13423 2535 5294
10459 864 3111
864 3111 10459
3111 864 10459
3145 10222 13080
13080 3145 10222
10222 3145 13080
10803 4550 10166
10166 4550 10803
4550 10166 10803
4174 2972 13156
13156 2972 4174
2972 4174 13156
6408 5692 13681
5692 6408 13681
13681 5692 6408
9125 2030 13871
13871 2030 9125
2030 9125 13871
11461 11945 13710
13710 11461 11945
11945 11461 13710
17 5737 11203
11203 17 5737
5737 17 11203
14064 8893 12462
12462 8893 14064
8893 12462 14064
611 13585 14971
14971 611 13585
13585 611 14971
9572 2519 12335
12335 2519 9572
2519 9572 12335
488 11559 14558
11559 488 14558
14558 488 11559
845 4646 10345
10345 845 4646
4646 845 10345
5622 13376 14742
13376 5622 14742
14742 5622 13376
9393 2463 13592
13592 2463 9393
2463 9393 13592
1181 4333 9533
4333 1181 9533
9533 1181 4333
8458 700 11982
11982 700 8458
700 8458 11982
9690 2062 12902
12902 2062 9690
2062 9690 12902
6807 9701 14424
9701 6807 14424
14424 6807 9701
14139 3107 11836
3107 11836 14139
11836 3107 14139
12643 603 10343
603 10343 12643
10343 603 12643
11736 5727 6520
5727 6520 11736
6520 5727 11736
9680 724 6737
724 6737 9680
6737 724 9680
9672 498 14405
14405 498 9672
498 9672 14405
10990 13877 14177
14177 10990 13877
13877 10990 14177
13139 1045 6045
6045 1045 13139
1045 6045 13139
13784 11964 13543
13543 11964 13784
11964 13543 13784
4475 9185 11383
11383 4475 9185
9185 4475 11383
2752 8395 11396
8395 2752 11396
11396 2752 8395
12099 1366 2876
2876 1366 12099
1366 2876 12099
6317 8963 13808
8963 6317 13808
13808 6317 8963
9898 959 3128
959 3128 9898
3128 959 9898
4051 14494 14905
14905 4051 14494
14494 4051 14905
2409 9110 12908
12908 2409 9110
9110 2409 12908
13501 9184 12530
9184 12530 13501
12530 9184 13501
9363 9300 14806
9300 9363 14806
14806 9300 9363
12440 3431 13276
13276 3431 12440
3431 12440 13276
14423 6644 12015
12015 6644 14423
6644 12015 14423
4654 6486 13908
13908 4654 6486
6486 4654 13908
3444 287 10367
10367 287 3444
287 3444 10367
433 1504 1587
1587 433 1504
1504 433 1587
1022 7361 9770
9770 1022 7361
7361 1022 9770
8035 1839 6436
1839 6436 8035
6436 1839 8035
5184 2946 3267
2946 3267 5184
3267 2946 5184
10969 6834 12777
12777 6834 10969
6834 10969 12777
2350 12051 12744
12744 2350 12051
12051 2350 12744
832 3820 13054
3820 832 13054
13054 832 3820
4835 1726 5924
1726 4835 5924
5924 1726 4835
120 11024 11851
11024 120 11851
11851 120 11024
10230 9693 11117
9693 10230 11117
11117 9693 10230
7748 7939 9598
7939 7748 9598
9598 7748 7939
77 2911 6794
2911 77 6794
6794 77 2911
9147 2900 9614
2900 9147 9614
9614 2900 9147
1525 8016 9275
8016 1525 9275
9275 1525 8016
3623 8406 11631
11631 3623 8406
8406 3623 11631
4915 5405 10479
10479 4915 5405
5405 4915 10479
4120 9350 12313
9350 4120 12313
12313 4120 9350
6701 2406 12237
12237 2406 6701
2406 6701 12237
12017 183 2683
183 2683 12017
2683 183 12017
14587 9394 11313
11313 9394 14587
9394 11313 14587
618 9847 14373
9847 618 14373
14373 618 9847
12793 1479 9741
9741 1479 12793
1479 9741 12793
5076 746 6085
6085 746 5076
746 5076 6085
6411 1376 8488
8488 1376 6411
1376 6411 8488
9318 542 5982
5982 542 9318
542 5982 9318
6639 8113 10944
10944 6639 8113
8113 6639 10944
7007 8842 14467
8842 7007 14467
14467 7007 8842
13307 2910 4636
2910 4636 13307
4636 2910 13307
14645 2985 12419
12419 2985 14645
2985 12419 14645
9582 2890 8915
2890 8915 9582
8915 2890 9582
10008 4092 8837
8837 4092 10008
4092 8837 10008
4787 2556 9829
9829 2556 4787
2556 4787 9829
9255 7912 14713
14713 7912 9255
7912 9255 14713
1389 6991 11365
11365 1389 6991
6991 1389 11365
6174 1038 12318
1038 6174 12318
12318 1038 6174
2005 10411 14093
10411 2005 14093
14093 2005 10411
12107 35 14986
35 12107 14986
14986 35 12107
14493 1301 3495
3495 1301 14493
1301 3495 14493
5953 4911 9058
9058 4911 5953
4911 5953 9058
10870 590 11361
11361 590 10870
590 10870 11361
521 5665 12131
5665 521 12131
12131 521 5665
8970 9229 12004
12004 8970 9229
9229 8970 12004
2549 530 4286
4286 530 2549
530 2549 4286
5078 2772 12556
2772 5078 12556
12556 2772 5078
6569 6695 11633
6695 6569 11633
11633 6569 6695
12476 1203 4267
1203 4267 12476
4267 1203 12476
5448 3684 11727
3684 5448 11727
11727 3684 5448
14672 4678 11037
11037 4678 14672
4678 11037 14672
1319 4442 6240
4442 1319 6240
6240 1319 4442
8968 2055 4156
4156 2055 8968
2055 4156 8968
6816 8454 13004
13004 6816 8454
8454 6816 13004
8230 6427 7784
7784 6427 8230
6427 7784 8230
4652 3172 5759
3172 4652 5759
5759 3172 4652
4759 1549 2269
1549 2269 4759
2269 1549 4759
10451 7603 11096
7603 10451 11096
11096 7603 10451
13360 4036 10473
4036 10473 13360
10473 4036 13360
13787 8742 10679
8742 10679 13787
10679 8742 13787
10537 9349 13958
9349 10537 13958
13958 9349 10537
11073 12983 14629
14629 11073 12983
12983 11073 14629
2939 165 11522
165 2939 11522
11522 165 2939
7346 6973 11994
6973 7346 11994
11994 6973 7346
2819 12032 13656
12032 2819 13656
13656 2819 12032
5188 5338 8158
5338 5188 8158
8158 5188 5338
12491 5686 9806
5686 9806 12491
9806 5686 12491
7379 68 4790
4790 68 7379
68 4790 7379
9247 4074 11065
11065 4074 9247
4074 9247 11065
1714 8077 14780
8077 1714 14780
14780 1714 8077
13295 13431 14266
14266 13295 13431
13431 13295 14266
5139 577 5605
577 5139 5605
5605 577 5139
11610 9736 11779
11779 9736 11610
9736 11610 11779
2881 5788 12928
12928 2881 5788
5788 2881 12928
2429 1896 11141
1896 2429 11141
11141 1896 2429
10019 789 14207
14207 789 10019
789 10019 14207
764 594 3377
594 764 3377
3377 594 764
4600 4033 8110
8110 4033 4600
4033 4600 8110
14772 6941 14428
6941 14428 14772
14428 6941 14772
86 5246 6230
6230 86 5246
5246 86 6230
8279 1750 14247
14247 1750 8279
1750 8279 14247
8874 9569 11669
9569 8874 11669
11669 8874 9569
4658 4208 10747
4208 4658 10747
10747 4208 4658
7606 6254 11394
11394 6254 7606
6254 7606 11394
3140 10000 12121
10000 3140 12121
12121 3140 10000
3886 12139 14608
14608 3886 12139
12139 3886 14608
1689 10246 11095
11095 1689 10246
10246 1689 11095
2255 4189 10746
10746 2255 4189
4189 2255 10746
12718 4851 7248
4851 7248 12718
7248 4851 12718
11287 7594 9586
7594 9586 11287
9586 7594 11287
14427 3586 8623
3586 8623 14427
8623 3586 14427
14973 6007 8292
8292 6007 14973
6007 8292 14973
2777 1246 5430
5430 1246 2777
1246 2777 5430
10262 7058 10064
10064 7058 10262
7058 10064 10262
4068 1228 3442
3442 1228 4068
1228 3442 4068
12764 1983 2427
1983 2427 12764
2427 1983 12764
4408 12759 13926
13926 4408 12759
12759 4408 13926
10705 10764 12020
10764 10705 12020
12020 10705 10764
4504 12310 13170
12310 4504 13170
13170 4504 12310
11304 14010 14466
14010 11304 14466
14466 11304 14010
8212 10738 13020
10738 8212 13020
13020 8212 10738
3865 2083 11761
11761 2083 3865
2083 3865 11761
13730 1173 4528
4528 1173 13730
1173 4528 13730
365 5678 12991
12991 365 5678
5678 365 12991
8046 4030 7893
7893 4030 8046
4030 7893 8046
10613 1970 8994
8994 1970 10613
1970 8994 10613
9903 5542 11441
11441 5542 9903
5542 9903 11441
8901 2008 3796
3796 2008 8901
2008 3796 8901
186 2192 14282
2192 186 14282
14282 186 2192
14599 10383 11088
10383 11088 14599
11088 10383 14599
5617 613 8467
613 5617 8467
8467 613 5617
11484 8161 8399
8399 8161 11484
8161 8399 11484
3325 3655 10125
3655 3325 10125
10125 3325 3655
7308 10328 10595
10328 7308 10595
10595 7308 10328
8954 8562 12533
12533 8562 8954
8562 8954 12533
5668 3760 13042
3760 5668 13042
13042 3760 5668
10731 6409 8180
6409 8180 10731
8180 6409 10731
10602 12674 14131
14131 10602 12674
12674 10602 14131
10004 6009 11205
6009 10004 11205
11205 6009 10004
9624 4751 5935
5935 4751 9624
4751 5935 9624
5163 12492 13811
12492 5163 13811
13811 5163 12492
234 1616 11282
1616 234 11282
11282 234 1616
2824 1227 1903
1903 1227 2824
1227 1903 2824
9278 2929 13995
13995 2929 9278
2929 9278 13995
3572 3679 11564
11564 3572 3679
3679 3572 11564
6818 4136 14859
14859 4136 6818
4136 6818 14859
997 4185 4905
4905 997 4185
4185 997 4905
13762 3716 13119
13119 3716 13762
3716 13119 13762
12096 4140 7966
4140 7966 12096
7966 4140 12096
9585 9518 12927
12927 9518 9585
9518 9585 12927
4368 2415 8259
8259 2415 4368
2415 4368 8259
12256 4657 9850
9850 4657 12256
4657 9850 12256
1514 7003 8863
8863 1514 7003
7003 1514 8863
12699 10571 14958
10571 12699 14958
14958 10571 12699
10643 8995 12308
12308 8995 10643
8995 10643 12308
5960 374 13167
374 5960 13167
13167 374 5960
14231 619 13661
619 13661 14231
13661 619 14231
1305 2738 2861
2738 1305 2861
2861 1305 2738
4502 2408 10897
2408 4502 10897
10897 2408 4502
7184 2797 14308
2797 7184 14308
14308 2797 7184
9553 7813 13938
13938 7813 9553
7813 9553 13938
10542 5214 6264
6264 5214 10542
5214 6264 10542
11593 9369 13965
13965 9369 11593
9369 11593 13965
13237 2962 14366
2962 13237 14366
14366 2962 13237
631 1033 5026
1033 631 5026
5026 631 1033
4525 61 1915
1915 61 4525
61 1915 4525
3903 349 8731
8731 349 3903
349 3903 8731
11521 1734 13981
13981 1734 11521
1734 11521 13981
2232 1764 2271
2271 1764 2232
1764 2232 2271
10204 14 4139
14 4139 10204
4139 14 10204
3873 255 11306
11306 255 3873
255 3873 11306
14743 1820 10756
1820 10756 14743
10756 1820 14743
2466 7818 9033
7818 2466 9033
9033 2466 7818
6566 439 5834
5834 439 6566
439 5834 6566
9132 9021 10324
10324 9021 9132
9021 9132 10324
4719 214 2967
2967 214 4719
214 2967 4719
3649 6832 9161
9161 3649 6832
6832 3649 9161
14103 690 10860
10860 690 14103
690 10860 14103
6689 12065 13905
13905 6689 12065
12065 6689 13905
3051 499 10023
499 3051 10023
10023 499 3051
13839 2605 11072
2605 11072 13839
11072 2605 13839
3967 12418 13274
12418 3967 13274
13274 3967 12418
148 3354 14407
14407 148 3354
3354 148 14407
7681 5716 8775
5716 7681 8775
8775 5716 7681
3397 7743 8135
7743 3397 8135
8135 3397 7743
2059 6172 11136
11136 2059 6172
6172 2059 11136
7036 6496 13624
6496 7036 13624
13624 6496 7036
7211 6357 7376
6357 7211 7376
7376 6357 7211
10888 7380 8544
7380 8544 10888
8544 7380 10888
586 6925 7169
6925 586 7169
7169 586 6925
10265 7934 13779
13779 7934 10265
7934 10265 13779
7930 5380 11235
5380 7930 11235
11235 5380 7930
12821 11702 12941
11702 12821 12941
12941 11702 12821
1542 9541 13184
9541 1542 13184
13184 1542 9541
1223 5857 9724
9724 1223 5857
5857 1223 9724
4175 2849 6272
2849 4175 6272
6272 2849 4175
11638 1289 13673
1289 11638 13673
13673 1289 11638
7558 11378 11757
11378 7558 11757
11757 7558 11378
817 4827 13225
13225 817 4827
4827 817 13225
4783 8313 14911
8313 4783 14911
14911 4783 8313
7622 2727 13174
2727 7622 13174
13174 2727 7622
7348 146 3263
146 3263 7348
3263 146 7348
6867 1666 9006
1666 6867 9006
9006 1666 6867
13203 4834 9707
4834 9707 13203
9707 4834 13203
8584 3921 11207
11207 3921 8584
3921 8584 11207
8728 8736 10910
10910 8728 8736
8736 8728 10910
3385 947 3710
947 3385 3710
3710 947 3385
2349 4452 13345
13345 2349 4452
4452 2349 13345
2882 4397 14219
4397 2882 14219
14219 2882 4397
856 5132 14618
5132 856 14618
14618 856 5132
8402 6252 13075
6252 8402 13075
13075 6252 8402
9266 3912 11574
11574 3912 9266
3912 9266 11574
13026 1974 13262
1974 13026 13262
13262 1974 13026
1883 13064 14862
13064 1883 14862
14862 1883 13064
4006 4150 13135
13135 4006 4150
4150 4006 13135
13482 1558 1728
1728 1558 13482
1558 1728 13482
11250 4673 13890
13890 4673 11250
4673 11250 13890
13011 3098 10782
3098 10782 13011
10782 3098 13011
9 1890 7338
7338 9 1890
1890 9 7338
10458 652 11883
652 10458 11883
11883 652 10458
3964 5334 9207
5334 3964 9207
9207 3964 5334
5740 2888 9099
9099 2888 5740
2888 5740 9099
13525 11131 13707
13707 11131 13525
11131 13525 13707
4684 210 12861
12861 210 4684
210 4684 12861
11795 8945 13515
13515 8945 11795
8945 11795 13515
14821 13286 13831
13831 13286 14821
13286 13831 14821
171 12528 12700
12700 171 12528
12528 171 12700
12343 1103 7640
1103 7640 12343
7640 1103 12343
8133 3203 7982
3203 7982 8133
7982 3203 8133
11523 557 2425
2425 557 11523
557 2425 11523
1027 7173 13745
7173 1027 13745
13745 1027 7173
8903 1197 10792
1197 8903 10792
10792 1197 8903
1440 8193 8836
8836 1440 8193
8193 1440 8836
10592 113 163
113 163 10592
163 113 10592
5974 9502 14507
14507 5974 9502
9502 5974 14507
8194 5394 11890
5394 8194 11890
11890 5394 8194
265 9834 13088
13088 265 9834
9834 265 13088
3559 9024 10631
10631 3559 9024
9024 3559 10631
14948 9766 12741
12741 9766 14948
9766 12741 14948
666 1092 3883
3883 666 1092
1092 666 3883
7084 4337 13676
13676 4337 7084
4337 7084 13676
9398 6369 14235
14235 6369 9398
6369 9398 14235
9714 11330 12512
11330 9714 12512
12512 9714 11330
4631 13455 14472
13455 4631 14472
14472 4631 13455
2303 7271 9170
7271 2303 9170
9170 2303 7271
7305 9055 11008
9055 7305 11008
11008 7305 9055
4850 4222 12997
4222 4850 12997
12997 4222 4850
9439 4549 8090
4549 8090 9439
8090 4549 9439
2151 3841 9294
3841 2151 9294
9294 2151 3841
9337 1139 8839
1139 8839 9337
8839 1139 9337
9324 311 8917
311 8917 9324
8917 311 9324
6587 3924 9683
3924 6587 9683
9683 3924 6587
1471 128 7063
7063 128 1471
128 1471 7063
4535 10907 13741
10907 4535 13741
13741 4535 10907
8956 8132 10780
8132 8956 10780
10780 8132 8956
8807 11979 14156
14156 8807 11979
11979 8807 14156
10646 4011 6197
6197 4011 10646
4011 6197 10646
373 10946 12069
12069 373 10946
10946 373 12069
12560 357 9222
357 9222 12560
9222 357 12560
6682 9096 12713
12713 6682 9096
9096 6682 12713
9897 4000 8679
8679 4000 9897
4000 8679 9897
538 11213 14664
11213 538 14664
14664 538 11213
3106 2376 7244
7244 2376 3106
2376 3106 7244
10167 2560 9299
9299 2560 10167
2560 9299 10167
2947 8248 10271
10271 2947 8248
8248 2947 10271
6693 8360 14883
14883 6693 8360
8360 6693 14883
2528 4744 4769
4744 2528 4769
4769 2528 4744
12546 14679 14810
14810 12546 14679
14679 12546 14810
10603 1576 6777
6777 1576 10603
1576 6777 10603
13480 4831 6068
6068 4831 13480
4831 6068 13480
14116 985 6559
985 6559 14116
6559 985 14116
4786 1961 5582
5582 1961 4786
1961 4786 5582
10577 5393 12382
12382 5393 10577
5393 10577 12382
14433 118 8955
118 8955 14433
8955 118 14433
11799 954 2444
2444 954 11799
954 2444 11799
12975 7960 14029
14029 7960 12975
7960 12975 14029
2539 3740 12478
3740 2539 12478
12478 2539 3740
838 7116 14324
7116 838 14324
14324 838 7116
7948 262 10604
262 7948 10604
10604 262 7948
7548 1026 9357
9357 1026 7548
1026 7548 9357
5487 5579 7494
5579 5487 7494
7494 5487 5579
5073 111 9748
111 5073 9748
9748 111 5073
3395 2035 2228
2228 2035 3395
2035 2228 3395
6473 1663 11327
11327 1663 6473
1663 6473 11327
10281 2926 7028
2926 7028 10281
7028 2926 10281
11545 7905 9305
7905 9305 11545
9305 7905 11545
9574 1294 5850
5850 1294 9574
1294 5850 9574
14125 7424 12235
12235 7424 14125
7424 12235 14125
5530 4447 13941
13941 4447 5530
4447 5530 13941
5854 4432 13349
13349 4432 5854
4432 5854 13349
7127 1675 9176
9176 1675 7127
1675 7127 9176
8065 3357 7124
3357 7124 8065
7124 3357 8065
418 1386 10101
1386 418 10101
10101 418 1386
11623 7737 10430
7737 10430 11623
10430 7737 11623
10206 3123 8504
8504 3123 10206
3123 8504 10206
12682 5588 14992
14992 5588 12682
5588 12682 14992
12241 8073 13023
13023 8073 12241
8073 12241 13023
11969 9623 14844
9623 11969 14844
14844 9623 11969
7972 6442 12084
6442 7972 12084
12084 6442 7972
6699 5002 9017
9017 5002 6699
5002 6699 9017
10190 1324 7002
7002 1324 10190
1324 7002 10190
7630 7457 12370
12370 7457 7630
7457 7630 12370
6909 1705 5862
5862 1705 6909
1705 5862 6909
3276 5116 13215
13215 3276 5116
5116 3276 13215
3091 10574 14882
14882 3091 10574
10574 3091 14882
4954 5964 9413
5964 4954 9413
9413 4954 5964
10807 6958 9803
9803 6958 10807
6958 9803 10807
4604 3061 13441
3061 4604 13441
13441 3061 4604
3075 6998 13688
13688 3075 6998
6998 3075 13688
11452 7715 12047
12047 7715 11452
7715 11452 12047
138 4651 12814
4651 138 12814
12814 138 4651
4599 1142 1593
1593 1142 4599
1142 1593 4599
13771 8867 11268
8867 11268 13771
11268 8867 13771
13230 312 12588
12588 312 13230
312 12588 13230
14761 1536 12196
1536 12196 14761
12196 1536 14761
7660 4780 12038
4780 7660 12038
12038 4780 7660
4135 1344 3644
1344 3644 4135
3644 1344 4135
4621 7789 8479
8479 4621 7789
7789 4621 8479
5298 12068 13913
13913 5298 12068
12068 5298 13913
14720 7477 14401
14401 7477 14720
7477 14401 14720
9934 2915 5653
2915 5653 9934
5653 2915 9934
14851 2258 6444
6444 2258 14851
2258 6444 14851
8507 477 3245
477 3245 8507
3245 477 8507
4382 4527 13864
13864 4382 4527
4527 4382 13864
13463 10911 11613
11613 10911 13463
10911 11613 13463
854 8025 11054
11054 854 8025
8025 854 11054
5730 4756 8509
8509 4756 5730
4756 5730 8509
5250 765 5728
765 5250 5728
5728 765 5250
7246 3119 4994
4994 3119 7246
3119 4994 7246
10341 767 6113
6113 767 10341
767 6113 10341
8672 3333 4634
4634 3333 8672
3333 4634 8672
10329 2747 3669
3669 2747 10329
2747 3669 10329
5787 12527 13924
12527 5787 13924
13924 5787 12527
14719 340 13076
13076 340 14719
340 13076 14719
9296 4496 7008
7008 4496 9296
4496 7008 9296
1809 2771 12788
2771 1809 12788
12788 1809 2771
5750 6030 10058
10058 5750 6030
6030 5750 10058
13873 1222 9739
9739 1222 13873
1222 9739 13873
4075 6080 11137
6080 4075 11137
11137 4075 6080
10655 8852 13292
8852 10655 13292
13292 8852 10655
3909 11080 14041
14041 3909 11080
11080 3909 14041
7763 3028 6037
6037 3028 7763
3028 6037 7763
129 1220 11555
1220 129 11555
11555 129 1220
136 5020 7692
7692 136 5020
5020 136 7692
11056 5346 5840
5840 5346 11056
5346 5840 11056
3856 1241 4088
1241 3856 4088
4088 1241 3856
11443 9119 9635
9635 9119 11443
9119 9635 11443
4991 5187 5978
5978 4991 5187
5187 4991 5978
8247 5643 9948
5643 8247 9948
9948 5643 8247
10839 9488 10775
10775 9488 10839
9488 10775 10839
636 4126 9341
9341 636 4126
4126 636 9341
7554 2421 4089
2421 4089 7554
4089 2421 7554
3205 8444 11385
8444 3205 11385
11385 3205 8444
6603 756 14908
14908 756 6603
756 6603 14908
13210 1462 9968
1462 9968 13210
9968 1462 13210
1899 1952 6263
6263 1899 1952
1952 1899 6263
13373 1687 2580
1687 2580 13373
2580 1687 13373
3359 3787 9216
9216 3359 3787
3787 3359 9216
5015 5416 14033
14033 5015 5416
5416 5015 14033
13956 5484 14253
14253 5484 13956
5484 13956 14253
11732 6602 11954
6602 11732 11954
11954 6602 11732
13889 10334 11206
11206 10334 13889
10334 11206 13889
8244 8924 12695
12695 8244 8924
8924 8244 12695
11802 3320 6143
3320 6143 11802
6143 3320 11802
5451 723 1869
723 1869 5451
1869 723 5451
9016 7969 13545
13545 7969 9016
7969 9016 13545
162 694 9797
9797 162 694
694 162 9797
8076 7996 11393
7996 8076 11393
11393 7996 8076
12569 802 6311
802 6311 12569
6311 802 12569
9314 2822 6932
2822 6932 9314
6932 2822 9314
9555 4737 9105
9105 4737 9555
4737 9105 9555
8630 6000 8420
8420 6000 8630
6000 8420 8630
5008 1672 10387
1672 5008 10387
10387 1672 5008
769 119 216
119 216 769
216 119 769
6047 10700 14285
14285 6047 10700
10700 6047 14285
5176 12835 12840
12840 5176 12835
12835 5176 12840
2082 6044 13562
13562 2082 6044
6044 2082 13562
11932 2473 6139
6139 2473 11932
2473 6139 11932
5871 154 5657
5657 154 5871
154 5657 5871
6683 4725 7328
7328 4725 6683
4725 6683 7328
6663 6946 11676
6946 6663 11676
11676 6663 6946
6826 3163 6513
6513 3163 6826
3163 6513 6826
6976 1291 2995
1291 2995 6976
2995 1291 6976
8206 67 2595
2595 67 8206
67 2595 8206
8651 8229 13733
8229 8651 13733
13733 8229 8651
296 3281 10355
10355 296 3281
3281 296 10355
5947 3940 6038
6038 3940 5947
3940 5947 6038
11705 1900 5844
1900 5844 11705
5844 1900 11705
4540 5395 14874
5395 4540 14874
14874 4540 5395
9190 1988 3612
1988 3612 9190
3612 1988 9190
12986 4260 12373
4260 12373 12986
12373 4260 12986
684 2632 13281
2632 684 13281
13281 684 2632
5205 341 620
341 620 5205
620 341 5205
14189 7265 12484
7265 12484 14189
12484 7265 14189
8862 3237 13782
3237 8862 13782
13782 3237 8862
7452 4231 12755
12755 4231 7452
4231 7452 12755
1412 11516 12957
12957 1412 11516
11516 1412 12957
10118 9789 13010
9789 10118 13010
13010 9789 10118
4042 8804 11290
8804 4042 11290
11290 4042 8804
4401 4611 13576
13576 4401 4611
4611 4401 13576
8305 11128 12259
11128 8305 12259
12259 8305 11128
2098 6660 10647
6660 2098 10647
10647 2098 6660
10279 33 13894
13894 33 10279
33 10279 13894
1111 8554 11227
8554 1111 11227
11227 1111 8554
6704 8344 14195
8344 6704 14195
14195 6704 8344
5718 3549 5882
5882 3549 5718
3549 5718 5882
1792 13528 13776
13776 1792 13528
13528 1792 13776
13330 8155 12757
8155 12757 13330
12757 8155 13330
7826 6771 12062
12062 6771 7826
6771 7826 12062
998 8134 9423
8134 998 9423
9423 998 8134
2914 6749 11006
11006 2914 6749
6749 2914 11006
5845 5495 8136
5495 5845 8136
8136 5495 5845
3999 3130 8575
8575 3130 3999
3130 3999 8575
4560 4347 10932
10932 4347 4560
4347 4560 10932
5928 8208 12828
8208 5928 12828
12828 5928 8208
2363 827 6710
827 2363 6710
6710 827 2363
2119 4080 11058
4080 2119 11058
11058 2119 4080
4948 6379 13153
13153 4948 6379
6379 4948 13153
2282 4391 7364
4391 2282 7364
7364 2282 4391
14049 1939 14057
14057 1939 14049
1939 14049 14057
84 10940 10966
10966 84 10940
10940 84 10966
7878 5016 12803
5016 7878 12803
12803 5016 7878
14181 6659 8397
6659 8397 14181
8397 6659 14181
13691 3297 9031
3297 9031 13691
9031 3297 13691
13976 5466 7712
5466 7712 13976
7712 5466 13976
2076 5753 13114
5753 2076 13114
13114 2076 5753
13927 3955 7947
7947 3955 13927
3955 7947 13927
6685 3627 7612
3627 6685 7612
7612 3627 6685
1895 8974 9065
9065 1895 8974
8974 1895 9065
13044 5569 12552
12552 5569 13044
5569 12552 13044
7428 3104 8189
8189 3104 7428
3104 7428 8189
10276 100 298
298 100 10276
100 298 10276
13250 4178 11641
4178 11641 13250
11641 4178 13250
14205 5340 9659
9659 5340 14205
5340 9659 14205
3870 4958 5281
5281 3870 4958
4958 3870 5281
6464 2323 14568
14568 2323 6464
2323 6464 14568
9831 2834 11849
11849 2834 9831
2834 9831 11849
4792 3371 7381
3371 4792 7381
7381 3371 4792
910 155 5775
5775 155 910
155 910 5775
13446 2692 12959
2692 12959 13446
12959 2692 13446
294 2735 6531
6531 294 2735
2735 294 6531
12689 1879 12789
1879 12689 12789
12789 1879 12689
6303 8613 13644
8613 6303 13644
13644 6303 8613
5453 7729 11842
11842 5453 7729
7729 5453 11842
12889 6056 12888
6056 12888 12889
12888 6056 12889
3146 9401 9661
9661 3146 9401
9401 3146 9661
3185 10786 12693
10786 3185 12693
12693 3185 10786
12779 2393 8059
2393 8059 12779
8059 2393 12779
6547 12165 14031
12165 6547 14031
14031 6547 12165
7827 6462 9656
6462 7827 9656
9656 6462 7827
3543 1841 2814
1841 2814 3543
2814 1841 3543
2999 11577 11857
11577 2999 11857
11857 2999 11577
11557 4319 9970
4319 9970 11557
9970 4319 11557
11469 5932 13609
5932 11469 13609
13609 5932 11469
8810 2680 14070
2680 8810 14070
14070 2680 8810
14432 9226 10195
9226 10195 14432
10195 9226 14432
4641 6291 10130
6291 4641 10130
10130 4641 6291
5066 2786 12262
12262 2786 5066
2786 5066 12262
258 5934 10083
5934 258 10083
10083 258 5934
2965 10110 10506
10110 2965 10506
10506 2965 10110
6049 9019 14209
9019 6049 14209
14209 6049 9019
5843 1671 2370
1671 2370 5843
2370 1671 5843
384 1001 3047
1001 384 3047
3047 384 1001
1432 2326 2668
2326 1432 2668
2668 1432 2326
14594 9500 12987
9500 12987 14594
12987 9500 14594
4027 2672 4340
2672 4027 4340
4340 2672 4027
11869 2518 4079
4079 2518 11869
2518 4079 11869
3979 12805 14621
12805 3979 14621
14621 3979 12805
1634 5514 7125
5514 1634 7125
7125 1634 5514
4372 7994 9177
7994 4372 9177
9177 4372 7994
3831 8394 11325
11325 3831 8394
8394 3831 11325
11022 5600 9408
5600 9408 11022
9408 5600 11022
9917 592 10513
592 9917 10513
10513 592 9917
13367 3350 12414
12414 3350 13367
3350 12414 13367
11075 9747 12754
12754 9747 11075
9747 11075 12754
10976 6664 13179
13179 6664 10976
6664 10976 13179
11830 13516 13863
13863 11830 13516
13516 11830 13863
14022 8553 10585
10585 8553 14022
8553 10585 14022
5703 2736 12609
12609 2736 5703
2736 5703 12609
431 13340 14028
14028 431 13340
13340 431 14028
1950 4709 11428
4709 1950 11428
11428 1950 4709
8365 3248 11987
3248 8365 11987
11987 3248 8365
10941 12868 14463
12868 10941 14463
14463 10941 12868
12040 9757 12249
12249 9757 12040
9757 12040 12249
10665 12352 14071
12352 10665 14071
14071 10665 12352
3476 2301 14263
14263 2301 3476
2301 3476 14263
3682 12311 14842
12311 3682 14842
14842 3682 12311
5441 8518 10623
8518 5441 10623
10623 5441 8518
1555 2208 6194
2208 1555 6194
6194 1555 2208
8638 6206 14174
6206 8638 14174
14174 6206 8638
13407 7498 8453
8453 7498 13407
7498 8453 13407
885 609 10837
10837 609 885
609 885 10837
6650 615 14953
14953 615 6650
615 6650 14953
11920 3483 11099
3483 11099 11920
11099 3483 11920
953 7897 13302
7897 953 13302
13302 953 7897
5261 3000 3507
3507 3000 5261
3000 3507 5261
3906 9123 10622
9123 3906 10622
10622 3906 9123
8117 5627 6158
6158 5627 8117
5627 6158 8117
2898 7257 10710
7257 2898 10710
10710 2898 7257
12482 12427 14662
14662 12427 12482
12427 12482 14662
5773 2007 7514
2007 5773 7514
7514 2007 5773
8119 1996 2039
1996 2039 8119
2039 1996 8119
1491 8724 12376
8724 1491 12376
12376 1491 8724
14736 10902 14996
14996 10902 14736
10902 14736 14996
13935 5954 9592
9592 5954 13935
5954 9592 13935
11629 859 13865
859 11629 13865
13865 859 11629
3122 8754 11824
11824 3122 8754
8754 3122 11824
6788 11796 12063
12063 6788 11796
11796 6788 12063
8000 1667 13473
1667 8000 13473
13473 1667 8000
2572 1154 12441
1154 2572 12441
12441 1154 2572
705 1064 5927
5927 705 1064
1064 705 5927
1251 8872 12842
12842 1251 8872
8872 1251 12842
534 8914 11071
8914 534 11071
11071 534 8914
5819 6524 9601
9601 5819 6524
6524 5819 9601
3567 5630 11435
11435 3567 5630
5630 3567 11435
4766 9178 14316
9178 4766 14316
14316 4766 9178
3195 231 11425
231 3195 11425
11425 231 3195
6222 2220 5905
2220 5905 6222
5905 2220 6222
10338 3402 13000
13000 3402 10338
3402 10338 13000
4014 10117 10739
10739 4014 10117
10117 4014 10739
13412 4317 5343
4317 5343 13412
5343 4317 13412
7683 2020 4677
2020 4677 7683
4677 2020 7683
9542 5376 11069
5376 9542 11069
11069 5376 9542
7576 2511 7516
2511 7516 7576
7516 2511 7576
10758 2278 9387
2278 9387 10758
9387 2278 10758
2685 2903 9640
2903 2685 9640
9640 2685 2903
3751 5295 5547
5295 3751 5547
5547 3751 5295
6404 6874 7628
6874 6404 7628
7628 6404 6874
13833 8340 11825
11825 8340 13833
8340 11825 13833
8865 4424 6151
4424 6151 8865
6151 4424 8865
8673 2288 5457
2288 5457 8673
5457 2288 8673
14885 7319 7958
7319 7958 14885
7958 7319 14885
9095 6325 11923
6325 9095 11923
11923 6325 9095
12890 3808 11740
3808 11740 12890
11740 3808 12890
10597 10928 14302
14302 10597 10928
10928 10597 14302
2713 10398 13639
10398 2713 13639
13639 2713 10398
2653 3539 6967
6967 2653 3539
3539 2653 6967
14900 6029 10376
6029 10376 14900
10376 6029 14900
2922 1306 3897
3897 1306 2922
1306 2922 3897
10881 3340 13878
3340 10881 13878
13878 3340 10881
2684 6328 8416
6328 2684 8416
8416 2684 6328
8894 4888 6177
6177 4888 8894
4888 6177 8894
11160 9367 10038
10038 9367 11160
9367 10038 11160
8074 9775 12743
12743 8074 9775
9775 8074 12743
5848 10437 11715
10437 5848 11715
11715 5848 10437
4914 6748 9490
9490 4914 6748
6748 4914 9490
9675 5851 14531
14531 5851 9675
5851 9675 14531
2650 2532 12422
12422 2532 2650
2532 2650 12422
7385 1982 10232
10232 1982 7385
1982 7385 10232
5358 3367 7891
7891 3367 5358
3367 5358 7891
7327 493 6997
6997 493 7327
493 6997 7327
8426 1718 11512
1718 8426 11512
11512 1718 8426
3226 2860 9583
9583 2860 3226
2860 3226 9583
3678 8038 8694
8694 3678 8038
8038 3678 8694
14838 6971 11517
6971 11517 14838
11517 6971 14838
3016 2027 3944
2027 3016 3944
3944 2027 3016
11064 6487 13417
6487 11064 13417
13417 6487 11064
2858 7320 11888
7320 2858 11888
11888 2858 7320
10010 6062 10424
6062 10010 10424
10424 6062 10010
9959 427 7336
7336 427 9959
427 7336 9959
4200 4069 9576
9576 4069 4200
4069 4200 9576
12597 2943 6185
2943 6185 12597
6185 2943 12597
10656 5880 9906
5880 9906 10656
9906 5880 10656
2179 11957 12798
12798 2179 11957
11957 2179 12798
5344 687 6491
6491 687 5344
687 5344 6491
12028 6538 7880
6538 7880 12028
7880 6538 12028
4881 6740 9525
9525 4881 6740
6740 4881 9525
7906 11529 14930
11529 7906 14930
14930 7906 11529
3115 3768 6277
3768 3115 6277
6277 3115 3768
11409 826 10119
826 10119 11409
10119 826 11409
8650 1697 8351
1697 8351 8650
8351 1697 8650
13680 3922 10465
10465 3922 13680
3922 10465 13680
7781 4842 7034
7034 4842 7781
4842 7034 7781
14451 891 7196
891 7196 14451
7196 891 14451
3935 13925 14294
14294 3935 13925
13925 3935 14294
3742 2336 10785
2336 3742 10785
10785 2336 3742
10617 8796 14906
8796 10617 14906
14906 8796 10617
1612 3845 7804
7804 1612 3845
3845 1612 7804
957 2611 4562
2611 957 4562
4562 957 2611
10040 5424 12469
12469 5424 10040
5424 10040 12469
13834 1520 5823
5823 1520 13834
1520 5823 13834
3301 5650 9232
9232 3301 5650
5650 3301 9232
5852 7670 12640
7670 5852 12640
12640 5852 7670
3720 8410 9214
8410 3720 9214
9214 3720 8410
10841 6535 12421
6535 10841 12421
12421 6535 10841
7506 7420 14171
7420 7506 14171
14171 7420 7506
5080 2467 3981
3981 2467 5080
2467 3981 5080
10446 6806 6910
6910 6806 10446
6806 6910 10446
12966 7230 11771
11771 7230 12966
7230 11771 12966
10546 2073 7295
2073 7295 10546
7295 2073 10546
12117 7914 10692
7914 10692 12117
10692 7914 12117
7278 2763 10921
10921 2763 7278
2763 7278 10921
8887 7696 7995
7696 7995 8887
7995 7696 8887
11879 2563 7050
7050 2563 11879
2563 7050 11879
9588 14275 14525
14525 9588 14275
14275 9588 14525
40 2242 9209
9209 40 2242
2242 40 9209
9651 8295 9662
9662 8295 9651
8295 9651 9662
5863 2075 7232
7232 2075 5863
2075 5863 7232
1419 2575 14556
14556 1419 2575
2575 1419 14556
8091 7042 10472
10472 7042 8091
7042 8091 10472
6340 2224 6225
6225 2224 6340
2224 6225 6340
13058 846 10129
