11537 125753 137223
137223 11537 125753
125753 11537 137223
24910 83719 89424
89424 24910 83719
83719 24910 89424
83783 21758 50254
50254 21758 83783
21758 50254 83783
89294 132107 134107
132107 89294 134107
134107 89294 132107
82149 5230 61483
5230 61483 82149
61483 5230 82149
127506 56003 68492
56003 68492 127506
68492 56003 127506
477 107763 114244
107763 477 114244
114244 477 107763
52154 90029 100111
90029 52154 100111
100111 52154 90029
28844 86806 99738
86806 28844 99738
99738 28844 86806
103326 66768 90564
90564 66768 103326
66768 90564 103326
16793 24438 25383
24438 16793 25383
25383 16793 24438
139645 124227 134411
124227 134411 139645
134411 124227 139645
124432 8841 122770
122770 8841 124432
8841 122770 124432
34318 128077 146415
146415 34318 128077
128077 34318 146415
122328 45719 93913
93913 45719 122328
45719 93913 122328
50387 4660 114423
114423 4660 50387
4660 50387 114423
49140 328 128753
328 49140 128753
128753 328 49140
71752 16153 42180
42180 16153 71752
16153 42180 71752
41668 74573 76224
74573 41668 76224
76224 41668 74573
10346 103683 143766
143766 10346 103683
103683 10346 143766
133064 34216 147265
147265 34216 133064
34216 133064 147265
131228 45448 46013
46013 45448 131228
45448 46013 131228
38700 65547 137633
65547 38700 137633
137633 38700 65547
87836 120418 123032
123032 87836 120418
120418 87836 123032
117533 16097 66458
66458 16097 117533
16097 66458 117533
76952 90582 128492
90582 76952 128492
128492 76952 90582
45065 35405 86120
86120 35405 45065
35405 45065 86120
43848 7481 134603
134603 7481 43848
7481 43848 134603
88895 49530 70457
49530 70457 88895
70457 49530 88895
10306 2626 138769
138769 2626 10306
2626 10306 138769
144151 11173 103369
103369 11173 144151
11173 103369 144151
28654 61593 79462
61593 28654 79462
79462 28654 61593
58980 37095 98735
98735 37095 58980
37095 58980 98735
131059 35806 105436
105436 35806 131059
35806 105436 131059
149133 111732 142658
111732 142658 149133
142658 111732 149133
86011 89175 127991
89175 86011 127991
127991 86011 89175
64334 65924 131493
131493 64334 65924
65924 64334 131493
104473 5640 149198
5640 104473 149198
149198 5640 104473
1873 98410 132481
132481 1873 98410
98410 1873 132481
85398 56112 149065
149065 56112 85398
56112 85398 149065
81403 47984 137155
47984 81403 137155
137155 47984 81403
52338 88597 124667
124667 52338 88597
88597 52338 124667
49436 31128 46486
31128 46486 49436
46486 31128 49436
24371 28771 36926
28771 24371 36926
36926 24371 28771
93110 39503 126427
126427 39503 93110
39503 93110 126427
123627 95283 105056
105056 95283 123627
95283 105056 123627
105825 41726 60136
41726 60136 105825
60136 41726 105825
37374 43217 116186
43217 37374 116186
116186 37374 43217
18310 18821 147878
147878 18310 18821
18821 18310 147878
130353 11517 100199
100199 11517 130353
11517 100199 130353
140653 137619 149591
149591 137619 140653
137619 140653 149591
134361 13824 56698
13824 56698 134361
56698 13824 134361
16671 93827 135110
135110 16671 93827
93827 16671 135110
12001 80372 107124
80372 12001 107124
107124 12001 80372
36301 57225 66091
57225 36301 66091
66091 36301 57225
119474 136488 142740
136488 119474 142740
142740 119474 136488
14221 13413 128878
13413 14221 128878
128878 13413 14221
111004 60370 98995
98995 60370 111004
60370 98995 111004
32153 56378 93482
56378 32153 93482
93482 32153 56378
3005 21593 46903
21593 3005 46903
46903 3005 21593
99379 45283 72963
72963 45283 99379
45283 72963 99379
97215 52901 140374
52901 97215 140374
140374 52901 97215
80417 12102 137352
137352 12102 80417
12102 80417 137352
49322 9905 144680
9905 49322 144680
144680 9905 49322
132699 128030 140422
128030 132699 140422
140422 128030 132699
124070 57076 96920
96920 57076 124070
57076 96920 124070
89447 57936 77938
57936 77938 89447
77938 57936 89447
19884 90412 144722
144722 19884 90412
90412 19884 144722
112255 134388 149741
149741 112255 134388
134388 112255 149741
54721 17021 47631
17021 47631 54721
47631 17021 54721
103701 74154 80988
80988 74154 103701
74154 80988 103701
5250 26537 34518
34518 5250 26537
26537 5250 34518
98926 107799 149865
107799 98926 149865
149865 98926 107799
100346 1863 54114
54114 1863 100346
1863 54114 100346
34635 50630 110238
110238 34635 50630
50630 34635 110238
126568 89394 106760
89394 106760 126568
106760 89394 126568
54181 10382 101756
101756 10382 54181
10382 54181 101756
18061 67188 73781
67188 18061 73781
73781 18061 67188
75937 111167 134196
134196 75937 111167
111167 75937 134196
78754 71618 132116
71618 78754 132116
132116 71618 78754
125081 11116 22119
22119 11116 125081
11116 22119 125081
122398 95057 132312
95057 122398 132312
132312 95057 122398
146232 132135 136808
132135 136808 146232
136808 132135 146232
37158 113963 142670
113963 37158 142670
142670 37158 113963
23799 8719 143415
8719 23799 143415
143415 8719 23799
17834 115222 121538
115222 17834 121538
121538 17834 115222
31357 101605 127107
101605 31357 127107
127107 31357 101605
5357 11246 112693
112693 5357 11246
11246 5357 112693
18499 112635 149487
149487 18499 112635
112635 18499 149487
129127 31018 64769
31018 64769 129127
64769 31018 129127
6155 51812 101226
101226 6155 51812
51812 6155 101226
17000 15758 98494
98494 15758 17000
15758 17000 98494
34770 106001 143189
143189 34770 106001
106001 34770 143189
107119 88620 136460
88620 107119 136460
136460 88620 107119
123812 12697 106607
106607 12697 123812
12697 106607 123812
82147 55419 117875
117875 55419 82147
55419 82147 117875
60347 36730 112427
36730 60347 112427
112427 36730 60347
65184 117526 121697
117526 65184 121697
121697 65184 117526
78523 37873 113409
113409 37873 78523
37873 78523 113409
54994 2000 101380
101380 2000 54994
2000 54994 101380
108502 30672 101489
30672 101489 108502
101489 30672 108502
89694 108414 109461
108414 89694 109461
109461 89694 108414
83947 134086 137697
134086 83947 137697
137697 83947 134086
3068 120132 122827
120132 3068 122827
122827 3068 120132
78883 66301 97949
97949 66301 78883
66301 78883 97949
64716 8472 89513
8472 64716 89513
89513 8472 64716
77607 5983 27275
27275 5983 77607
5983 27275 77607
36460 54373 126178
126178 36460 54373
54373 36460 126178
59656 2619 11907
11907 2619 59656
2619 11907 59656
147744 46845 129901
129901 46845 147744
46845 129901 147744
101637 75609 76596
75609 76596 101637
76596 75609 101637
140447 48632 74746
74746 48632 140447
48632 74746 140447
904 29376 58422
58422 904 29376
29376 904 58422
146729 47877 145952
47877 145952 146729
145952 47877 146729
137096 88379 99736
99736 88379 137096
88379 99736 137096
100152 47373 145142
145142 47373 100152
47373 100152 145142
80972 64513 76467
64513 76467 80972
76467 64513 80972
46843 47772 92533
92533 46843 47772
47772 46843 92533
92622 81848 116021
81848 92622 116021
116021 81848 92622
117821 13463 102996
102996 13463 117821
13463 102996 117821
130966 1357 136184
1357 130966 136184
136184 1357 130966
51542 13788 38363
38363 13788 51542
13788 38363 51542
119834 54843 66482
66482 54843 119834
54843 66482 119834
81812 30939 137649
30939 81812 137649
137649 30939 81812
87000 78138 114068
114068 78138 87000
78138 87000 114068
141734 27401 75088
27401 75088 141734
75088 27401 141734
71352 15018 105145
105145 15018 71352
15018 71352 105145
122456 125523 148127
148127 122456 125523
125523 122456 148127
100064 38906 67680
67680 38906 100064
38906 67680 100064
20254 109025 112488
112488 20254 109025
109025 20254 112488
123228 11107 138955
11107 123228 138955
138955 11107 123228
17928 15623 114850
15623 17928 114850
114850 15623 17928
4346 58021 86686
86686 4346 58021
58021 4346 86686
33314 3508 128013
3508 33314 128013
128013 3508 33314
99294 79351 113537
79351 99294 113537
113537 79351 99294
31459 87460 123878
123878 31459 87460
87460 31459 123878
117374 76476 141395
76476 117374 141395
141395 76476 117374
24021 55209 103396
55209 24021 103396
103396 24021 55209
133837 27120 125325
125325 27120 133837
27120 125325 133837
110869 12381 52378
52378 12381 110869
12381 52378 110869
65068 92317 133398
92317 65068 133398
133398 65068 92317
122502 64511 93598
64511 93598 122502
93598 64511 122502
86885 58776 66751
66751 58776 86885
58776 66751 86885
83479 52679 98764
52679 83479 98764
98764 52679 83479
107032 26643 113211
26643 107032 113211
113211 26643 107032
124202 62535 82966
82966 62535 124202
62535 82966 124202
96575 41915 72964
72964 41915 96575
41915 72964 96575
17370 15805 79602
79602 15805 17370
15805 17370 79602
140070 66546 113100
66546 113100 140070
113100 66546 140070
81799 65452 82401
82401 65452 81799
65452 81799 82401
50319 20151 94564
94564 20151 50319
20151 50319 94564
93930 54179 56385
54179 56385 93930
56385 54179 93930
114164 78874 82158
82158 78874 114164
78874 82158 114164
8933 123974 130837
123974 8933 130837
130837 8933 123974
135233 38434 128938
38434 128938 135233
128938 38434 135233
86401 90862 121003
90862 86401 121003
121003 86401 90862
67001 19106 85664
85664 19106 67001
19106 67001 85664
82162 50417 127397
127397 50417 82162
50417 82162 127397
98843 97562 132265
97562 98843 132265
132265 97562 98843
35058 105513 144264
144264 35058 105513
105513 35058 144264
2970 77114 128531
128531 2970 77114
77114 2970 128531
112672 37821 113848
37821 112672 113848
113848 37821 112672
93917 89455 117416
89455 93917 117416
117416 89455 93917
39690 21260 28190
21260 28190 39690
28190 21260 39690
115260 48283 101361
101361 48283 115260
48283 101361 115260
87262 20518 79564
79564 20518 87262
20518 79564 87262
80718 39414 147834
147834 39414 80718
39414 80718 147834
66559 36965 101672
101672 36965 66559
36965 66559 101672
56917 75377 111301
111301 56917 75377
75377 56917 111301
2580 76885 102106
102106 2580 76885
76885 2580 102106
133366 47598 98240
47598 98240 133366
98240 47598 133366
25286 118175 119645
118175 25286 119645
119645 25286 118175
131922 15214 114780
15214 114780 131922
114780 15214 131922
13150 95344 136574
136574 13150 95344
95344 13150 136574
133886 56469 76394
56469 76394 133886
76394 56469 133886
53025 18835 49279
49279 18835 53025
18835 49279 53025
10376 19326 49691
19326 10376 49691
49691 10376 19326
35295 108999 138470
138470 35295 108999
108999 35295 138470
100835 62977 63120
62977 63120 100835
63120 62977 100835
87281 46149 128440
46149 87281 128440
128440 46149 87281
51150 72543 82039
72543 51150 82039
82039 51150 72543
112357 108983 147176
147176 108983 112357
108983 112357 147176
144138 93396 132809
93396 132809 144138
132809 93396 144138
85549 103686 122686
122686 85549 103686
103686 85549 122686
132755 38473 81207
81207 38473 132755
38473 81207 132755
132356 54560 103188
54560 103188 132356
103188 54560 132356
19441 63832 131656
63832 19441 131656
131656 19441 63832
102627 28477 67942
67942 28477 102627
28477 67942 102627
141155 84553 107922
107922 84553 141155
84553 107922 141155
56212 98291 140663
98291 56212 140663
140663 56212 98291
130360 82713 112424
112424 82713 130360
82713 112424 130360
11982 48692 108356
48692 11982 108356
108356 11982 48692
54260 69874 146885
69874 54260 146885
146885 54260 69874
21557 82497 148660
148660 21557 82497
82497 21557 148660
79586 42813 85218
85218 42813 79586
42813 79586 85218
5542 10744 144942
144942 5542 10744
10744 5542 144942
56964 56867 116955
116955 56867 56964
56867 56964 116955
110831 64033 124742
124742 64033 110831
64033 110831 124742
52649 42453 86902
86902 42453 52649
42453 52649 86902
51686 65371 138912
65371 51686 138912
138912 51686 65371
122487 65882 70619
65882 70619 122487
70619 65882 122487
122935 9521 121686
121686 9521 122935
9521 121686 122935
142426 23649 34642
23649 34642 142426
34642 23649 142426
130233 60753 133800
133800 60753 130233
60753 130233 133800
77959 67846 120998
120998 67846 77959
67846 77959 120998
34160 88916 116759
88916 34160 116759
116759 34160 88916
27784 55439 138366
138366 27784 55439
55439 27784 138366
13601 126997 145301
145301 13601 126997
126997 13601 145301
60507 93648 117125
117125 60507 93648
93648 60507 117125
162 52944 135804
52944 162 135804
135804 162 52944
105034 44583 136289
136289 44583 105034
44583 105034 136289
55656 95537 95625
95537 55656 95625
95625 55656 95537
104511 13681 96475
13681 96475 104511
96475 13681 104511
138954 119430 137871
119430 137871 138954
137871 119430 138954
4420 52558 86082
52558 4420 86082
86082 4420 52558
118557 40067 96997
96997 40067 118557
40067 96997 118557
88421 21650 95418
21650 88421 95418
95418 21650 88421
78486 89040 139720
89040 78486 139720
139720 78486 89040
23165 38584 41769
41769 23165 38584
38584 23165 41769
7131 18773 68957
18773 7131 68957
68957 7131 18773
114841 42069 81437
81437 42069 114841
42069 81437 114841
19305 14808 27806
27806 14808 19305
14808 19305 27806
141408 11487 114102
11487 114102 141408
114102 11487 141408
59618 112762 148393
148393 59618 112762
112762 59618 148393
135124 123431 135281
123431 135124 135281
135281 123431 135124
147011 56322 70051
70051 56322 147011
56322 70051 147011
159 52791 129958
52791 159 129958
129958 159 52791
127805 4908 61137
61137 4908 127805
4908 61137 127805
145836 67368 107097
107097 67368 145836
67368 107097 145836
129123 60687 73002
60687 73002 129123
73002 60687 129123
95255 118771 142021
142021 95255 118771
118771 95255 142021
112075 26414 85075
26414 85075 112075
85075 26414 112075
77803 7649 84500
7649 77803 84500
84500 7649 77803
58456 111253 131073
131073 58456 111253
111253 58456 131073
111269 2205 20322
20322 2205 111269
2205 20322 111269
5783 67735 126207
126207 5783 67735
67735 5783 126207
86195 72560 72647
72647 72560 86195
72560 72647 86195
134762 66788 117874
117874 66788 134762
66788 117874 134762
9515 73962 85726
85726 9515 73962
73962 9515 85726
9950 92014 145668
145668 9950 92014
92014 9950 145668
57784 29651 142046
29651 57784 142046
142046 29651 57784
5919 73804 113629
113629 5919 73804
73804 5919 113629
59740 289 139136
139136 289 59740
289 59740 139136
102214 5817 88507
5817 88507 102214
88507 5817 102214
6251 44663 44982
44663 6251 44982
44982 6251 44663
75251 25467 143064
143064 25467 75251
25467 75251 143064
108332 6748 117753
117753 6748 108332
6748 108332 117753
99041 22923 28319
22923 28319 99041
28319 22923 99041
92742 54584 60279
60279 54584 92742
54584 60279 92742
126067 137506 146541
146541 126067 137506
137506 126067 146541
54442 107769 109939
107769 54442 109939
109939 54442 107769
46636 3972 24063
24063 3972 46636
3972 24063 46636
73689 9978 48872
9978 48872 73689
48872 9978 73689
1346 66677 115960
66677 1346 115960
115960 1346 66677
124391 57241 101406
101406 57241 124391
57241 101406 124391
23819 29791 106041
106041 23819 29791
29791 23819 106041
65139 40180 94336
40180 65139 94336
94336 40180 65139
119525 91206 131286
91206 119525 131286
131286 91206 119525
49984 26048 145718
26048 49984 145718
145718 26048 49984
30563 9046 69483
69483 9046 30563
9046 30563 69483
72723 3061 13409
3061 13409 72723
13409 3061 72723
109283 79681 104196
79681 104196 109283
104196 79681 109283
22583 92052 115338
92052 22583 115338
115338 22583 92052
16617 13981 86056
13981 16617 86056
86056 13981 16617
143154 43086 140432
43086 140432 143154
140432 43086 143154
109155 15167 113736
15167 109155 113736
113736 15167 109155
117361 66361 138368
138368 66361 117361
66361 117361 138368
71804 101401 129157
129157 71804 101401
101401 71804 129157
93614 20767 31893
31893 20767 93614
20767 31893 93614
108464 32990 60618
32990 60618 108464
60618 32990 108464
52264 24751 129463
129463 24751 52264
24751 52264 129463
86457 21155 77771
21155 77771 86457
77771 21155 86457
92509 42798 115276
42798 92509 115276
115276 42798 92509
98564 45047 65789
45047 65789 98564
65789 45047 98564
83181 7817 106575
106575 7817 83181
7817 83181 106575
13494 1162 18204
18204 1162 13494
1162 13494 18204
32426 47299 64210
47299 32426 64210
64210 32426 47299
132327 31106 126487
126487 31106 132327
31106 126487 132327
17738 40471 122644
40471 17738 122644
122644 17738 40471
88985 7363 70823
70823 7363 88985
7363 70823 88985
106241 64216 101779
101779 64216 106241
64216 101779 106241
72155 49767 83039
83039 49767 72155
49767 72155 83039
81564 43581 118561
43581 81564 118561
118561 43581 81564
121473 7289 133256
7289 121473 133256
133256 7289 121473
36597 130222 149316
130222 36597 149316
149316 36597 130222
8527 567 138562
567 8527 138562
138562 567 8527
10990 84388 139065
84388 10990 139065
139065 10990 84388
66016 70921 96672
96672 66016 70921
70921 66016 96672
66087 35026 42255
35026 42255 66087
42255 35026 66087
138273 23223 141379
23223 138273 141379
141379 23223 138273
29348 19089 88520
19089 29348 88520
88520 19089 29348
64963 125075 134087
125075 64963 134087
134087 64963 125075
127478 41367 90041
41367 90041 127478
90041 41367 127478
110497 62031 89988
62031 89988 110497
89988 62031 110497
107384 37889 113599
113599 37889 107384
37889 107384 113599
84687 115120 124142
115120 84687 124142
124142 84687 115120
77732 52680 59948
52680 59948 77732
59948 52680 77732
51797 2948 26593
26593 2948 51797
2948 26593 51797
131038 30445 68010
30445 68010 131038
68010 30445 131038
114543 14556 79230
14556 79230 114543
79230 14556 114543
13920 17083 86465
86465 13920 17083
17083 13920 86465
111358 83566 88958
88958 83566 111358
83566 88958 111358
48817 57152 140514
57152 48817 140514
140514 48817 57152
48409 37403 117544
37403 48409 117544
117544 37403 48409
41370 62768 124862
124862 41370 62768
62768 41370 124862
126089 99316 143398
143398 99316 126089
99316 126089 143398
10791 91648 128225
128225 10791 91648
91648 10791 128225
43552 700 15697
15697 700 43552
700 15697 43552
6075 30678 107273
107273 6075 30678
30678 6075 107273
59421 48096 106482
106482 48096 59421
48096 59421 106482
94308 15833 17619
17619 15833 94308
15833 17619 94308
56354 85271 99003
99003 56354 85271
85271 56354 99003
86742 108386 127930
127930 86742 108386
108386 86742 127930
51969 53671 107195
107195 51969 53671
53671 51969 107195
7331 55039 72984
55039 7331 72984
72984 7331 55039
14272 60424 87426
60424 14272 87426
87426 14272 60424
136925 64510 74874
64510 74874 136925
74874 64510 136925
81575 97203 114345
114345 81575 97203
97203 81575 114345
59530 134123 144354
134123 59530 144354
144354 59530 134123
113429 135049 147931
147931 113429 135049
135049 113429 147931
3547 89149 129967
129967 3547 89149
89149 3547 129967
25260 42419 48203
42419 25260 48203
48203 25260 42419
146319 57715 110317
110317 57715 146319
57715 110317 146319
138621 70243 146022
70243 138621 146022
146022 70243 138621
43480 5364 59176
59176 5364 43480
5364 43480 59176
72451 61033 139563
139563 61033 72451
61033 72451 139563
47590 37990 120700
120700 37990 47590
37990 47590 120700
142970 8427 112747
112747 8427 142970
8427 112747 142970
12153 39298 45697
45697 12153 39298
39298 12153 45697
99308 52251 136540
136540 52251 99308
52251 99308 136540
111662 27949 101698
27949 101698 111662
101698 27949 111662
100108 87614 135762
87614 100108 135762
135762 87614 100108
131545 35696 143359
35696 131545 143359
143359 35696 131545
101586 4558 145180
4558 101586 145180
145180 4558 101586
106944 101749 113628
101749 106944 113628
113628 101749 106944
84075 1648 72069
1648 72069 84075
72069 1648 84075
114619 2072 29697
2072 29697 114619
29697 2072 114619
140008 72273 82257
72273 82257 140008
82257 72273 140008
108344 75842 143252
143252 75842 108344
75842 108344 143252
25414 11648 19801
19801 11648 25414
11648 19801 25414
142368 109961 146718
109961 142368 146718
146718 109961 142368
19081 48900 100685
48900 19081 100685
100685 19081 48900
22238 16543 125715
16543 22238 125715
125715 16543 22238
10549 48136 88550
88550 10549 48136
48136 10549 88550
65710 43418 103421
103421 43418 65710
43418 65710 103421
11216 56258 97269
56258 11216 97269
97269 11216 56258
139986 6001 33739
6001 33739 139986
33739 6001 139986
13549 18985 39731
18985 13549 39731
39731 13549 18985
147707 62080 95570
95570 62080 147707
62080 95570 147707
55714 10258 84803
84803 10258 55714
10258 55714 84803
149903 88222 118135
118135 88222 149903
88222 118135 149903
31264 15817 79220
15817 31264 79220
79220 15817 31264
39621 9109 23640
23640 9109 39621
9109 23640 39621
104197 110693 149045
110693 104197 149045
149045 104197 110693
89326 52386 86917
86917 52386 89326
52386 86917 89326
7299 11174 45260
45260 7299 11174
11174 7299 45260
52702 88002 124248
88002 52702 124248
124248 52702 88002
38986 81519 89438
89438 38986 81519
81519 38986 89438
40702 31247 51330
31247 40702 51330
51330 31247 40702
17580 41410 139399
139399 17580 41410
41410 17580 139399
134905 36150 91058
91058 36150 134905
36150 91058 134905
21458 22330 54010
22330 21458 54010
54010 21458 22330
132283 655 16102
16102 655 132283
655 16102 132283
15875 53801 115507
53801 15875 115507
115507 15875 53801
108218 975 1761
975 1761 108218
1761 975 108218
123847 22779 126533
126533 22779 123847
22779 123847 126533
113764 64246 132178
64246 113764 132178
132178 64246 113764
10675 103010 130480
130480 10675 103010
103010 10675 130480
117270 12761 119251
12761 117270 119251
119251 12761 117270
26749 73392 75195
75195 26749 73392
73392 26749 75195
137106 8507 33010
8507 33010 137106
33010 8507 137106
52388 3759 49211
49211 3759 52388
3759 49211 52388
99207 1286 45309
1286 45309 99207
45309 1286 99207
29624 76834 114658
114658 29624 76834
76834 29624 114658
104825 113462 120368
120368 104825 113462
113462 104825 120368
2870 89655 120803
89655 2870 120803
120803 2870 89655
62674 39583 41020
39583 41020 62674
41020 39583 62674
148877 28399 148610
148610 28399 148877
28399 148610 148877
117015 10856 79306
10856 79306 117015
79306 10856 117015
75194 5760 85481
85481 5760 75194
5760 75194 85481
76630 30501 119148
119148 30501 76630
30501 76630 119148
9411 117267 141469
117267 9411 141469
141469 9411 117267
135573 10720 109394
109394 10720 135573
10720 109394 135573
39202 34587 81934
81934 34587 39202
34587 39202 81934
6004 4822 121723
4822 6004 121723
121723 4822 6004
34139 72597 139660
72597 34139 139660
139660 34139 72597
97922 20496 148929
148929 20496 97922
20496 97922 148929
9796 36688 82259
36688 9796 82259
82259 9796 36688
52933 28918 109131
28918 52933 109131
109131 28918 52933
55520 115863 116836
116836 55520 115863
115863 55520 116836
78593 64193 75361
75361 64193 78593
64193 75361 78593
67851 37482 51014
51014 37482 67851
37482 51014 67851
111142 1332 115752
115752 1332 111142
1332 111142 115752
102019 98669 111178
98669 102019 111178
111178 98669 102019
55559 42114 54930
54930 42114 55559
42114 54930 55559
75676 57798 106129
106129 57798 75676
57798 75676 106129
92714 14794 147804
147804 14794 92714
14794 92714 147804
86178 40739 96502
96502 40739 86178
40739 86178 96502
34594 15639 95812
15639 34594 95812
95812 15639 34594
47365 47837 113162
113162 47365 47837
47837 47365 113162
52419 17122 113293
113293 17122 52419
17122 52419 113293
74387 13000 64112
13000 64112 74387
64112 13000 74387
65140 60551 145442
145442 60551 65140
60551 65140 145442
7880 39838 86097
39838 7880 86097
86097 7880 39838
119447 14631 80492
80492 14631 119447
14631 80492 119447
148874 42208 141754
42208 141754 148874
141754 42208 148874
73795 95147 148123
148123 73795 95147
95147 73795 148123
149573 88336 138141
138141 88336 149573
88336 138141 149573
95310 72125 111383
72125 95310 111383
111383 72125 95310
43656 59074 126814
126814 43656 59074
59074 43656 126814
68153 95489 134668
134668 68153 95489
95489 68153 134668
115379 30371 73211
73211 30371 115379
30371 73211 115379
148357 135029 135835
135835 135029 148357
135029 135835 148357
134707 57434 62324
57434 62324 134707
62324 57434 134707
28681 61388 140381
140381 28681 61388
61388 28681 140381
149026 65208 69358
65208 69358 149026
69358 65208 149026
45344 26235 48481
48481 26235 45344
26235 45344 48481
40846 100564 144624
144624 40846 100564
100564 40846 144624
133713 131963 145438
145438 131963 133713
131963 133713 145438
4559 45886 100924
100924 4559 45886
45886 4559 100924
34330 62094 87225
62094 34330 87225
87225 34330 62094
102120 7023 129869
129869 7023 102120
7023 102120 129869
138027 129999 133118
129999 133118 138027
133118 129999 138027
58512 32327 82319
82319 32327 58512
32327 58512 82319
123548 79626 91545
91545 79626 123548
79626 91545 123548
31915 6772 29302
29302 6772 31915
6772 29302 31915
98692 21958 71286
21958 71286 98692
71286 21958 98692
37769 32523 53395
53395 32523 37769
32523 37769 53395
349 89421 97349
89421 349 97349
97349 349 89421
106503 55942 142941
142941 55942 106503
55942 106503 142941
112598 13251 134193
134193 13251 112598
13251 112598 134193
11913 83532 148234
148234 11913 83532
83532 11913 148234
123099 5374 127954
5374 123099 127954
127954 5374 123099
131341 25357 106883
106883 25357 131341
25357 106883 131341
99534 129943 131284
129943 99534 131284
131284 99534 129943
50947 4547 138395
4547 50947 138395
138395 4547 50947
18417 29009 70173
70173 18417 29009
29009 18417 70173
101759 7475 62175
62175 7475 101759
7475 62175 101759
147841 27092 94280
27092 94280 147841
94280 27092 147841
117862 11955 90957
90957 11955 117862
11955 90957 117862
140691 72608 132459
72608 132459 140691
132459 72608 140691
69928 126689 130459
130459 69928 126689
126689 69928 130459
43358 88535 149152
149152 43358 88535
88535 43358 149152
27215 92244 126925
126925 27215 92244
92244 27215 126925
51704 57322 118165
57322 51704 118165
118165 51704 57322
126876 41742 119291
41742 119291 126876
119291 41742 126876
39083 53654 136698
53654 39083 136698
136698 39083 53654
116119 7071 66548
66548 7071 116119
7071 66548 116119
136766 70341 106833
106833 70341 136766
70341 106833 136766
76264 134445 147973
134445 76264 147973
147973 76264 134445
30135 34766 52860
52860 30135 34766
34766 30135 52860
48569 45974 91322
45974 48569 91322
91322 45974 48569
140437 47595 51308
51308 47595 140437
47595 51308 140437
39540 99831 132384
132384 39540 99831
99831 39540 132384
131084 17351 52877
17351 52877 131084
52877 17351 131084
59782 73245 96642
96642 59782 73245
73245 59782 96642
79506 106094 130625
106094 79506 130625
130625 79506 106094
82427 94447 105768
105768 82427 94447
94447 82427 105768
117742 40124 116804
40124 116804 117742
116804 40124 117742
100912 102471 145314
145314 100912 102471
102471 100912 145314
19627 30867 73039
30867 19627 73039
73039 19627 30867
127411 28562 128088
128088 28562 127411
28562 127411 128088
97800 9021 141042
9021 97800 141042
141042 9021 97800
79033 46289 65861
65861 46289 79033
46289 65861 79033
137177 93875 127798
93875 127798 137177
127798 93875 137177
25552 58686 82316
82316 25552 58686
58686 25552 82316
129882 40788 138272
138272 40788 129882
40788 129882 138272
7295 30590 42149
42149 7295 30590
30590 7295 42149
147032 30778 47020
47020 30778 147032
30778 47020 147032
76404 5497 87451
5497 76404 87451
87451 5497 76404
140900 114539 149121
149121 114539 140900
114539 140900 149121
147375 43678 68548
68548 43678 147375
43678 68548 147375
129363 32919 61874
61874 32919 129363
32919 61874 129363
25802 46039 55024
46039 25802 55024
55024 25802 46039
43110 93438 94727
93438 43110 94727
94727 43110 93438
35459 98436 149569
98436 35459 149569
149569 35459 98436
135863 5245 145013
145013 5245 135863
5245 135863 145013
70836 114731 117792
114731 70836 117792
117792 70836 114731
70588 40709 143380
143380 40709 70588
40709 70588 143380
3846 97845 117341
97845 3846 117341
117341 3846 97845
5319 19098 125512
125512 5319 19098
19098 5319 125512
13980 48835 110085
110085 13980 48835
48835 13980 110085
130449 6828 11081
11081 6828 130449
6828 11081 130449
72666 48903 113610
48903 72666 113610
113610 48903 72666
71307 45264 58946
58946 45264 71307
45264 58946 71307
22497 75769 124088
124088 22497 75769
75769 22497 124088
67551 40618 74620
74620 40618 67551
40618 67551 74620
103164 28816 90652
28816 90652 103164
90652 28816 103164
62890 90540 146013
146013 62890 90540
90540 62890 146013
104292 40567 122357
122357 40567 104292
40567 104292 122357
144415 100611 100915
100915 100611 144415
100611 100915 144415
61977 5569 60319
5569 60319 61977
60319 5569 61977
102302 63125 63192
63125 63192 102302
63192 63125 102302
110745 87908 128553
87908 110745 128553
128553 87908 110745
108289 99968 139744
139744 99968 108289
99968 108289 139744
135058 90921 114281
114281 90921 135058
90921 114281 135058
110817 34152 92889
92889 34152 110817
34152 92889 110817
107863 64895 143034
143034 64895 107863
64895 107863 143034
126960 34625 58874
34625 58874 126960
58874 34625 126960
97793 26395 140513
26395 97793 140513
140513 26395 97793
121063 57320 119682
119682 57320 121063
57320 119682 121063
37856 25874 85227
25874 37856 85227
85227 25874 37856
104047 587 12532
587 12532 104047
12532 587 104047
75434 48823 68475
48823 68475 75434
68475 48823 75434
91035 75532 127626
127626 75532 91035
75532 91035 127626
146382 84451 126831
126831 84451 146382
84451 126831 146382
38572 93154 126302
126302 38572 93154
93154 38572 126302
58499 12808 123046
123046 12808 58499
12808 58499 123046
90569 12496 16265
12496 16265 90569
16265 12496 90569
36115 34881 92777
92777 34881 36115
34881 36115 92777
130832 30304 137128
30304 130832 137128
137128 30304 130832
136512 61538 104478
104478 61538 136512
61538 104478 136512
122677 115895 132130
115895 122677 132130
132130 115895 122677
36037 22412 56423
22412 36037 56423
56423 22412 36037
108069 2379 117598
2379 108069 117598
117598 2379 108069
74499 8760 117601
8760 74499 117601
117601 8760 74499
54462 53061 115716
53061 54462 115716
115716 53061 54462
66613 91421 120795
91421 66613 120795
120795 66613 91421
32126 30661 147525
30661 32126 147525
147525 30661 32126
11098 22876 118312
22876 11098 118312
118312 11098 22876
68978 89441 118574
89441 68978 118574
118574 68978 89441
140464 68560 130576
130576 68560 140464
68560 130576 140464
91578 19599 70526
70526 19599 91578
19599 70526 91578
74931 98518 135213
135213 74931 98518
98518 74931 135213
142266 11828 90334
90334 11828 142266
11828 90334 142266
129595 87266 119163
87266 119163 129595
119163 87266 129595
81098 21490 49287
49287 21490 81098
21490 49287 81098
66234 15239 69032
15239 66234 69032
69032 15239 66234
145593 22072 65838
22072 65838 145593
65838 22072 145593
25133 26919 46444
46444 25133 26919
26919 25133 46444
26902 59505 102629
59505 26902 102629
102629 26902 59505
15760 6283 146655
6283 15760 146655
146655 6283 15760
67918 47965 123281
123281 47965 67918
47965 67918 123281
87099 101601 105100
105100 87099 101601
101601 87099 105100
89538 1973 116537
116537 1973 89538
1973 89538 116537
123965 12573 72923
12573 72923 123965
72923 12573 123965
46151 25519 66961
25519 46151 66961
66961 25519 46151
50321 94456 96898
96898 50321 94456
94456 50321 96898
36673 22888 110928
22888 36673 110928
110928 22888 36673
131720 54905 128284
54905 128284 131720
128284 54905 131720
8927 38093 48263
48263 8927 38093
38093 8927 48263
31439 45127 92706
45127 31439 92706
92706 31439 45127
35633 29595 62302
29595 35633 62302
62302 29595 35633
146763 21473 102201
21473 102201 146763
102201 21473 146763
59506 34437 57782
34437 57782 59506
57782 34437 59506
97993 96386 127163
96386 97993 127163
127163 96386 97993
78310 2671 144696
144696 2671 78310
2671 78310 144696
134134 51134 142082
142082 51134 134134
51134 134134 142082
38168 56046 65028
56046 38168 65028
65028 38168 56046
30246 22898 73493
73493 22898 30246
22898 30246 73493
42601 112041 115814
112041 42601 115814
115814 42601 112041
109871 1855 148646
1855 109871 148646
148646 1855 109871
118526 6662 61731
61731 6662 118526
6662 61731 118526
19877 6057 15342
6057 15342 19877
15342 6057 19877
124024 13527 136044
13527 124024 136044
136044 13527 124024
61557 43612 79431
43612 61557 79431
79431 43612 61557
66217 481 9574
481 9574 66217
9574 481 66217
91056 66239 129377
66239 91056 129377
129377 66239 91056
129554 88582 125694
88582 125694 129554
125694 88582 129554
103236 49484 126303
126303 49484 103236
49484 103236 126303
56414 34503 141020
141020 34503 56414
34503 56414 141020
41935 11825 25919
25919 11825 41935
11825 25919 41935
46170 887 140077
140077 887 46170
887 46170 140077
27303 69674 116307
116307 27303 69674
69674 27303 116307
128534 17332 87283
17332 87283 128534
87283 17332 128534
146446 10537 105242
105242 10537 146446
10537 105242 146446
142132 5377 121590
121590 5377 142132
5377 121590 142132
16403 38327 140258
38327 16403 140258
140258 16403 38327
7114 108968 130103
130103 7114 108968
108968 7114 130103
139362 66286 77559
66286 77559 139362
77559 66286 139362
35016 20829 97312
20829 35016 97312
97312 20829 35016
139535 89150 138150
89150 138150 139535
138150 89150 139535
147938 28471 40337
28471 40337 147938
40337 28471 147938
133188 52424 96579
52424 96579 133188
96579 52424 133188
77111 38128 107713
107713 38128 77111
38128 77111 107713
76753 27044 90744
90744 27044 76753
27044 76753 90744
738 66851 69484
66851 738 69484
69484 738 66851
56286 53067 64866
53067 56286 64866
64866 53067 56286
144171 43458 89736
89736 43458 144171
43458 89736 144171
90939 55261 82772
82772 55261 90939
55261 82772 90939
148786 57268 137501
137501 57268 148786
57268 137501 148786
143920 37062 95028
37062 95028 143920
95028 37062 143920
57242 24380 89096
89096 24380 57242
24380 57242 89096
25963 62428 93455
62428 25963 93455
93455 25963 62428
94826 28108 83705
28108 83705 94826
83705 28108 94826
132801 54356 142383
142383 54356 132801
54356 132801 142383
100547 4545 55364
4545 55364 100547
55364 4545 100547
22524 129944 148220
129944 22524 148220
148220 22524 129944
23963 92762 119315
119315 23963 92762
92762 23963 119315
74389 15822 75951
75951 15822 74389
15822 74389 75951
41942 11717 58245
11717 41942 58245
58245 11717 41942
128343 53007 80922
53007 80922 128343
80922 53007 128343
90731 41225 148943
41225 90731 148943
148943 41225 90731
49336 73662 136539
136539 49336 73662
73662 49336 136539
109704 18138 75225
75225 18138 109704
18138 75225 109704
119808 77826 88420
77826 88420 119808
88420 77826 119808
96779 122858 136022
136022 96779 122858
122858 96779 136022
9376 6276 79844
6276 9376 79844
79844 6276 9376
57931 62204 124103
62204 57931 124103
124103 57931 62204
62367 8940 79698
79698 8940 62367
8940 62367 79698
35677 15276 77618
77618 15276 35677
15276 35677 77618
3054 32537 147905
147905 3054 32537
32537 3054 147905
146085 59711 108660
108660 59711 146085
59711 108660 146085
147821 39806 68011
68011 39806 147821
39806 68011 147821
42196 79483 126722
126722 42196 79483
79483 42196 126722
84877 50907 121141
50907 84877 121141
121141 50907 84877
50296 27573 107318
27573 50296 107318
107318 27573 50296
132607 3154 36475
36475 3154 132607
3154 36475 132607
23158 2554 40275
2554 23158 40275
40275 2554 23158
130792 67653 73317
67653 73317 130792
73317 67653 130792
8178 140115 149331
149331 8178 140115
140115 8178 149331
58616 20580 54749
20580 54749 58616
54749 20580 58616
102050 74852 100449
100449 74852 102050
74852 100449 102050
100443 23582 45828
45828 23582 100443
23582 45828 100443
42113 108538 129356
129356 42113 108538
108538 42113 129356
129071 102748 148853
148853 102748 129071
102748 129071 148853
30428 79154 117859
79154 30428 117859
117859 30428 79154
142100 616 148734
616 142100 148734
148734 616 142100
42666 94106 105528
105528 42666 94106
94106 42666 105528
131925 61194 76621
61194 76621 131925
76621 61194 131925
58260 17444 74015
17444 58260 74015
74015 17444 58260
82970 89548 104961
89548 82970 104961
104961 82970 89548
143736 17609 120500
17609 120500 143736
120500 17609 143736
117187 6511 49382
6511 49382 117187
49382 6511 117187
35750 7233 103363
7233 35750 103363
103363 7233 35750
128985 73622 76861
76861 73622 128985
73622 76861 128985
101055 23087 78209
78209 23087 101055
23087 78209 101055
16438 79343 141981
141981 16438 79343
79343 16438 141981
51436 77742 99040
99040 51436 77742
77742 51436 99040
88430 21204 139845
21204 88430 139845
139845 21204 88430
51208 47476 104036
47476 51208 104036
104036 47476 51208
111990 98136 127038
127038 98136 111990
98136 111990 127038
94871 52425 144524
144524 52425 94871
52425 94871 144524
25913 72985 142675
142675 25913 72985
72985 25913 142675
59833 1216 106844
1216 59833 106844
106844 1216 59833
55848 25400 56968
56968 25400 55848
25400 55848 56968
69088 6237 56998
6237 56998 69088
56998 6237 69088
5956 35258 102173
35258 5956 102173
102173 5956 35258
51435 37432 142435
37432 51435 142435
142435 37432 51435
78275 9161 51064
51064 9161 78275
9161 51064 78275
28848 43395 46601
46601 28848 43395
43395 28848 46601
26878 50921 112926
50921 26878 112926
112926 26878 50921
47267 7912 12183
7912 12183 47267
12183 7912 47267
54792 75905 121161
75905 54792 121161
121161 54792 75905
16893 45543 135067
45543 16893 135067
135067 16893 45543
106672 110622 129588
110622 106672 129588
129588 106672 110622
75067 122163 131979
131979 75067 122163
122163 75067 131979
30153 50356 102785
102785 30153 50356
50356 30153 102785
131039 3856 145125
3856 131039 145125
145125 3856 131039
135754 32718 95019
32718 95019 135754
95019 32718 135754
110482 53106 89982
53106 89982 110482
89982 53106 110482
141947 136238 137390
136238 137390 141947
137390 136238 141947
102899 78162 115003
78162 102899 115003
115003 78162 102899
22303 38765 52976
38765 22303 52976
52976 22303 38765
38889 6840 12601
6840 12601 38889
12601 6840 38889
39868 7851 133412
133412 7851 39868
7851 39868 133412
103950 11195 45075
11195 45075 103950
45075 11195 103950
42293 30822 102907
102907 30822 42293
30822 42293 102907
140170 15598 74519
15598 74519 140170
74519 15598 140170
19742 79207 127011
79207 19742 127011
127011 19742 79207
103678 38565 93504
93504 38565 103678
38565 93504 103678
26122 98173 126424
98173 26122 126424
126424 26122 98173
49433 17191 129406
129406 17191 49433
17191 49433 129406
87115 18452 145875
18452 87115 145875
145875 18452 87115
4687 14741 94321
94321 4687 14741
14741 4687 94321
146534 40611 42938
40611 42938 146534
42938 40611 146534
87129 85547 127771
85547 87129 127771
127771 85547 87129
131477 33173 143167
33173 131477 143167
143167 33173 131477
32166 106232 108532
108532 32166 106232
106232 32166 108532
113270 207 89446
207 89446 113270
89446 207 113270
75323 25159 29418
25159 29418 75323
29418 25159 75323
54107 30798 106528
30798 54107 106528
106528 30798 54107
32747 22033 97260
22033 32747 97260
97260 22033 32747
79476 70046 98975
98975 70046 79476
70046 79476 98975
37300 111644 145904
145904 37300 111644
111644 37300 145904
4134 2837 113453
113453 2837 4134
2837 4134 113453
125959 1084 91602
91602 1084 125959
1084 91602 125959
55878 33138 98848
98848 33138 55878
33138 55878 98848
67817 60415 122105
122105 60415 67817
60415 67817 122105
118107 26284 114792
26284 114792 118107
114792 26284 118107
115665 100139 137706
100139 115665 137706
137706 100139 115665
106181 86894 146810
146810 86894 106181
86894 106181 146810
31642 46372 131435
131435 31642 46372
46372 31642 131435
133122 20804 60533
20804 60533 133122
60533 20804 133122
76640 22 87474
22 76640 87474
87474 22 76640
119729 20091 66634
66634 20091 119729
20091 66634 119729
89492 7365 32380
7365 32380 89492
32380 7365 89492
94039 39179 102138
102138 39179 94039
39179 94039 102138
67139 58787 129228
129228 58787 67139
58787 67139 129228
38004 97492 135436
135436 38004 97492
97492 38004 135436
17386 28573 55527
55527 17386 28573
28573 17386 55527
75576 25376 63704
25376 63704 75576
63704 25376 75576
94893 224 33696
224 33696 94893
33696 224 94893
62241 12630 144056
12630 62241 144056
144056 12630 62241
40647 116549 138945
116549 40647 138945
138945 40647 116549
147556 33012 69233
33012 69233 147556
69233 33012 147556
139965 92399 114673
114673 92399 139965
92399 114673 139965
78188 54879 131189
131189 54879 78188
54879 78188 131189
103539 19339 123300
123300 19339 103539
19339 103539 123300
122655 118243 146035
118243 122655 146035
146035 118243 122655
31231 99877 141154
99877 31231 141154
141154 31231 99877
92156 71922 129848
71922 92156 129848
129848 71922 92156
145075 121522 124751
124751 121522 145075
121522 124751 145075
146440 97631 101560
101560 97631 146440
97631 101560 146440
131069 106550 139520
139520 106550 131069
106550 131069 139520
90272 52503 113578
113578 52503 90272
52503 90272 113578
95978 114838 142188
114838 95978 142188
142188 95978 114838
122884 59426 80632
59426 80632 122884
