7607 3302 148009
3302 7607 148009
148009 3302 7607
25669 55694 136214
55694 25669 136214
136214 25669 55694
125473 45032 61903
61903 45032 125473
45032 61903 125473
21154 3874 115480
115480 3874 21154
3874 21154 115480
32847 33006 91696
33006 32847 91696
91696 32847 33006
19133 4319 74946
74946 4319 19133
4319 19133 74946
93007 74379 78291
78291 74379 93007
74379 78291 93007
82779 37448 52832
52832 37448 82779
37448 52832 82779
60237 80902 89223
89223 60237 80902
80902 60237 89223
9927 68215 105115
105115 9927 68215
68215 9927 105115
94820 24642 84986
84986 24642 94820
24642 84986 94820
54864 101062 144655
144655 54864 101062
101062 54864 144655
27963 32654 34913
34913 27963 32654
32654 27963 34913
14594 83446 120942
83446 14594 120942
120942 14594 83446
8222 20053 107979
20053 8222 107979
107979 8222 20053
89241 29977 142486
29977 89241 142486
142486 29977 89241
93008 12607 43845
43845 12607 93008
12607 43845 93008
125653 67802 76154
76154 67802 125653
67802 76154 125653
54732 61447 122222
61447 54732 122222
122222 54732 61447
33169 16921 115093
115093 16921 33169
16921 33169 115093
104274 33972 47456
33972 47456 104274
47456 33972 104274
33776 23194 142920
23194 33776 142920
142920 23194 33776
86964 132377 141286
132377 86964 141286
141286 86964 132377
87550 18287 80800
18287 80800 87550
80800 18287 87550
127540 117095 139709
117095 127540 139709
139709 117095 127540
114918 89808 103460
89808 103460 114918
103460 89808 114918
41252 4654 96718
96718 4654 41252
4654 41252 96718
109385 27241 94885
94885 27241 109385
27241 94885 109385
55967 85839 108116
85839 55967 108116
108116 55967 85839
41948 129073 141236
141236 41948 129073
129073 41948 141236
44993 90072 146965
90072 44993 146965
146965 44993 90072
71655 43527 121713
121713 43527 71655
43527 71655 121713
143103 36859 142536
36859 142536 143103
142536 36859 143103
64553 61116 104116
61116 64553 104116
104116 61116 64553
11306 61652 127237
61652 11306 127237
127237 11306 61652
68803 89912 106478
89912 68803 106478
106478 68803 89912
125344 73584 147638
73584 125344 147638
147638 73584 125344
40083 61959 110819
61959 40083 110819
110819 40083 61959
136176 90533 95334
95334 90533 136176
90533 95334 136176
15257 29686 96693
96693 15257 29686
29686 15257 96693
64675 16338 133184
16338 64675 133184
133184 16338 64675
140358 34562 117508
117508 34562 140358
34562 117508 140358
68224 19049 33118
33118 19049 68224
19049 33118 68224
39826 88669 92707
88669 39826 92707
92707 39826 88669
28730 36647 111123
36647 28730 111123
111123 28730 36647
50962 91897 105310
91897 50962 105310
105310 50962 91897
109629 81410 138756
81410 109629 138756
138756 81410 109629
129447 1069 79237
1069 79237 129447
79237 1069 129447
23795 9015 91432
91432 9015 23795
9015 23795 91432
128480 111248 137580
111248 128480 137580
137580 111248 128480
39783 47795 103866
103866 39783 47795
47795 39783 103866
101847 94573 109119
109119 94573 101847
94573 101847 109119
67552 59703 77538
77538 59703 67552
59703 67552 77538
109638 28633 58994
58994 28633 109638
28633 58994 109638
83069 127169 148164
127169 83069 148164
148164 83069 127169
136286 57800 68029
57800 68029 136286
68029 57800 136286
34517 47250 137634
47250 34517 137634
137634 34517 47250
97096 32534 39342
32534 39342 97096
39342 32534 97096
123132 88233 146625
146625 88233 123132
88233 123132 146625
74335 46398 117470
46398 74335 117470
117470 46398 74335
147916 82044 97830
97830 82044 147916
82044 97830 147916
88337 80706 104042
104042 80706 88337
80706 88337 104042
14612 57521 90694
57521 14612 90694
90694 14612 57521
93455 4280 103979
103979 4280 93455
4280 93455 103979
106166 7118 57704
57704 7118 106166
7118 57704 106166
148442 85569 88671
85569 88671 148442
88671 85569 148442
137955 13521 146598
13521 137955 146598
146598 13521 137955
68543 36899 112721
36899 68543 112721
112721 36899 68543
30098 102903 116397
116397 30098 102903
102903 30098 116397
46671 41382 83056
83056 41382 46671
41382 46671 83056
139035 15060 116724
15060 116724 139035
116724 15060 139035
52482 56178 142401
56178 52482 142401
142401 52482 56178
112292 27491 126851
27491 112292 126851
126851 27491 112292
24833 87177 131006
131006 24833 87177
87177 24833 131006
38106 120871 127171
127171 38106 120871
120871 38106 127171
108933 31369 131605
131605 31369 108933
31369 108933 131605
56133 95412 98674
98674 56133 95412
95412 56133 98674
123862 91627 133422
133422 91627 123862
91627 123862 133422
106782 63892 129170
129170 63892 106782
63892 106782 129170
96797 75439 84532
84532 75439 96797
75439 84532 96797
99155 67946 89321
89321 67946 99155
67946 89321 99155
102340 8712 53655
53655 8712 102340
8712 53655 102340
74088 122019 127588
122019 74088 127588
127588 74088 122019
44138 33416 111935
111935 33416 44138
33416 44138 111935
117268 54439 95046
54439 95046 117268
95046 54439 117268
141578 65870 148865
65870 141578 148865
148865 65870 141578
58659 5310 20812
20812 5310 58659
5310 20812 58659
125846 58711 117522
117522 58711 125846
58711 117522 125846
140026 70986 112804
70986 112804 140026
112804 70986 140026
34541 21728 133979
133979 21728 34541
21728 34541 133979
101003 52402 82846
82846 52402 101003
52402 82846 101003
75609 51357 72936
72936 51357 75609
51357 72936 75609
103179 45241 86457
45241 86457 103179
86457 45241 103179
89676 20761 106907
106907 20761 89676
20761 89676 106907
134208 29964 124461
29964 124461 134208
124461 29964 134208
126273 29931 68393
68393 29931 126273
29931 68393 126273
77455 23724 71158
23724 71158 77455
71158 23724 77455
66077 29158 107477
29158 66077 107477
107477 29158 66077
48993 5421 137074
5421 48993 137074
137074 5421 48993
38565 131111 145883
145883 38565 131111
131111 38565 145883
75685 52625 57563
52625 57563 75685
57563 52625 75685
13498 21774 115475
115475 13498 21774
21774 13498 115475
146268 28365 40268
40268 28365 146268
28365 40268 146268
108016 86000 141740
141740 86000 108016
86000 108016 141740
84315 12936 98346
12936 84315 98346
98346 12936 84315
139874 93865 106525
106525 93865 139874
93865 106525 139874
59915 42795 60442
42795 59915 60442
60442 42795 59915
42242 70834 90190
90190 42242 70834
70834 42242 90190
98572 69229 96419
96419 69229 98572
69229 96419 98572
120262 4919 86679
86679 4919 120262
4919 86679 120262
101026 93652 119264
119264 93652 101026
93652 101026 119264
24967 124095 148841
124095 24967 148841
148841 24967 124095
57813 52164 71892
52164 57813 71892
71892 52164 57813
31186 14830 142163
14830 31186 142163
142163 14830 31186
9795 106509 129834
129834 9795 106509
106509 9795 129834
122790 8411 74175
8411 74175 122790
74175 8411 122790
64220 79964 144680
79964 64220 144680
144680 64220 79964
5624 111432 116551
111432 5624 116551
116551 5624 111432
30944 33362 92719
33362 30944 92719
92719 30944 33362
118159 83539 140611
140611 83539 118159
83539 118159 140611
131749 90605 93780
93780 90605 131749
90605 93780 131749
90378 86057 148112
86057 90378 148112
148112 86057 90378
85347 43346 146253
43346 85347 146253
146253 43346 85347
85878 115193 116037
115193 85878 116037
116037 85878 115193
31858 87302 137689
87302 31858 137689
137689 31858 87302
149348 13245 18810
13245 18810 149348
18810 13245 149348
130177 42552 109177
42552 109177 130177
109177 42552 130177
74464 4106 141028
4106 74464 141028
141028 4106 74464
27556 18536 96376
96376 18536 27556
18536 27556 96376
137400 26631 42638
42638 26631 137400
26631 42638 137400
10077 54701 59088
54701 10077 59088
59088 10077 54701
1565 96495 138785
96495 1565 138785
138785 1565 96495
125415 30674 65935
30674 65935 125415
65935 30674 125415
50879 115736 147575
115736 50879 147575
147575 50879 115736
17272 108003 129870
129870 17272 108003
108003 17272 129870
80552 121722 143183
121722 80552 143183
143183 80552 121722
1859 93542 109785
93542 1859 109785
109785 1859 93542
31174 488 143024
143024 488 31174
488 31174 143024
29776 28061 123406
123406 28061 29776
28061 29776 123406
110598 13900 37240
13900 37240 110598
37240 13900 110598
128624 19925 109155
109155 19925 128624
19925 109155 128624
138857 35988 120105
120105 35988 138857
35988 120105 138857
149929 26147 139120
139120 26147 149929
26147 139120 149929
42966 27504 106673
106673 27504 42966
27504 42966 106673
84631 56582 67058
56582 67058 84631
67058 56582 84631
45992 54102 134893
54102 45992 134893
134893 45992 54102
83016 17683 34887
34887 17683 83016
17683 34887 83016
127877 10287 24193
10287 24193 127877
24193 10287 127877
4990 49739 131644
49739 4990 131644
131644 4990 49739
140937 127696 138162
138162 127696 140937
127696 138162 140937
8687 32730 99577
99577 8687 32730
32730 8687 99577
87389 63802 105105
63802 87389 105105
105105 63802 87389
51388 29696 104664
104664 29696 51388
29696 51388 104664
88030 71625 139139
139139 71625 88030
71625 88030 139139
122139 118227 144409
144409 118227 122139
118227 122139 144409
57349 33669 58981
33669 57349 58981
58981 33669 57349
142888 34649 132205
34649 132205 142888
132205 34649 142888
8100 86009 133171
86009 8100 133171
133171 8100 86009
84356 1946 105623
105623 1946 84356
1946 84356 105623
66535 100422 133761
133761 66535 100422
100422 66535 133761
13291 83080 142749
142749 13291 83080
83080 13291 142749
101356 49868 146804
49868 101356 146804
146804 49868 101356
42240 788 86972
788 42240 86972
86972 788 42240
142003 39207 119944
39207 119944 142003
119944 39207 142003
24649 2844 54170
2844 24649 54170
54170 2844 24649
37127 129269 134253
134253 37127 129269
129269 37127 134253
82620 49909 108012
108012 49909 82620
49909 82620 108012
109466 13200 124143
13200 109466 124143
124143 13200 109466
6847 84760 101774
84760 6847 101774
101774 6847 84760
103565 1058 21318
21318 1058 103565
1058 21318 103565
88365 69595 143190
69595 88365 143190
143190 69595 88365
58127 69515 79941
79941 58127 69515
69515 58127 79941
11546 18668 126922
18668 11546 126922
126922 11546 18668
79485 3007 98848
98848 3007 79485
3007 79485 98848
134162 1746 27193
1746 27193 134162
27193 1746 134162
131401 122129 144896
144896 122129 131401
122129 131401 144896
124344 20370 138487
138487 20370 124344
20370 124344 138487
94894 103934 130684
130684 94894 103934
103934 94894 130684
60386 28960 68095
68095 28960 60386
28960 60386 68095
132528 32639 51483
51483 32639 132528
32639 51483 132528
149420 106147 128328
106147 128328 149420
128328 106147 149420
114880 5167 89935
89935 5167 114880
5167 89935 114880
10849 21662 114008
114008 10849 21662
21662 10849 114008
148269 49202 122608
122608 49202 148269
49202 122608 148269
59475 13769 92189
13769 59475 92189
92189 13769 59475
24226 57668 76098
76098 24226 57668
57668 24226 76098
107491 55153 81109
55153 81109 107491
81109 55153 107491
132924 10200 65957
65957 10200 132924
10200 65957 132924
119268 84471 149920
149920 84471 119268
84471 119268 149920
53870 873 83708
83708 873 53870
873 53870 83708
77612 4818 27580
27580 4818 77612
4818 27580 77612
117131 794 22510
22510 794 117131
794 22510 117131
91892 71829 75661
71829 75661 91892
75661 71829 91892
38181 35660 111975
35660 38181 111975
111975 35660 38181
70626 35329 67858
67858 35329 70626
35329 67858 70626
94251 6290 124097
6290 94251 124097
124097 6290 94251
96133 99824 129093
129093 96133 99824
99824 96133 129093
41849 40847 42818
40847 41849 42818
42818 40847 41849
39807 68873 131288
131288 39807 68873
68873 39807 131288
21480 24011 71479
71479 21480 24011
24011 21480 71479
102296 113158 137600
113158 102296 137600
137600 102296 113158
144647 65684 97728
65684 97728 144647
97728 65684 144647
148181 72199 108775
72199 108775 148181
108775 72199 148181
110874 27888 86928
27888 86928 110874
86928 27888 110874
22538 62241 149581
149581 22538 62241
62241 22538 149581
124807 5628 98566
5628 98566 124807
98566 5628 124807
67729 28125 72588
72588 28125 67729
28125 67729 72588
80956 77201 97986
77201 80956 97986
97986 77201 80956
81922 25568 139491
25568 81922 139491
139491 25568 81922
33822 131639 132946
131639 33822 132946
132946 33822 131639
37993 29827 123978
123978 29827 37993
29827 37993 123978
117071 16823 105706
16823 105706 117071
105706 16823 117071
139025 96466 139144
139144 96466 139025
96466 139025 139144
117815 133062 144648
144648 117815 133062
133062 117815 144648
16564 53105 119870
119870 16564 53105
53105 16564 119870
16661 114001 122912
114001 16661 122912
122912 16661 114001
85914 39614 78866
39614 78866 85914
78866 39614 85914
143312 58793 84504
58793 84504 143312
84504 58793 143312
34210 18862 131186
18862 34210 131186
131186 18862 34210
112203 28611 32702
28611 32702 112203
32702 28611 112203
82742 41221 80993
80993 41221 82742
41221 80993 82742
133549 52310 92659
52310 92659 133549
92659 52310 133549
82712 36255 96669
96669 36255 82712
36255 82712 96669
33821 18183 37120
18183 33821 37120
37120 18183 33821
33628 109452 146673
109452 33628 146673
146673 33628 109452
12964 85802 127720
85802 12964 127720
127720 12964 85802
117637 61800 133216
61800 117637 133216
133216 61800 117637
61206 11602 116368
116368 11602 61206
11602 61206 116368
126611 26189 91061
26189 91061 126611
91061 26189 126611
89225 137907 141037
141037 89225 137907
137907 89225 141037
86097 41601 79480
79480 41601 86097
41601 79480 86097
7695 50985 126913
126913 7695 50985
50985 7695 126913
93159 43332 67781
67781 43332 93159
43332 67781 93159
78497 93943 96971
93943 78497 96971
96971 78497 93943
113078 89059 138513
89059 113078 138513
138513 89059 113078
6559 23571 145591
23571 6559 145591
145591 6559 23571
566 14912 53298
53298 566 14912
14912 566 53298
135925 23322 82579
82579 23322 135925
23322 82579 135925
10654 86520 123742
86520 10654 123742
123742 10654 86520
39022 24267 119721
24267 39022 119721
119721 24267 39022
88011 80718 124994
124994 80718 88011
80718 88011 124994
59408 28121 73254
28121 59408 73254
73254 28121 59408
69292 24958 82275
82275 24958 69292
24958 69292 82275
17147 61642 64187
64187 17147 61642
61642 17147 64187
20477 2121 30704
2121 20477 30704
30704 2121 20477
20611 7233 12820
12820 7233 20611
7233 12820 20611
50998 61814 112394
112394 50998 61814
61814 50998 112394
146160 115982 132043
115982 132043 146160
132043 115982 146160
44608 78893 136250
78893 44608 136250
136250 44608 78893
43299 107983 133412
107983 43299 133412
133412 43299 107983
90500 7781 137978
137978 7781 90500
7781 90500 137978
8062 45467 94144
94144 8062 45467
45467 8062 94144
147310 9003 118468
118468 9003 147310
9003 118468 147310
122998 10611 22346
10611 22346 122998
22346 10611 122998
111550 31462 75870
75870 31462 111550
31462 75870 111550
95970 84816 147769
147769 84816 95970
84816 95970 147769
35567 21698 48736
48736 21698 35567
21698 35567 48736
136473 27082 29045
29045 27082 136473
27082 29045 136473
80624 96993 124230
96993 80624 124230
124230 80624 96993
27 13451 73380
73380 27 13451
13451 27 73380
74674 34594 47005
47005 34594 74674
34594 47005 74674
65279 27721 104243
27721 65279 104243
104243 27721 65279
131437 37255 146829
146829 37255 131437
37255 131437 146829
16398 16954 41631
41631 16398 16954
16954 16398 41631
16727 98152 141085
98152 16727 141085
141085 16727 98152
59558 5170 13799
13799 5170 59558
5170 13799 59558
94956 11471 43107
11471 43107 94956
43107 11471 94956
133963 42239 125040
42239 125040 133963
125040 42239 133963
143988 7839 44528
7839 44528 143988
44528 7839 143988
433 89086 106379
106379 433 89086
89086 433 106379
141403 3328 31647
31647 3328 141403
3328 31647 141403
23098 9040 58883
58883 9040 23098
9040 23098 58883
97714 26489 97431
97431 26489 97714
26489 97431 97714
39118 53405 70514
53405 39118 70514
70514 39118 53405
146084 568 1490
568 1490 146084
1490 568 146084
140765 53687 78407
53687 78407 140765
78407 53687 140765
11832 108541 130967
108541 11832 130967
130967 11832 108541
76930 37756 99465
37756 76930 99465
99465 37756 76930
8932 11489 35480
35480 8932 11489
11489 8932 35480
92259 48854 100369
48854 92259 100369
100369 48854 92259
65313 38450 69070
69070 38450 65313
38450 65313 69070
47148 80304 135624
80304 47148 135624
135624 47148 80304
130021 12509 50146
12509 50146 130021
50146 12509 130021
107633 7640 9108
7640 9108 107633
9108 7640 107633
91356 101216 122469
122469 91356 101216
101216 91356 122469
114363 48394 77447
48394 77447 114363
77447 48394 114363
27260 23866 46848
46848 23866 27260
23866 27260 46848
72556 63272 125176
63272 72556 125176
125176 63272 72556
23038 10608 40481
40481 10608 23038
10608 23038 40481
70315 102354 119370
119370 70315 102354
102354 70315 119370
56546 12817 142832
12817 56546 142832
142832 12817 56546
17537 59081 109135
59081 17537 109135
109135 17537 59081
74315 132448 148415
148415 74315 132448
132448 74315 148415
42047 16996 30636
30636 16996 42047
16996 30636 42047
137692 7925 122305
122305 7925 137692
7925 122305 137692
105592 54319 136793
136793 54319 105592
54319 105592 136793
70607 28747 54509
54509 28747 70607
28747 54509 70607
137040 30337 121528
121528 30337 137040
30337 121528 137040
126352 2720 145723
2720 126352 145723
145723 2720 126352
104031 96267 101554
96267 101554 104031
101554 96267 104031
4638 6648 134031
6648 4638 134031
134031 4638 6648
122479 51874 120930
120930 51874 122479
51874 120930 122479
110669 6360 121881
121881 6360 110669
6360 110669 121881
92313 78330 133169
133169 78330 92313
78330 92313 133169
148953 59462 91787
59462 91787 148953
91787 59462 148953
40588 49757 124782
49757 40588 124782
124782 40588 49757
85320 8845 15968
15968 8845 85320
8845 15968 85320
54615 67776 78762
78762 54615 67776
67776 54615 78762
65035 92324 99174
92324 65035 99174
99174 65035 92324
87151 34055 107534
34055 87151 107534
107534 34055 87151
50696 1349 96960
1349 50696 96960
96960 1349 50696
110906 120275 144746
120275 110906 144746
144746 110906 120275
112087 19104 147549
147549 19104 112087
19104 112087 147549
110394 50393 108869
50393 108869 110394
108869 50393 110394
69870 5349 93655
93655 5349 69870
5349 69870 93655
13441 45982 83767
45982 13441 83767
83767 13441 45982
35375 126500 142917
142917 35375 126500
126500 35375 142917
120831 58532 88090
58532 88090 120831
88090 58532 120831
105376 57323 139126
57323 105376 139126
139126 57323 105376
50703 85155 109923
109923 50703 85155
85155 50703 109923
107850 16565 122298
16565 107850 122298
122298 16565 107850
125038 47443 84972
47443 84972 125038
84972 47443 125038
54157 20703 122374
20703 54157 122374
122374 20703 54157
23738 90349 90778
90778 23738 90349
90349 23738 90778
47117 26887 117290
117290 26887 47117
26887 47117 117290
50507 88805 112735
88805 50507 112735
112735 50507 88805
131859 52809 59989
52809 59989 131859
59989 52809 131859
84543 72565 127612
127612 72565 84543
72565 84543 127612
10875 123028 126674
123028 10875 126674
126674 10875 123028
59188 18158 99293
18158 59188 99293
99293 18158 59188
77792 19737 51448
51448 19737 77792
19737 51448 77792
25880 78957 149178
149178 25880 78957
78957 25880 149178
50027 2883 32620
32620 2883 50027
2883 32620 50027
87976 93769 101387
101387 87976 93769
93769 87976 101387
88820 16193 77948
16193 77948 88820
77948 16193 88820
107327 103963 143115
143115 103963 107327
103963 107327 143115
46042 68591 133150
133150 46042 68591
68591 46042 133150
88704 99854 115685
99854 88704 115685
115685 88704 99854
128995 5548 97018
97018 5548 128995
5548 97018 128995
110371 8426 86130
8426 86130 110371
86130 8426 110371
77893 22384 27187
27187 22384 77893
22384 27187 77893
69166 27854 36324
27854 36324 69166
36324 27854 69166
5779 3768 52170
3768 5779 52170
52170 3768 5779
60669 4047 90906
90906 4047 60669
4047 60669 90906
131316 14748 129127
14748 129127 131316
129127 14748 131316
53937 62213 62796
62796 53937 62213
62213 53937 62796
85128 80400 123083
123083 80400 85128
80400 85128 123083
62992 6066 75452
75452 6066 62992
6066 62992 75452
113657 99676 138165
138165 99676 113657
99676 113657 138165
139007 100547 116325
116325 100547 139007
100547 116325 139007
79794 56668 86780
56668 79794 86780
86780 56668 79794
4351 94550 134492
94550 4351 134492
134492 4351 94550
10329 107906 109396
107906 10329 109396
109396 10329 107906
102794 66069 144224
66069 102794 144224
144224 66069 102794
62016 71976 81326
71976 62016 81326
81326 62016 71976
23693 37037 98358
37037 23693 98358
98358 23693 37037
95630 20614 35381
20614 35381 95630
35381 20614 95630
49263 86022 107251
107251 49263 86022
86022 49263 107251
139024 102049 112422
112422 102049 139024
102049 112422 139024
79752 130005 132409
130005 79752 132409
132409 79752 130005
117192 91706 135678
91706 117192 135678
135678 91706 117192
127429 17322 138203
138203 17322 127429
17322 127429 138203
123363 140144 148739
148739 123363 140144
140144 123363 148739
4086 84070 87768
87768 4086 84070
84070 4086 87768
77862 116951 144467
144467 77862 116951
116951 77862 144467
99701 75111 107919
107919 75111 99701
75111 99701 107919
57340 15203 138944
138944 15203 57340
15203 57340 138944
54484 63735 135800
63735 54484 135800
135800 54484 63735
69262 98637 146795
146795 69262 98637
98637 69262 146795
116924 83346 110851
83346 110851 116924
110851 83346 116924
45490 13738 39629
39629 13738 45490
13738 39629 45490
88169 655 80773
655 80773 88169
80773 655 88169
6701 50068 97438
50068 6701 97438
97438 6701 50068
16816 3884 31008
31008 3884 16816
3884 16816 31008
41765 6972 37734
6972 37734 41765
37734 6972 41765
1352 5629 36193
36193 1352 5629
5629 1352 36193
1691 41139 89406
41139 1691 89406
89406 1691 41139
99158 86207 121217
121217 86207 99158
86207 99158 121217
26474 37701 76019
37701 26474 76019
76019 26474 37701
37488 1109 4432
1109 4432 37488
4432 1109 37488
49834 37949 113331
37949 49834 113331
113331 37949 49834
79883 88013 111633
111633 79883 88013
88013 79883 111633
135492 11271 58362
11271 58362 135492
58362 11271 135492
77318 128500 132097
132097 77318 128500
128500 77318 132097
112579 98695 129882
98695 112579 129882
129882 98695 112579
138623 45695 109902
45695 109902 138623
109902 45695 138623
107093 35958 135380
35958 107093 135380
135380 35958 107093
100958 38075 39408
38075 39408 100958
39408 38075 100958
117794 107229 110382
107229 110382 117794
110382 107229 117794
149013 44145 94315
44145 94315 149013
94315 44145 149013
142881 36615 52853
52853 36615 142881
36615 52853 142881
121485 101907 126298
101907 121485 126298
126298 101907 121485
77861 83829 96450
83829 77861 96450
96450 77861 83829
117669 23064 105502
23064 105502 117669
105502 23064 117669
95030 66919 94378
66919 94378 95030
94378 66919 95030
120245 97092 97926
97926 97092 120245
97092 97926 120245
53783 40252 127185
40252 53783 127185
127185 40252 53783
148151 35569 46181
35569 46181 148151
46181 35569 148151
76769 86623 148090
86623 76769 148090
148090 76769 86623
27054 90225 120350
120350 27054 90225
90225 27054 120350
54513 25388 84791
25388 54513 84791
84791 25388 54513
90766 61141 148111
61141 90766 148111
148111 61141 90766
38032 15281 75723
75723 15281 38032
15281 38032 75723
71366 38467 127688
127688 38467 71366
38467 71366 127688
1508 29681 134515
134515 1508 29681
29681 1508 134515
114400 113182 141325
141325 113182 114400
113182 114400 141325
130327 36495 94766
36495 94766 130327
94766 36495 130327
82985 18894 130198
18894 82985 130198
130198 18894 82985
27853 105702 143346
105702 27853 143346
143346 27853 105702
94782 57699 111718
111718 57699 94782
57699 94782 111718
124867 68044 79261
79261 68044 124867
68044 79261 124867
63240 98146 140077
140077 63240 98146
98146 63240 140077
74972 93992 129999
129999 74972 93992
93992 74972 129999
89182 97269 109308
97269 89182 109308
109308 89182 97269
121782 19746 111388
111388 19746 121782
19746 111388 121782
113186 41364 102238
102238 41364 113186
41364 102238 113186
57037 119810 129417
119810 57037 129417
129417 57037 119810
110059 14686 33788
14686 33788 110059
33788 14686 110059
141949 7029 119001
7029 119001 141949
119001 7029 141949
134895 102064 142583
142583 102064 134895
102064 134895 142583
111803 71068 103991
103991 71068 111803
71068 103991 111803
148373 62032 69575
69575 62032 148373
62032 69575 148373
74229 89137 100445
89137 74229 100445
100445 74229 89137
49108 45969 78778
78778 45969 49108
45969 49108 78778
92801 52319 62866
52319 62866 92801
62866 52319 92801
37836 21912 57120
21912 37836 57120
57120 21912 37836
72904 64846 117790
64846 72904 117790
117790 64846 72904
114946 6878 147543
147543 6878 114946
6878 114946 147543
79199 41510 90632
41510 79199 90632
90632 41510 79199
89722 62447 69695
62447 69695 89722
69695 62447 89722
68666 45486 126401
45486 68666 126401
126401 45486 68666
42372 44453 90541
90541 42372 44453
44453 42372 90541
23355 100378 100745
100745 23355 100378
100378 23355 100745
93047 65243 99206
99206 65243 93047
65243 93047 99206
7450 399 20917
20917 399 7450
399 7450 20917
42020 82355 140561
140561 42020 82355
82355 42020 140561
135498 44647 106082
106082 44647 135498
44647 106082 135498
51081 14387 126607
14387 51081 126607
126607 14387 51081
109550 66179 80187
80187 66179 109550
66179 80187 109550
66556 5987 32159
32159 5987 66556
5987 32159 66556
66693 42009 148481
148481 42009 66693
42009 66693 148481
143341 37958 111200
111200 37958 143341
37958 111200 143341
17044 8765 141684
141684 8765 17044
8765 17044 141684
127162 7036 29503
29503 7036 127162
7036 29503 127162
100527 42979 138277
42979 100527 138277
138277 42979 100527
136663 47861 138729
47861 136663 138729
138729 47861 136663
35783 93948 131078
131078 35783 93948
93948 35783 131078
73900 91443 145850
145850 73900 91443
91443 73900 145850
80437 61822 66235
66235 61822 80437
61822 66235 80437
22808 22670 75856
75856 22670 22808
22670 22808 75856
75729 12781 146873
12781 75729 146873
146873 12781 75729
129633 115526 131642
115526 129633 131642
131642 115526 129633
109508 52920 65778
52920 65778 109508
65778 52920 109508
55966 79412 146718
146718 55966 79412
79412 55966 146718
79841 77721 83880
83880 77721 79841
77721 79841 83880
139796 61186 99742
61186 99742 139796
99742 61186 139796
13250 97112 108080
108080 13250 97112
97112 13250 108080
136132 67457 127341
127341 67457 136132
67457 127341 136132
74771 43859 65593
65593 43859 74771
43859 65593 74771
62065 20726 110724
110724 20726 62065
20726 62065 110724
95055 9501 106113
9501 95055 106113
106113 9501 95055
15905 44706 149354
149354 15905 44706
44706 15905 149354
30859 47165 148273
148273 30859 47165
47165 30859 148273
49805 58160 95138
95138 49805 58160
58160 49805 95138
34275 25187 137083
137083 25187 34275
25187 34275 137083
81159 66420 114622
114622 66420 81159
66420 81159 114622
70530 12126 148038
12126 70530 148038
148038 12126 70530
148765 50869 114231
114231 50869 148765
50869 114231 148765
76956 39320 124190
124190 39320 76956
39320 76956 124190
42006 86658 141713
86658 42006 141713
141713 42006 86658
129821 58561 98996
58561 98996 129821
98996 58561 129821
139470 68214 103337
103337 68214 139470
68214 103337 139470
127589 42377 87758
87758 42377 127589
42377 87758 127589
83937 73690 144882
144882 73690 83937
73690 83937 144882
120754 79630 145798
79630 120754 145798
145798 79630 120754
140633 40038 94758
40038 94758 140633
94758 40038 140633
21503 78705 146689
78705 21503 146689
146689 21503 78705
18838 17349 71419
17349 18838 71419
71419 17349 18838
131246 70518 75468
70518 75468 131246
75468 70518 131246
2706 11014 25764
25764 2706 11014
11014 2706 25764
59118 51854 70537
70537 51854 59118
51854 59118 70537
10742 10828 76744
10828 10742 76744
76744 10742 10828
30892 53057 77755
77755 30892 53057
53057 30892 77755
17034 11120 57865
11120 17034 57865
57865 11120 17034
79966 75082 110971
75082 79966 110971
110971 75082 79966
22450 16009 145148
16009 22450 145148
145148 16009 22450
54387 49959 123830
49959 54387 123830
123830 49959 54387
73778 33439 50273
50273 33439 73778
33439 50273 73778
113501 10765 25201
25201 10765 113501
10765 25201 113501
34567 43764 122438
122438 34567 43764
43764 34567 122438
26345 82034 122953
122953 26345 82034
82034 26345 122953
137496 139190 139913
139190 137496 139913
139913 137496 139190
9477 93702 122344
93702 9477 122344
122344 9477 93702
100297 66910 104281
66910 100297 104281
104281 66910 100297
131044 41326 82727
41326 82727 131044
82727 41326 131044
148967 58308 132262
132262 58308 148967
58308 132262 148967
99592 10607 70028
70028 10607 99592
10607 70028 99592
121589 82252 129579
129579 82252 121589
82252 121589 129579
39004 29414 143264
143264 29414 39004
29414 39004 143264
93917 90965 98309
98309 90965 93917
90965 93917 98309
95067 69253 129537
129537 69253 95067
69253 95067 129537
113542 92327 122195
92327 113542 122195
122195 92327 113542
36137 139460 147770
139460 36137 147770
147770 36137 139460
100704 84764 138405
84764 100704 138405
138405 84764 100704
48786 72203 92492
72203 48786 92492
92492 48786 72203
74155 41165 80243
80243 41165 74155
41165 74155 80243
87880 20153 61953
61953 20153 87880
20153 61953 87880
34992 90910 125747
125747 34992 90910
90910 34992 125747
144625 22515 86812
22515 86812 144625
86812 22515 144625
104045 106625 132199
132199 104045 106625
106625 104045 132199
17367 26312 94647
94647 17367 26312
26312 17367 94647
81439 97872 110580
97872 81439 110580
110580 81439 97872
81026 105518 111136
111136 81026 105518
105518 81026 111136
92560 22216 130499
22216 92560 130499
130499 22216 92560
136851 43092 136421
136421 43092 136851
43092 136421 136851
44371 3291 123985
123985 3291 44371
3291 44371 123985
31814 52084 89960
89960 31814 52084
52084 31814 89960
58976 73507 143033
143033 58976 73507
73507 58976 143033
19350 84528 120423
120423 19350 84528
84528 19350 120423
3419 61964 94076
94076 3419 61964
61964 3419 94076
138815 43215 104695
43215 104695 138815
104695 43215 138815
131278 34983 46980
34983 46980 131278
46980 34983 131278
129783 62056 76475
62056 76475 129783
76475 62056 129783
118229 28099 108697
108697 28099 118229
28099 108697 118229
282 32335 71236
71236 282 32335
32335 282 71236
58988 107203 114268
107203 58988 114268
114268 58988 107203
113797 10499 142426
142426 10499 113797
10499 113797 142426
36808 27970 116598
116598 27970 36808
27970 36808 116598
136083 29377 84346
84346 29377 136083
29377 84346 136083
69458 24443 115176
115176 24443 69458
24443 69458 115176
76812 18743 137541
137541 18743 76812
18743 76812 137541
22044 12391 109641
12391 22044 109641
109641 12391 22044
99991 23284 145374
23284 99991 145374
145374 23284 99991
56852 6740 98272
98272 6740 56852
6740 56852 98272
48015 64012 110250
110250 48015 64012
64012 48015 110250
79705 43402 112368
43402 79705 112368
112368 43402 79705
146110 23773 137297
137297 23773 146110
23773 137297 146110
65913 27456 49458
27456 49458 65913
49458 27456 65913
88716 126356 137605
126356 88716 137605
137605 88716 126356
108839 4647 145084
145084 4647 108839
4647 108839 145084
33597 88620 144498
144498 33597 88620
88620 33597 144498
45918 27189 51418
27189 45918 51418
51418 27189 45918
18148 84391 98418
98418 18148 84391
84391 18148 98418
137836 6836 44632
6836 44632 137836
44632 6836 137836
22454 70371 108296
70371 22454 108296
108296 22454 70371
23105 43137 95908
95908 23105 43137
43137 23105 95908
65955 40037 53158
40037 53158 65955
53158 40037 65955
109531 10311 19876
19876 10311 109531
10311 19876 109531
27089 9788 81286
81286 9788 27089
9788 27089 81286
16911 101265 128822
128822 16911 101265
101265 16911 128822
39259 76443 102636
76443 39259 102636
102636 39259 76443
142140 32434 135969
32434 135969 142140
135969 32434 142140
81142 30709 51622
51622 30709 81142
30709 51622 81142
39376 110235 114103
110235 39376 114103
114103 39376 110235
6362 10376 33592
10376 6362 33592
33592 6362 10376
71365 76299 78745
76299 71365 78745
78745 71365 76299
119310 107954 114674
114674 107954 119310
107954 114674 119310
126340 95129 140431
95129 126340 140431
140431 95129 126340
144159 35791 110949
35791 110949 144159
110949 35791 144159
94136 103595 114837
103595 94136 114837
114837 94136 103595
37 34824 109013
109013 37 34824
34824 37 109013
137159 40104 57100
40104 57100 137159
57100 40104 137159
85471 15365 87133
15365 85471 87133
87133 15365 85471
108982 58483 73127
58483 73127 108982
73127 58483 108982
135433 51625 88518
51625 88518 135433
88518 51625 135433
44186 107258 129570
107258 44186 129570
129570 44186 107258
77408 61565 82619
82619 61565 77408
61565 77408 82619
122891 65480 89458
89458 65480 122891
65480 89458 122891
15406 36107 128551
128551 15406 36107
36107 15406 128551
58134 32098 126005
32098 58134 126005
126005 32098 58134
74680 31986 104160
31986 74680 104160
104160 31986 74680
51990 23156 35362
35362 23156 51990
23156 35362 51990
19498 75785 77257
77257 19498 75785
75785 19498 77257
143664 94882 137691
94882 137691 143664
137691 94882 143664
147546 37389 62599
37389 62599 147546
62599 37389 147546
74606 23266 84538
84538 23266 74606
23266 74606 84538
83811 45072 104794
104794 45072 83811
45072 83811 104794
118388 76378 94995
94995 76378 118388
76378 94995 118388
33188 135623 141040
135623 33188 141040
141040 33188 135623
78946 4678 30880
30880 4678 78946
4678 30880 78946
31424 36875 51369
51369 31424 36875
36875 31424 51369
81427 30290 115718
115718 30290 81427
30290 81427 115718
61723 28262 89941
89941 28262 61723
28262 61723 89941
127309 28783 71729
71729 28783 127309
28783 71729 127309
113959 33461 43892
33461 43892 113959
43892 33461 113959
19397 2501 34446
2501 19397 34446
34446 2501 19397
117306 18999 43553
18999 43553 117306
43553 18999 117306
77168 6803 134802
134802 6803 77168
6803 77168 134802
137539 66927 116048
66927 116048 137539
116048 66927 137539
45003 58314 136971
136971 45003 58314
58314 45003 136971
79274 62795 110659
62795 79274 110659
110659 62795 79274
108838 61504 84913
61504 84913 108838
84913 61504 108838
44918 2525 54070
2525 44918 54070
54070 2525 44918
75957 6729 120786
120786 6729 75957
6729 75957 120786
68165 104712 138265
104712 68165 138265
138265 68165 104712
52369 97063 128214
97063 52369 128214
128214 52369 97063
8007 93279 141295
141295 8007 93279
93279 8007 141295
20822 90619 130445
90619 20822 130445
130445 20822 90619
76110 62860 114607
62860 76110 114607
114607 62860 76110
116673 41650 121502
121502 41650 116673
41650 116673 121502
58809 29712 119918
29712 58809 119918
119918 29712 58809
93117 30200 84887
30200 84887 93117
84887 30200 93117
125598 15913 23920
15913 23920 125598
23920 15913 125598
137153 69471 79072
79072 69471 137153
69471 79072 137153
53283 94687 96396
94687 53283 96396
96396 53283 94687
1019 28414 65303
28414 1019 65303
65303 1019 28414
128304 62202 107184
62202 107184 128304
107184 62202 128304
93574 39100 78855
78855 39100 93574
39100 78855 93574
128176 11037 25175
25175 11037 128176
11037 25175 128176
125758 49382 63777
63777 49382 125758
49382 63777 125758
35441 70621 137533
70621 35441 137533
137533 35441 70621
39328 14884 123799
14884 39328 123799
123799 14884 39328
135216 69332 126338
126338 69332 135216
69332 126338 135216
4181 80757 141888
141888 4181 80757
80757 4181 141888
137227 11397 56978
56978 11397 137227
11397 56978 137227
13029 65064 68147
68147 13029 65064
65064 13029 68147
99745 38807 79440
38807 79440 99745
79440 38807 99745
29055 120225 149830
120225 29055 149830
149830 29055 120225
87162 10882 123335
123335 10882 87162
10882 87162 123335
70863 80854 124531
124531 70863 80854
80854 70863 124531
75264 58070 148458
58070 75264 148458
148458 58070 75264
50169 32235 121609
121609 32235 50169
32235 50169 121609
2367 6772 47403
47403 2367 6772
6772 2367 47403
85409 90943 143218
90943 85409 143218
143218 85409 90943
42714 51403 113968
51403 42714 113968
113968 42714 51403
127882 1818 55636
55636 1818 127882
1818 55636 127882
72797 19486 145144
19486 72797 145144
145144 19486 72797
55904 67999 82059
82059 55904 67999
67999 55904 82059
136131 44568 54240
54240 44568 136131
44568 54240 136131
77641 12232 86528
86528 12232 77641
12232 77641 86528
102679 90762 113581
113581 90762 102679
90762 102679 113581
89773 80838 134396
80838 89773 134396
134396 80838 89773
112943 4410 136594
136594 4410 112943
4410 112943 136594
146381 67375 136717
67375 136717 146381
136717 67375 146381
45296 846 115670
846 45296 115670
115670 846 45296
37775 44643 63487
44643 37775 63487
63487 37775 44643
76878 4345 126680
4345 76878 126680
126680 4345 76878
31757 13691 60645
13691 31757 60645
60645 13691 31757
112552 26910 115714
115714 26910 112552
26910 112552 115714
100656 35468 94288
35468 94288 100656
94288 35468 100656
79009 19714 140669
19714 79009 140669
140669 19714 79009
72389 16381 137980
16381 72389 137980
137980 16381 72389
50514 74141 119557
74141 50514 119557
119557 50514 74141
98224 125409 146707
146707 98224 125409
125409 98224 146707
32871 18745 71465
71465 18745 32871
18745 32871 71465
93014 90100 121834
121834 90100 93014
90100 93014 121834
113376 10171 63726
63726 10171 113376
10171 63726 113376
102429 108886 115706
108886 102429 115706
115706 102429 108886
63736 54696 96874
54696 63736 96874
96874 54696 63736
14017 36435 68125
68125 14017 36435
36435 14017 68125
97257 1192 113530
1192 97257 113530
113530 1192 97257
16740 98722 126406
126406 16740 98722
98722 16740 126406
140410 68249 117443
117443 68249 140410
68249 117443 140410
11388 13492 113835
113835 11388 13492
13492 11388 113835
25844 46656 93619
46656 25844 93619
93619 25844 46656
21229 29024 70848
29024 21229 70848
70848 21229 29024
11800 73747 90584
73747 11800 90584
90584 11800 73747
61163 61503 77264
77264 61163 61503
61503 61163 77264
106690 13457 93814
13457 93814 106690
93814 13457 106690
15411 41810 99925
99925 15411 41810
41810 15411 99925
77263 49464 64247
49464 64247 77263
64247 49464 77263
70196 27558 75561
75561 27558 70196
27558 70196 75561
38869 121690 134047
121690 38869 134047
134047 38869 121690
51171 100456 134944
100456 51171 134944
134944 51171 100456
140581 37054 81746
81746 37054 140581
37054 81746 140581
113714 2693 59222
2693 59222 113714
59222 2693 113714
78472 2363 54052
54052 2363 78472
2363 54052 78472
82570 83315 130582
130582 82570 83315
83315 82570 130582
75903 13307 104662
13307 75903 104662
104662 13307 75903
76662 17071 42118
42118 17071 76662
17071 42118 76662
73613 39354 85195
85195 39354 73613
39354 73613 85195
81388 27121 117900
117900 27121 81388
27121 81388 117900
61994 100480 120765
120765 61994 100480
100480 61994 120765
106718 48274 111337
111337 48274 106718
48274 106718 111337
8658 2867 66723
66723 2867 8658
2867 8658 66723
124754 61781 125484
125484 61781 124754
61781 124754 125484
100646 113952 129462
113952 100646 129462
129462 100646 113952
32036 10823 53812
53812 10823 32036
10823 32036 53812
24992 79040 119069
79040 24992 119069
119069 24992 79040
27573 27819 85067
85067 27573 27819
27819 27573 85067
43599 1012 53237
1012 43599 53237
53237 1012 43599
25501 15635 122926
122926 15635 25501
15635 25501 122926
68394 44762 85743
85743 44762 68394
44762 68394 85743
78910 30624 51809
30624 51809 78910
51809 30624 78910
125072 94847 146770
146770 94847 125072
94847 125072 146770
119360 18843 42994
18843 42994 119360
42994 18843 119360
108834 10929 78690
78690 10929 108834
10929 78690 108834
77421 45989 138581
45989 77421 138581
138581 45989 77421
147963 4711 41940
41940 4711 147963
4711 41940 147963
108436 90998 127067
90998 108436 127067
127067 90998 108436
47309 51747 134966
134966 47309 51747
51747 47309 134966
35410 20785 96390
20785 35410 96390
96390 20785 35410
127807 10737 129525
129525 10737 127807
10737 127807 129525
125944 86439 146200
86439 125944 146200
146200 86439 125944
2613 62474 110567
62474 2613 110567
110567 2613 62474
54668 108604 132041
132041 54668 108604
108604 54668 132041
90078 56362 73299
73299 56362 90078
56362 73299 90078
53066 24745 135198
24745 53066 135198
135198 24745 53066
103792 70858 100754
70858 100754 103792
100754 70858 103792
69726 76646 131897
76646 69726 131897
131897 69726 76646
56521 69536 85911
69536 56521 85911
85911 56521 69536
141460 10538 36561
10538 36561 141460
36561 10538 141460
72361 93124 148275
93124 72361 148275
148275 72361 93124
83922 47533 117136
117136 47533 83922
47533 83922 117136
51188 88659 98570
88659 51188 98570
98570 51188 88659
80786 73578 131977
131977 73578 80786
73578 80786 131977
121925 97820 143442
143442 97820 121925
97820 121925 143442
93065 30315 147910
30315 93065 147910
147910 30315 93065
7885 104287 131355
104287 7885 131355
