11467 9072 11482
9072 11467 11482
11482 9072 11467
9596 2542 3248
3248 2542 9596
2542 3248 9596
8490 57 2928
57 2928 8490
2928 57 8490
3480 4023 7303
4023 3480 7303
7303 3480 4023
2489 7925 13689
7925 2489 13689
13689 2489 7925
11705 3039 13310
13310 3039 11705
3039 11705 13310
13430 3614 10794
10794 3614 13430
3614 10794 13430
6310 644 2556
644 2556 6310
2556 644 6310
12749 12273 13687
13687 12273 12749
12273 12749 13687
13998 419 10668
419 10668 13998
10668 419 13998
12665 2200 8408
2200 8408 12665
8408 2200 12665
13506 3918 10563
10563 3918 13506
3918 10563 13506
7870 10170 10197
10197 7870 10170
10170 7870 10197
11067 3605 4168
4168 3605 11067
3605 4168 11067
2660 1098 7383
1098 2660 7383
7383 1098 2660
8990 5965 14652
14652 5965 8990
5965 8990 14652
7391 5726 14559
5726 7391 14559
14559 5726 7391
14088 9802 10652
9802 10652 14088
10652 9802 14088
13965 5825 12254
5825 12254 13965
12254 5825 13965
7031 11767 12831
11767 7031 12831
12831 7031 11767
8635 4291 7886
4291 7886 8635
7886 4291 8635
2596 1310 13411
1310 2596 13411
13411 1310 2596
3315 4498 4640
4498 3315 4640
4640 3315 4498
11485 3478 13806
13806 3478 11485
3478 11485 13806
1731 5061 13717
5061 1731 13717
13717 1731 5061
3388 723 14969
14969 723 3388
723 3388 14969
952 4417 7552
4417 952 7552
7552 952 4417
3218 1851 13876
13876 1851 3218
1851 3218 13876
9533 2424 11886
11886 2424 9533
2424 9533 11886
4796 2697 10721
10721 2697 4796
2697 4796 10721
1568 9721 10746
10746 1568 9721
9721 1568 10746
8812 8704 12823
12823 8704 8812
8704 8812 12823
3454 7741 9562
9562 3454 7741
7741 3454 9562
6558 9197 9356
9356 6558 9197
9197 6558 9356
7397 3240 11844
11844 3240 7397
3240 7397 11844
6319 4038 13391
13391 4038 6319
4038 6319 13391
14423 8961 10080
10080 8961 14423
8961 10080 14423
1805 5173 10136
5173 1805 10136
10136 1805 5173
6710 2427 10915
10915 2427 6710
2427 6710 10915
9556 9492 12416
9492 9556 12416
12416 9492 9556
6725 14140 14897
14140 6725 14897
14897 6725 14140
1317 5851 11286
5851 1317 11286
11286 1317 5851
13325 646 9278
646 9278 13325
9278 646 13325
4659 2564 4093
4093 2564 4659
2564 4093 4659
13978 9246 10532
9246 10532 13978
10532 9246 13978
378 1962 8057
8057 378 1962
1962 378 8057
13925 12108 13241
13241 12108 13925
12108 13241 13925
44 3637 13611
3637 44 13611
13611 44 3637
5126 4663 10458
4663 5126 10458
10458 4663 5126
11543 5000 9924
5000 9924 11543
9924 5000 11543
7077 218 4763
4763 218 7077
218 4763 7077
5117 8119 12772
12772 5117 8119
8119 5117 12772
175 12341 14959
14959 175 12341
12341 175 14959
242 9113 9426
9113 242 9426
9426 242 9113
6004 2965 10473
2965 6004 10473
10473 2965 6004
879 5142 5481
5481 879 5142
5142 879 5481
5415 9814 13306
9814 5415 13306
13306 5415 9814
6222 1446 3956
3956 1446 6222
1446 3956 6222
12626 6786 9856
9856 6786 12626
6786 9856 12626
6620 280 13827
280 6620 13827
13827 280 6620
3272 7890 8893
7890 3272 8893
8893 3272 7890
10727 6192 12165
6192 10727 12165
12165 6192 10727
11021 2939 13618
2939 11021 13618
13618 2939 11021
8645 8709 14888
8709 8645 14888
14888 8645 8709
14563 2230 14247
14247 2230 14563
2230 14247 14563
1363 2678 4575
4575 1363 2678
2678 1363 4575
5398 10226 12952
10226 5398 12952
12952 5398 10226
11092 1503 12711
1503 11092 12711
12711 1503 11092
2215 5396 11316
5396 2215 11316
11316 2215 5396
2830 170 1760
170 1760 2830
1760 170 2830
2991 572 5594
5594 572 2991
572 2991 5594
7206 9060 10559
10559 7206 9060
9060 7206 10559
6959 8268 14056
8268 6959 14056
14056 6959 8268
11298 6135 10614
10614 6135 11298
6135 10614 11298
522 13070 13233
13070 522 13233
13233 522 13070
13120 7390 11125
11125 7390 13120
7390 11125 13120
14368 6748 8341
6748 8341 14368
8341 6748 14368
6381 1820 7532
7532 1820 6381
1820 6381 7532
5467 12469 14732
14732 5467 12469
12469 5467 14732
6668 1484 11732
1484 6668 11732
11732 1484 6668
1743 2078 9593
2078 1743 9593
9593 1743 2078
11904 1097 9704
9704 1097 11904
1097 9704 11904
12344 1460 7114
1460 7114 12344
7114 1460 12344
4959 607 816
816 607 4959
607 816 4959
14298 11157 12251
11157 12251 14298
12251 11157 14298
1929 6052 9530
6052 1929 9530
9530 1929 6052
264 1202 5137
5137 264 1202
1202 264 5137
6890 1799 12501
1799 6890 12501
12501 1799 6890
7370 3071 12433
3071 7370 12433
12433 3071 7370
4084 6355 14173
14173 4084 6355
6355 4084 14173
14905 13203 13395
13203 13395 14905
13395 13203 14905
13047 910 3441
910 3441 13047
3441 910 13047
11136 1513 8835
1513 8835 11136
8835 1513 11136
12820 2161 2749
2749 2161 12820
2161 2749 12820
10804 236 2847
2847 236 10804
236 2847 10804
13620 6742 11339
11339 6742 13620
6742 11339 13620
14981 4709 12904
4709 12904 14981
12904 4709 14981
10475 6785 7317
6785 7317 10475
7317 6785 10475
9691 2958 5747
2958 5747 9691
5747 2958 9691
9011 9421 10832
9421 9011 10832
10832 9011 9421
13826 3305 5278
5278 3305 13826
3305 5278 13826
9190 3133 10978
3133 9190 10978
10978 3133 9190
1406 2373 13065
13065 1406 2373
2373 1406 13065
10768 2712 10841
2712 10768 10841
10841 2712 10768
13927 4988 11051
11051 4988 13927
4988 11051 13927
98 2182 6743
6743 98 2182
2182 98 6743
12504 4607 7928
4607 7928 12504
7928 4607 12504
10770 1852 2652
2652 1852 10770
1852 2652 10770
14590 1133 14112
1133 14112 14590
14112 1133 14590
11592 4514 13788
4514 11592 13788
13788 4514 11592
12240 8897 10939
8897 10939 12240
10939 8897 12240
10466 10991 11867
10991 10466 11867
11867 10466 10991
9663 3752 8383
3752 8383 9663
8383 3752 9663
8425 3710 14209
3710 8425 14209
14209 3710 8425
10728 5642 7761
7761 5642 10728
5642 7761 10728
4728 4108 9055
4108 4728 9055
9055 4108 4728
307 11313 13356
13356 307 11313
11313 307 13356
13445 5159 8007
5159 8007 13445
8007 5159 13445
1137 2663 11810
2663 1137 11810
11810 1137 2663
4387 316 11916
11916 316 4387
316 4387 11916
14707 8415 8838
8838 8415 14707
8415 8838 14707
10413 4448 6581
6581 4448 10413
4448 6581 10413
1145 2125 7372
7372 1145 2125
2125 1145 7372
838 4938 14997
14997 838 4938
4938 838 14997
2475 7033 13143
7033 2475 13143
13143 2475 7033
5178 154 1990
154 1990 5178
1990 154 5178
6152 1965 14305
1965 6152 14305
14305 1965 6152
7824 2110 13129
2110 7824 13129
13129 2110 7824
1988 2084 10099
10099 1988 2084
2084 1988 10099
486 12632 14886
14886 486 12632
12632 486 14886
14855 12754 14769
12754 14769 14855
14769 12754 14855
6692 7081 14690
7081 6692 14690
14690 6692 7081
4143 2899 3449
2899 3449 4143
3449 2899 4143
8880 3306 14746
14746 3306 8880
3306 8880 14746
5829 6082 7879
7879 5829 6082
6082 5829 7879
9711 9863 12822
12822 9711 9863
9863 9711 12822
6549 9885 13922
13922 6549 9885
9885 6549 13922
3354 6516 14517
14517 3354 6516
6516 3354 14517
1580 4737 9703
9703 1580 4737
4737 1580 9703
12680 2237 7692
7692 2237 12680
2237 7692 12680
1526 2043 14835
2043 1526 14835
14835 1526 2043
7620 8331 8466
8331 7620 8466
8466 7620 8331
2407 1040 2334
2334 1040 2407
1040 2334 2407
4032 5872 10621
10621 4032 5872
5872 4032 10621
3471 9823 12557
12557 3471 9823
9823 3471 12557
1142 7067 11593
11593 1142 7067
7067 1142 11593
846 94 2103
94 846 2103
2103 94 846
13196 51 14470
14470 51 13196
51 13196 14470
8041 91 429
91 429 8041
429 91 8041
5030 2645 10368
10368 2645 5030
2645 5030 10368
599 4510 6197
6197 599 4510
4510 599 6197
13214 8743 9312
8743 9312 13214
9312 8743 13214
3572 50 9232
50 3572 9232
9232 50 3572
3427 6016 13538
6016 3427 13538
13538 3427 6016
5384 2380 8107
8107 2380 5384
2380 5384 8107
13221 2469 5608
2469 5608 13221
5608 2469 13221
9029 2783 3103
2783 3103 9029
3103 2783 9029
26 5881 11869
11869 26 5881
5881 26 11869
7482 4413 11000
11000 4413 7482
4413 7482 11000
10110 11104 13892
13892 10110 11104
11104 10110 13892
3521 2461 7103
2461 3521 7103
7103 2461 3521
9515 222 1993
222 1993 9515
1993 222 9515
14487 6329 10605
6329 10605 14487
10605 6329 14487
7203 3004 5257
3004 5257 7203
5257 3004 7203
6000 6555 14176
6555 6000 14176
14176 6000 6555
13341 7905 11234
7905 11234 13341
11234 7905 13341
6533 11002 13160
13160 6533 11002
11002 6533 13160
1275 4862 8805
4862 1275 8805
8805 1275 4862
6896 9777 11678
11678 6896 9777
9777 6896 11678
14323 1385 7155
7155 1385 14323
1385 7155 14323
4464 3116 8008
8008 3116 4464
3116 4464 8008
8979 2274 12902
12902 2274 8979
2274 8979 12902
673 2709 3908
3908 673 2709
2709 673 3908
3005 7727 10774
7727 3005 10774
10774 3005 7727
10092 10932 11154
11154 10092 10932
10932 10092 11154
6870 926 5960
926 5960 6870
5960 926 6870
9283 6314 7991
6314 7991 9283
7991 6314 9283
6878 2006 4077
4077 2006 6878
2006 4077 6878
241 6075 6821
6075 241 6821
6821 241 6075
12473 10611 12750
12750 10611 12473
10611 12473 12750
2505 6050 8117
8117 2505 6050
6050 2505 8117
12292 2363 9776
2363 9776 12292
9776 2363 12292
6757 1084 4517
4517 1084 6757
1084 4517 6757
3250 3957 8260
3957 3250 8260
8260 3250 3957
979 3225 4297
4297 979 3225
3225 979 4297
3154 1255 14624
14624 1255 3154
1255 3154 14624
1480 1882 7357
7357 1480 1882
1882 1480 7357
8910 10087 12857
12857 8910 10087
10087 8910 12857
14569 3291 9167
3291 9167 14569
9167 3291 14569
9188 6219 6809
6219 6809 9188
6809 6219 9188
7485 4251 7710
4251 7485 7710
7710 4251 7485
14840 4672 12777
12777 4672 14840
4672 12777 14840
5573 12741 13727
12741 5573 13727
13727 5573 12741
5207 7117 8228
8228 5207 7117
7117 5207 8228
12181 4338 13258
13258 4338 12181
4338 12181 13258
10027 6498 13560
13560 6498 10027
6498 10027 13560
10451 12027 13941
13941 10451 12027
12027 10451 13941
12205 1467 10320
10320 1467 12205
1467 10320 12205
10134 11300 14883
14883 10134 11300
11300 10134 14883
7448 7265 11095
11095 7265 7448
7265 7448 11095
3182 2415 11957
2415 3182 11957
11957 2415 3182
6602 9503 12354
12354 6602 9503
9503 6602 12354
11118 11699 12845
12845 11118 11699
11699 11118 12845
8055 3984 5517
5517 3984 8055
3984 5517 8055
54 892 13285
892 54 13285
13285 54 892
14143 10219 11965
11965 10219 14143
10219 11965 14143
2014 3178 6585
3178 2014 6585
6585 2014 3178
2414 5246 11333
11333 2414 5246
5246 2414 11333
7513 990 9313
9313 990 7513
990 7513 9313
10792 6155 13706
6155 10792 13706
13706 6155 10792
564 2425 11141
2425 564 11141
11141 564 2425
3812 2846 12832
2846 3812 12832
12832 2846 3812
4170 4325 7709
4325 4170 7709
7709 4170 4325
11474 2121 9204
2121 9204 11474
9204 2121 11474
11373 10949 14765
14765 10949 11373
10949 11373 14765
6206 3127 10288
10288 3127 6206
3127 6206 10288
5987 13809 14097
14097 5987 13809
13809 5987 14097
12828 7968 11273
11273 7968 12828
7968 11273 12828
11312 9807 12530
9807 11312 12530
12530 9807 11312
4150 4460 10186
4460 4150 10186
10186 4150 4460
7047 1077 4571
4571 1077 7047
1077 4571 7047
13881 3823 12280
12280 3823 13881
3823 12280 13881
11406 5537 5557
5537 5557 11406
5557 5537 11406
12312 296 716
716 296 12312
296 716 12312
8628 9590 13096
9590 8628 13096
13096 8628 9590
7751 2117 12487
12487 2117 7751
2117 7751 12487
12879 9015 14035
9015 12879 14035
14035 9015 12879
7015 2988 14009
14009 2988 7015
2988 7015 14009
7287 5679 12942
12942 5679 7287
5679 7287 12942
4837 6013 6252
6013 4837 6252
6252 4837 6013
14990 9800 10449
10449 9800 14990
9800 10449 14990
12137 2130 10264
2130 10264 12137
10264 2130 12137
2172 2420 9835
2420 2172 9835
9835 2172 2420
3238 9398 10658
10658 3238 9398
9398 3238 10658
7987 2664 5577
5577 2664 7987
2664 5577 7987
10287 10996 12375
10996 10287 12375
12375 10287 10996
6033 120 14154
14154 120 6033
120 6033 14154
14007 7605 7904
7605 7904 14007
7904 7605 14007
6752 1290 14880
1290 6752 14880
14880 1290 6752
2885 6178 10537
10537 2885 6178
6178 2885 10537
2254 3145 3445
3445 2254 3145
3145 2254 3445
6527 5780 11771
11771 5780 6527
5780 6527 11771
6952 885 4217
4217 885 6952
885 4217 6952
11456 7732 10067
10067 7732 11456
7732 10067 11456
3300 3937 4970
4970 3300 3937
3937 3300 4970
13546 441 6312
6312 441 13546
441 6312 13546
10835 1016 14480
1016 10835 14480
14480 1016 10835
3044 933 2359
2359 933 3044
933 2359 3044
5312 4508 14414
14414 4508 5312
4508 5312 14414
1768 10861 11444
10861 1768 11444
11444 1768 10861
12065 340 12156
12156 340 12065
340 12065 12156
2865 964 7742
7742 964 2865
964 2865 7742
134 5898 7859
7859 134 5898
5898 134 7859
3058 6981 10607
6981 3058 10607
10607 3058 6981
11552 1350 3258
3258 1350 11552
1350 3258 11552
3036 6435 8494
6435 3036 8494
8494 3036 6435
3099 10881 14767
14767 3099 10881
10881 3099 14767
525 6927 12498
12498 525 6927
6927 525 12498
9236 4867 14336
14336 4867 9236
4867 9236 14336
835 1830 14638
14638 835 1830
1830 835 14638
4551 7116 8285
7116 4551 8285
8285 4551 7116
2651 10550 14926
14926 2651 10550
10550 2651 14926
2466 6425 10702
10702 2466 6425
6425 2466 10702
10142 3023 7438
3023 7438 10142
7438 3023 10142
2356 3883 10030
3883 2356 10030
10030 2356 3883
5538 6863 11266
6863 5538 11266
11266 5538 6863
1897 1057 5791
5791 1057 1897
1057 1897 5791
8476 5492 9234
9234 5492 8476
5492 8476 9234
8539 3628 8615
3628 8539 8615
8615 3628 8539
9021 1324 3599
1324 3599 9021
3599 1324 9021
10755 6166 11502
6166 10755 11502
11502 6166 10755
5522 2497 13344
13344 2497 5522
2497 5522 13344
3457 7533 8707
7533 3457 8707
8707 3457 7533
14183 4708 6489
4708 6489 14183
6489 4708 14183
7409 12371 13825
12371 7409 13825
13825 7409 12371
8736 4544 4806
4806 4544 8736
4544 4806 8736
4990 5532 12059
12059 4990 5532
5532 4990 12059
9467 1525 3525
1525 3525 9467
3525 1525 9467
13874 7496 10031
7496 10031 13874
10031 7496 13874
12347 3778 5046
5046 3778 12347
3778 5046 12347
1881 946 5886
5886 946 1881
946 1881 5886
8256 13470 14272
14272 8256 13470
13470 8256 14272
70 5665 11245
5665 70 11245
11245 70 5665
656 8156 13934
8156 656 13934
13934 656 8156
14609 1646 7686
7686 1646 14609
1646 7686 14609
4897 2184 2745
2745 2184 4897
2184 2745 4897
4009 9075 10572
10572 4009 9075
9075 4009 10572
947 1053 6662
1053 947 6662
6662 947 1053
7157 9316 12135
9316 7157 12135
12135 7157 9316
1007 3033 5453
3033 1007 5453
5453 1007 3033
8730 6518 9716
9716 6518 8730
6518 8730 9716
9542 8329 14012
8329 9542 14012
14012 8329 9542
12677 6524 9736
9736 6524 12677
6524 9736 12677
7963 9095 12748
9095 7963 12748
12748 7963 9095
4981 2626 4921
2626 4921 4981
4921 2626 4981
2035 2280 7346
7346 2035 2280
2280 2035 7346
14947 1955 12386
12386 1955 14947
1955 12386 14947
12860 2113 3611
2113 3611 12860
3611 2113 12860
4440 4148 10202
10202 4148 4440
4148 4440 10202
10969 1514 12556
1514 10969 12556
12556 1514 10969
263 1473 3570
3570 263 1473
1473 263 3570
6332 792 1608
792 1608 6332
1608 792 6332
9403 8837 12776
12776 8837 9403
8837 9403 12776
8604 5831 12734
5831 8604 12734
12734 5831 8604
9960 5808 12388
5808 9960 12388
12388 5808 9960
5663 863 4811
863 4811 5663
4811 863 5663
1778 14365 14664
14664 1778 14365
14365 1778 14664
10417 2671 8780
2671 8780 10417
8780 2671 10417
2056 8411 13015
13015 2056 8411
8411 2056 13015
8033 1388 12125
1388 8033 12125
12125 1388 8033
1973 7376 12927
12927 1973 7376
7376 1973 12927
8224 5007 8800
8800 5007 8224
5007 8224 8800
10247 3776 14577
14577 3776 10247
3776 10247 14577
9020 366 2054
366 2054 9020
2054 366 9020
11973 1793 6598
1793 6598 11973
6598 1793 11973
6036 109 151
109 151 6036
151 109 6036
6373 3097 14262
14262 3097 6373
3097 6373 14262
6763 2792 8227
2792 6763 8227
8227 2792 6763
2911 2048 12584
12584 2048 2911
2048 2911 12584
6151 3149 12786
3149 6151 12786
12786 3149 6151
10703 2521 6426
6426 2521 10703
2521 6426 10703
7512 8568 10439
10439 7512 8568
8568 7512 10439
7450 10754 13378
13378 7450 10754
10754 7450 13378
9554 5366 6299
5366 6299 9554
6299 5366 9554
4497 7057 12775
7057 4497 12775
12775 4497 7057
7471 475 11913
475 7471 11913
11913 475 7471
9689 12718 14263
14263 9689 12718
12718 9689 14263
5286 299 5737
299 5286 5737
5737 299 5286
12113 1200 10113
1200 10113 12113
10113 1200 12113
7814 5833 8001
5833 7814 8001
8001 5833 7814
2728 3130 6283
3130 2728 6283
6283 2728 3130
777 8485 12656
8485 777 12656
12656 777 8485
13012 2257 2670
2257 2670 13012
2670 2257 13012
2545 2861 11668
2861 2545 11668
11668 2545 2861
3894 12714 14265
12714 3894 14265
14265 3894 12714
5036 10560 11431
10560 5036 11431
11431 5036 10560
4068 3481 14313
3481 4068 14313
14313 3481 4068
5420 1059 11712
1059 5420 11712
11712 1059 5420
11181 1946 8673
8673 1946 11181
1946 8673 11181
14064 1199 2920
1199 2920 14064
2920 1199 14064
1165 8872 12649
8872 1165 12649
12649 1165 8872
3047 7964 10700
10700 3047 7964
7964 3047 10700
3518 11797 12045
11797 3518 12045
12045 3518 11797
14943 7703 7883
7703 7883 14943
7883 7703 14943
1734 6654 9409
9409 1734 6654
6654 1734 9409
4569 3079 11655
11655 3079 4569
3079 4569 11655
10571 1246 4610
4610 1246 10571
1246 4610 10571
4066 4568 10586
4568 4066 10586
10586 4066 4568
2637 1122 13755
13755 1122 2637
1122 2637 13755
2285 4828 7407
7407 2285 4828
4828 2285 7407
8855 2567 13688
2567 8855 13688
13688 2567 8855
4747 1066 6711
6711 1066 4747
1066 4747 6711
13410 936 14442
14442 936 13410
936 13410 14442
5772 9857 12903
9857 5772 12903
12903 5772 9857
14253 9882 11632
11632 9882 14253
9882 11632 14253
3491 100 12482
12482 100 3491
100 3491 12482
53 1822 11224
11224 53 1822
1822 53 11224
14289 3583 8100
3583 8100 14289
8100 3583 14289
14581 6691 14849
14849 6691 14581
6691 14581 14849
2653 4106 4620
4106 2653 4620
4620 2653 4106
5228 1673 14339
14339 1673 5228
1673 5228 14339
1469 4934 11579
4934 1469 11579
11579 1469 4934
6261 1694 11353
1694 6261 11353
11353 1694 6261
12083 42 2995
2995 42 12083
42 2995 12083
10962 3487 11239
11239 3487 10962
3487 10962 11239
14310 1151 12581
12581 1151 14310
1151 12581 14310
2473 7455 10290
7455 2473 10290
10290 2473 7455
281 2350 7029
2350 281 7029
7029 281 2350
844 10950 11060
10950 844 11060
11060 844 10950
2446 4163 14136
14136 2446 4163
4163 2446 14136
11384 55 10041
10041 55 11384
55 10041 11384
11960 5976 13520
13520 5976 11960
5976 11960 13520
13500 465 9623
465 9623 13500
9623 465 13500
9056 8091 14716
14716 8091 9056
8091 9056 14716
9538 12277 13571
13571 9538 12277
12277 9538 13571
5019 4953 14597
4953 5019 14597
14597 4953 5019
6047 4445 4962
4962 4445 6047
4445 4962 6047
9975 601 14508
14508 601 9975
601 9975 14508
14620 3517 5900
5900 3517 14620
3517 5900 14620
2229 839 14709
839 2229 14709
14709 839 2229
6671 4801 14976
14976 4801 6671
4801 6671 14976
4311 770 1347
770 1347 4311
1347 770 4311
11061 2691 13626
2691 11061 13626
13626 2691 11061
1412 5564 5730
5730 1412 5564
5564 1412 5730
8183 2831 4223
4223 2831 8183
2831 4223 8183
11922 4358 9816
4358 9816 11922
9816 4358 11922
4936 9327 13533
13533 4936 9327
9327 4936 13533
395 3705 9920
3705 395 9920
9920 395 3705
9783 938 4490
938 4490 9783
4490 938 9783
4044 3495 5903
3495 4044 5903
5903 3495 4044
1374 7689 13044
7689 1374 13044
13044 1374 7689
1435 7954 10199
10199 1435 7954
7954 1435 10199
11995 3670 8023
3670 8023 11995
8023 3670 11995
9871 1193 14945
14945 1193 9871
1193 9871 14945
13494 5768 9502
5768 9502 13494
9502 5768 13494
1928 3781 4791
4791 1928 3781
3781 1928 4791
8821 4149 10235
10235 4149 8821
4149 8821 10235
6568 2781 13677
2781 6568 13677
13677 2781 6568
13977 2238 7378
7378 2238 13977
2238 7378 13977
7780 5786 11303
5786 7780 11303
11303 5786 7780
3396 10310 13434
10310 3396 13434
13434 3396 10310
10938 273 13579
13579 273 10938
273 10938 13579
6187 3939 11858
11858 3939 6187
3939 6187 11858
1112 187 8158
8158 187 1112
187 1112 8158
8591 10644 12323
10644 8591 12323
12323 8591 10644
2570 8753 14781
8753 2570 14781
14781 2570 8753
9731 1043 8095
8095 1043 9731
1043 8095 9731
9795 6229 9514
6229 9514 9795
9514 6229 9795
14852 421 2472
421 2472 14852
2472 421 14852
2312 1163 12547
1163 2312 12547
12547 1163 2312
6765 4435 12600
12600 4435 6765
4435 6765 12600
5776 6777 10160
10160 5776 6777
6777 5776 10160
6392 6391 8225
8225 6391 6392
6391 6392 8225
12096 99 12837
99 12096 12837
12837 99 12096
6167 6751 9715
6751 6167 9715
9715 6167 6751
1181 4595 7058
7058 1181 4595
4595 1181 7058
6459 4973 7913
4973 6459 7913
7913 4973 6459
10516 5463 7490
7490 5463 10516
5463 7490 10516
5283 1869 11415
1869 5283 11415
11415 1869 5283
12111 1264 12548
1264 12111 12548
12548 1264 12111
3492 4820 7078
7078 3492 4820
4820 3492 7078
1862 4948 7718
4948 1862 7718
7718 1862 4948
6799 8713 13853
13853 6799 8713
8713 6799 13853
5250 104 10608
104 5250 10608
10608 104 5250
9130 224 11710
11710 224 9130
224 9130 11710
2809 8785 12624
8785 2809 12624
12624 2809 8785
10036 6931 11331
6931 10036 11331
11331 6931 10036
2144 10019 12424
10019 2144 12424
12424 2144 10019
2320 13048 13386
13386 2320 13048
13048 2320 13386
3609 4471 8927
4471 3609 8927
8927 3609 4471
5139 6148 13405
13405 5139 6148
6148 5139 13405
3319 4600 9047
4600 3319 9047
9047 3319 4600
8471 3041 12168
3041 8471 12168
12168 3041 8471
12459 8677 14018
14018 8677 12459
8677 12459 14018
7935 368 4339
4339 368 7935
368 4339 7935
8145 9331 9905
9331 8145 9905
9905 8145 9331
13254 2239 8479
8479 2239 13254
2239 8479 13254
10088 6056 12986
6056 10088 12986
12986 6056 10088
11578 1972 12906
1972 11578 12906
12906 1972 11578
2796 1231 13798
13798 1231 2796
1231 2796 13798
12402 1056 14654
1056 12402 14654
14654 1056 12402
12622 4380 10671
4380 10671 12622
10671 4380 12622
12934 5979 6438
6438 5979 12934
5979 6438 12934
3954 5342 14942
5342 3954 14942
14942 3954 5342
8126 6147 13037
6147 8126 13037
13037 6147 8126
4034 1834 11905
11905 1834 4034
1834 4034 11905
6138 5174 11213
5174 6138 11213
11213 5174 6138
14456 314 2581
2581 314 14456
314 2581 14456
5811 16 9886
16 5811 9886
9886 16 5811
2092 8451 14961
14961 2092 8451
8451 2092 14961
8776 431 12084
431 8776 12084
12084 431 8776
7850 2786 12768
2786 7850 12768
12768 2786 7850
5861 3009 11540
11540 3009 5861
3009 5861 11540
10866 5727 11198
11198 5727 10866
5727 10866 11198
12320 87 7373
87 7373 12320
7373 87 12320
1302 6418 12085
12085 1302 6418
6418 1302 12085
12015 657 6499
657 6499 12015
6499 657 12015
5553 5536 10317
5536 5553 10317
10317 5536 5553
1899 1859 12055
12055 1859 1899
1859 1899 12055
9793 13277 13709
13277 9793 13709
13709 9793 13277
1405 407 7301
407 1405 7301
7301 407 1405
7619 1984 11204
1984 7619 11204
11204 1984 7619
1390 5300 6707
5300 1390 6707
6707 1390 5300
1753 8655 14401
14401 1753 8655
8655 1753 14401
7760 1893 4344
4344 1893 7760
1893 4344 7760
9605 1943 14054
1943 9605 14054
14054 1943 9605
353 3117 5871
5871 353 3117
3117 353 5871
6119 3479 14107
3479 6119 14107
14107 3479 6119
4095 2765 12220
2765 4095 12220
12220 2765 4095
8770 9237 9851
9237 8770 9851
9851 8770 9237
14296 12361 12588
12588 12361 14296
12361 12588 14296
6914 7190 10796
7190 6914 10796
10796 6914 7190
8279 8328 11397
8328 8279 11397
11397 8279 8328
8083 9925 10238
10238 8083 9925
9925 8083 10238
5405 11821 13815
11821 5405 13815
13815 5405 11821
1786 4971 6935
6935 1786 4971
4971 1786 6935
6708 162 7967
162 6708 7967
7967 162 6708
13117 5298 8748
5298 8748 13117
8748 5298 13117
6544 1124 11694
11694 1124 6544
1124 6544 11694
5993 13061 13979
13979 5993 13061
13061 5993 13979
13554 5585 8308
5585 8308 13554
8308 5585 13554
174 6790 13305
6790 174 13305
13305 174 6790
7971 1004 11897
1004 7971 11897
11897 1004 7971
14404 548 7551
548 7551 14404
7551 548 14404
12911 56 8887
8887 56 12911
56 8887 12911
12454 7257 14145
7257 12454 14145
14145 7257 12454
4222 3978 10680
10680 3978 4222
3978 4222 10680
865 6986 13557
6986 865 13557
13557 865 6986
4087 898 14515
898 4087 14515
14515 898 4087
6350 12435 13479
13479 6350 12435
12435 6350 13479
5946 9286 9571
9286 5946 9571
9571 5946 9286
13100 7615 8439
7615 8439 13100
8439 7615 13100
4527 7523 9097
7523 4527 9097
9097 4527 7523
13058 7430 9172
9172 7430 13058
7430 9172 13058
13886 11164 12395
12395 11164 13886
11164 12395 13886
10748 8738 13384
8738 10748 13384
13384 8738 10748
9559 10445 12066
12066 9559 10445
10445 9559 12066
9133 537 6857
537 6857 9133
6857 537 9133
11038 4878 13817
4878 11038 13817
13817 4878 11038
4071 11831 14825
11831 4071 14825
14825 4071 11831
7773 5539 10569
10569 5539 7773
5539 7773 10569
2840 1607 14639
1607 2840 14639
14639 1607 2840
10665 7916 11030
7916 10665 11030
11030 7916 10665
13858 13682 14766
14766 13682 13858
13682 13858 14766
3129 738 3833
738 3129 3833
3833 738 3129
6015 9666 12602
12602 6015 9666
9666 6015 12602
2055 8959 12229
8959 2055 12229
12229 2055 8959
5512 5918 11416
5918 5512 11416
11416 5512 5918
14635 5975 6433
5975 6433 14635
6433 5975 14635
10954 3783 5997
5997 3783 10954
3783 5997 10954
2281 7126 9518
7126 2281 9518
9518 2281 7126
3069 3021 6414
3021 3069 6414
6414 3021 3069
6860 356 6985
6985 356 6860
356 6860 6985
1703 3840 7887
3840 1703 7887
7887 1703 3840
14919 7017 10880
7017 10880 14919
10880 7017 14919
1419 7182 10331
7182 1419 10331
10331 1419 7182
8016 435 3167
435 3167 8016
3167 435 8016
14073 916 9828
9828 916 14073
916 9828 14073
3577 8777 13707
13707 3577 8777
8777 3577 13707
9921 4525 12248
4525 9921 12248
12248 4525 9921
13371 430 11654
11654 430 13371
430 11654 13371
5571 346 5038
5038 346 5571
346 5038 5571
11210 5882 10276
5882 10276 11210
10276 5882 11210
590 13376 14216
14216 590 13376
13376 590 14216
4826 866 3904
3904 866 4826
866 3904 4826
10577 10416 13408
10416 10577 13408
13408 10416 10577
13262 2776 4319
2776 4319 13262
4319 2776 13262
10159 5781 6652
6652 5781 10159
5781 6652 10159
1565 3327 4567
3327 1565 4567
4567 1565 3327
4473 1071 11034
1071 4473 11034
11034 1071 4473
2480 1025 14846
14846 1025 2480
1025 2480 14846
12780 7504 12005
12005 7504 12780
7504 12005 12780
5397 4328 5107
5107 4328 5397
4328 5107 5397
6389 6832 7211
6832 6389 7211
7211 6389 6832
14733 9978 11682
9978 11682 14733
11682 9978 14733
1952 6798 8302
6798 1952 8302
8302 1952 6798
6848 497 9826
497 6848 9826
9826 497 6848
13954 8355 9661
8355 9661 13954
9661 8355 13954
10479 7586 8948
8948 7586 10479
7586 8948 10479
4539 2462 5905
2462 4539 5905
5905 2462 4539
12508 1102 10263
1102 10263 12508
10263 1102 12508
13206 6253 12099
12099 6253 13206
6253 12099 13206
5774 1582 11383
1582 5774 11383
11383 1582 5774
7128 4648 7896
7896 4648 7128
4648 7128 7896
3038 2788 9406
9406 2788 3038
2788 3038 9406
2933 10730 12863
10730 2933 12863
12863 2933 10730
3854 6539 9825
9825 3854 6539
6539 3854 9825
5043 7309 11789
11789 5043 7309
7309 5043 11789
11283 1075 13178
13178 1075 11283
1075 11283 13178
14279 8147 8923
8923 8147 14279
8147 8923 14279
12949 10729 13357
10729 12949 13357
13357 10729 12949
12609 749 4667
749 4667 12609
4667 749 12609
4713 2390 6627
2390 4713 6627
6627 2390 4713
8883 3916 11889
11889 3916 8883
3916 8883 11889
3002 1606 5001
5001 1606 3002
1606 3002 5001
4743 2452 12826
2452 4743 12826
12826 2452 4743
9831 5113 8933
8933 5113 9831
5113 8933 9831
7878 10455 14965
10455 7878 14965
14965 7878 10455
11568 4181 4432
4181 4432 11568
4432 4181 11568
2722 6308 12972
12972 2722 6308
6308 2722 12972
4803 3314 14191
3314 4803 14191
14191 3314 4803
3380 2400 11058
2400 3380 11058
11058 2400 3380
8708 11849 13723
13723 8708 11849
11849 8708 13723
779 1803 7829
1803 779 7829
7829 779 1803
14963 2755 8848
2755 8848 14963
8848 2755 14963
5213 2586 10963
2586 5213 10963
10963 2586 5213
1111 3121 7082
7082 1111 3121
3121 1111 7082
5924 6358 9794
6358 5924 9794
9794 5924 6358
9942 9160 14999
9160 9942 14999
14999 9160 9942
11329 11587 13234
13234 11329 11587
11587 11329 13234
385 1353 3422
3422 385 1353
1353 385 3422
7318 2039 6375
6375 2039 7318
2039 6375 7318
8059 1705 7331
7331 1705 8059
1705 7331 8059
13503 7013 9213
9213 7013 13503
7013 9213 13503
5748 7335 14082
7335 5748 14082
14082 5748 7335
14792 761 13239
13239 761 14792
761 13239 14792
8939 4058 10188
10188 4058 8939
4058 8939 10188
449 6706 11168
6706 449 11168
11168 449 6706
6994 178 9753
178 6994 9753
9753 178 6994
13222 1750 2040
2040 1750 13222
1750 2040 13222
11361 374 7148
7148 374 11361
374 7148 11361
5902 944 10909
944 5902 10909
10909 944 5902
13327 5484 13380
13380 5484 13327
5484 13327 13380
2307 9053 9388
9053 2307 9388
9388 2307 9053
3255 1125 10093
10093 1125 3255
1125 3255 10093
5639 4258 9088
9088 4258 5639
4258 5639 9088
11620 6805 13031
13031 6805 11620
6805 11620 13031
7469 6278 14212
6278 7469 14212
14212 6278 7469
12973 6643 9077
6643 9077 12973
9077 6643 12973
2569 8666 13288
8666 2569 13288
13288 2569 8666
5606 10337 11233
11233 5606 10337
10337 5606 11233
12328 2974 12951
12951 2974 12328
2974 12328 12951
7934 7856 11504
7856 7934 11504
11504 7856 7934
3717 4929 7636
4929 3717 7636
7636 3717 4929
3902 6578 9166
9166 3902 6578
6578 3902 9166
13242 2607 4549
2607 4549 13242
4549 2607 13242
4287 5399 11436
5399 4287 11436
11436 4287 5399
12627 5238 6806
5238 6806 12627
6806 5238 12627
1063 935 8379
935 1063 8379
8379 935 1063
11751 4189 5719
5719 4189 11751
4189 5719 11751
7831 4722 6987
4722 6987 7831
6987 4722 7831
10232 1739 12318
1739 10232 12318
12318 1739 10232
14258 6898 12394
6898 12394 14258
12394 6898 14258
13122 13973 14359
13973 13122 14359
14359 13122 13973
12799 9447 11304
11304 9447 12799
9447 11304 12799
14274 6603 12703
12703 6603 14274
6603 12703 14274
1068 9438 10399
10399 1068 9438
9438 1068 10399
2435 337 6394
337 2435 6394
6394 337 2435
11656 3779 13614
13614 3779 11656
3779 11656 13614
4102 11604 13180
11604 4102 13180
13180 4102 11604
4616 10024 10379
10379 4616 10024
10024 4616 10379
14660 2511 10688
2511 10688 14660
10688 2511 14660
14950 11091 11731
11091 11731 14950
11731 11091 14950
11520 8510 14015
8510 11520 14015
14015 8510 11520
7909 10892 11250
10892 7909 11250
11250 7909 10892
4939 3759 4048
3759 4048 4939
4048 3759 4939
10378 9324 14453
14453 9324 10378
9324 10378 14453
14557 13200 14941
14941 13200 14557
13200 14557 14941
10705 2858 7216
7216 2858 10705
2858 7216 10705
10184 2139 14524
2139 10184 14524
14524 2139 10184
13413 13110 13271
13271 13110 13413
13110 13271 13413
10495 3647 13299
13299 3647 10495
3647 10495 13299
697 138 6083
6083 138 697
138 697 6083
14218 10654 11447
10654 11447 14218
11447 10654 14218
12638 4512 10207
10207 4512 12638
4512 10207 12638
11573 2309 12400
2309 11573 12400
12400 2309 11573
13964 715 12204
715 12204 13964
12204 715 13964
2392 3001 7193
7193 2392 3001
3001 2392 7193
8804 5166 5534
5534 5166 8804
5166 5534 8804
5995 511 8740
511 5995 8740
8740 511 5995
5789 1910 10695
10695 1910 5789
1910 5789 10695
5991 6073 12629
6073 5991 12629
12629 5991 6073
9836 5215 11185
5215 9836 11185
11185 5215 9836
14987 11334 14632
11334 14632 14987
14632 11334 14987
9373 3807 12882
3807 9373 12882
12882 3807 9373
4506 8229 11569
11569 4506 8229
8229 4506 11569
8170 5920 12387
5920 8170 12387
12387 5920 8170
12521 4444 14058
4444 12521 14058
14058 4444 12521
9105 10818 11635
11635 9105 10818
10818 9105 11635
3742 9255 14150
14150 3742 9255
9255 3742 14150
1166 256 5455
256 1166 5455
5455 256 1166
8141 1652 2537
1652 2537 8141
2537 1652 8141
14562 605 6912
605 6912 14562
6912 605 14562
14469 4260 12345
12345 4260 14469
4260 12345 14469
14667 5426 8332
8332 5426 14667
5426 8332 14667
855 5659 5717
5659 855 5717
5717 855 5659
6137 6989 13889
13889 6137 6989
6989 6137 13889
9853 4901 12461
12461 4901 9853
4901 9853 12461
7107 4888 7025
7025 4888 7107
4888 7025 7107
13704 2927 13103
13103 2927 13704
2927 13103 13704
8359 3151 5247
3151 5247 8359
5247 3151 8359
8782 7305 7359
7359 7305 8782
7305 7359 8782
6400 9121 10270
9121 6400 10270
10270 6400 9121
8437 1080 3899
1080 3899 8437
3899 1080 8437
12428 5041 11290
11290 5041 12428
5041 11290 12428
2981 5888 7882
5888 2981 7882
7882 2981 5888
11902 8935 11648
11648 8935 11902
8935 11648 11902
1605 6085 10597
6085 1605 10597
10597 1605 6085
1519 381 7200
381 1519 7200
7200 381 1519
5407 5451 9423
5451 5407 9423
9423 5407 5451
12881 176 5349
176 5349 12881
5349 176 12881
8013 7295 14006
7295 8013 14006
14006 7295 8013
13161 9280 13597
13597 9280 13161
9280 13161 13597
7001 751 4996
4996 751 7001
751 4996 7001
13738 1909 6794
1909 6794 13738
6794 1909 13738
9365 4656 7231
4656 7231 9365
7231 4656 9365
12141 4316 6740
6740 4316 12141
4316 6740 12141
12888 8536 14930
14930 8536 12888
8536 12888 14930
6133 9618 11717
11717 6133 9618
9618 6133 11717
6210 6847 14316
14316 6210 6847
6847 6210 14316
9169 4289 4798
4289 4798 9169
4798 4289 9169
14819 10927 11503
10927 11503 14819
11503 10927 14819
220 1716 2375
2375 220 1716
1716 220 2375
1062 3273 8179
8179 1062 3273
3273 1062 8179
6822 1666 6041
1666 6041 6822
6041 1666 6822
9971 2719 10820
10820 2719 9971
2719 9971 10820
10315 11197 13713
13713 10315 11197
11197 10315 13713
4395 365 14312
14312 365 4395
365 4395 14312
4240 10551 14100
10551 4240 14100
14100 4240 10551
13064 4249 14002
14002 4249 13064
4249 13064 14002
14496 4332 11031
4332 11031 14496
11031 4332 14496
13074 5523 8277
5523 8277 13074
8277 5523 13074
9208 3112 13863
3112 9208 13863
13863 3112 9208
6238 4844 9389
9389 4844 6238
4844 6238 9389
9379 597 11338
11338 597 9379
597 9379 11338
14228 5596 5632
5596 5632 14228
5632 5596 14228
7965 4975 12067
12067 4975 7965
4975 7965 12067
5306 1449 4431
1449 4431 5306
4431 1449 5306
8053 8098 14081
8098 8053 14081
14081 8053 8098
13240 9695 14478
14478 9695 13240
9695 13240 14478
7685 1758 2944
1758 2944 7685
2944 1758 7685
4051 788 1228
788 1228 4051
1228 788 4051
9520 6293 9573
6293 9520 9573
9573 6293 9520
7044 5582 8889
8889 5582 7044
5582 7044 8889
4039 6689 7197
6689 4039 7197
7197 4039 6689
14197 2454 5728
5728 2454 14197
2454 5728 14197
1454 1288 2655
1288 1454 2655
2655 1288 1454
3423 1229 11040
1229 3423 11040
11040 1229 3423
11981 2022 5417
5417 2022 11981
2022 5417 11981
4692 890 3119
890 3119 4692
3119 890 4692
14333 1588 3969
1588 3969 14333
3969 1588 14333
10573 5990 14023
5990 10573 14023
14023 5990 10573
320 4478 11149
11149 320 4478
4478 320 11149
7612 5678 13004
13004 5678 7612
5678 7612 13004
10032 3428 11813
11813 3428 10032
3428 10032 11813
9916 7857 12645
7857 9916 12645
12645 7857 9916
483 121 2962
2962 121 483
121 483 2962
5685 4412 14861
4412 5685 14861
14861 4412 5685
7101 4924 12456
12456 4924 7101
4924 7101 12456
9296 4318 4365
4365 4318 9296
4318 4365 9296
10930 5731 6681
5731 6681 10930
6681 5731 10930
12920 1123 4310
4310 1123 12920
1123 4310 12920
4809 10795 12116
12116 4809 10795
10795 4809 12116
6463 6687 7762
6687 6463 7762
7762 6463 6687
8727 6429 14322
6429 8727 14322
14322 6429 8727
14086 5646 11851
5646 11851 14086
11851 5646 14086
7559 2404 10476
2404 7559 10476
10476 2404 7559
11294 12087 14914
12087 11294 14914
14914 11294 12087
12142 8618 10177
10177 8618 12142
8618 10177 12142
308 1782 14720
1782 308 14720
14720 308 1782
11677 452 9759
9759 452 11677
452 9759 11677
1555 3384 3772
3384 1555 3772
3772 1555 3384
278 9139 14648
14648 278 9139
9139 278 14648
1891 13019 13818
13019 1891 13818
13818 1891 13019
2976 1960 5511
5511 1960 2976
1960 2976 5511
12981 818 1927
1927 818 12981
818 1927 12981
1055 1890 12635
1890 1055 12635
12635 1055 1890
10244 2027 4861
4861 2027 10244
2027 4861 10244
12770 5634 8523
8523 5634 12770
5634 8523 12770
9168 8751 11800
11800 8751 9168
8751 9168 11800
3102 2877 13612
13612 2877 3102
2877 3102 13612
666 8862 10742
10742 666 8862
8862 666 10742
3143 4081 10015
10015 3143 4081
4081 3143 10015
5801 692 12874
692 5801 12874
12874 692 5801
11007 3132 6014
6014 3132 11007
3132 6014 11007
14982 963 8389
963 8389 14982
8389 963 14982
10297 4758 14205
4758 10297 14205
14205 4758 10297
10419 1795 2736
2736 1795 10419
1795 2736 10419
268 8068 13219
8068 268 13219
13219 268 8068
14354 2394 7030
2394 7030 14354
7030 2394 14354
4317 10481 11277
10481 4317 11277
11277 4317 10481
14966 6117 10410
10410 6117 14966
6117 10410 14966
13547 2164 6288
6288 2164 13547
2164 6288 13547
5866 580 1081
1081 580 5866
580 1081 5866
2148 12452 13667
13667 2148 12452
12452 2148 13667
2686 7003 14397
14397 2686 7003
7003 2686 14397
2201 636 5015
5015 636 2201
636 2201 5015
13583 4388 7943
7943 4388 13583
4388 7943 13583
6837 5136 5629
5136 5629 6837
5629 5136 6837
5904 3494 7768
7768 3494 5904
3494 5904 7768
13648 13537 14863
13537 13648 14863
14863 13537 13648
11952 9646 14665
14665 9646 11952
9646 11952 14665
13749 7225 9233
9233 7225 13749
7225 9233 13749
10894 6465 9372
6465 9372 10894
9372 6465 10894
6735 459 12503
12503 459 6735
459 6735 12503
10139 2616 13215
13215 2616 10139
2616 10139 13215
6095 2634 10325
10325 2634 6095
2634 6095 10325
12200 8153 10280
10280 8153 12200
8153 10280 12200
4273 10821 10926
10821 4273 10926
10926 4273 10821
8853 747 3925
747 3925 8853
3925 747 8853
4559 8034 14671
8034 4559 14671
14671 4559 8034
14689 6032 9007
9007 6032 14689
6032 9007 14689
12119 5195 8546
8546 5195 12119
5195 8546 12119
14673 1603 12422
12422 1603 14673
1603 12422 14673
13684 850 1585
850 1585 13684
1585 850 13684
7012 5102 9773
5102 7012 9773
9773 5102 7012
251 1726 12404
12404 251 1726
1726 251 12404
9838 272 6791
6791 272 9838
272 6791 9838
8245 3635 7163
3635 7163 8245
7163 3635 8245
1262 734 13804
13804 734 1262
734 1262 13804
1306 1154 7858
7858 1154 1306
1154 1306 7858
2296 10967 11839
11839 2296 10967
10967 2296 11839
11523 6286 8656
8656 6286 11523
6286 8656 11523
5129 6948 14242
14242 5129 6948
6948 5129 14242
1691 11159 14832
11159 1691 14832
14832 1691 11159
7334 8717 12296
12296 7334 8717
8717 7334 12296
900 5999 9404
5999 900 9404
9404 900 5999
11480 7767 14276
14276 7767 11480
7767 11480 14276
2458 6096 13229
13229 2458 6096
6096 2458 13229
14190 13201 14036
14036 13201 14190
13201 14036 14190
3734 1377 1821
1377 1821 3734
1821 1377 3734
4915 448 11491
11491 448 4915
448 4915 11491
513 12979 14601
14601 513 12979
12979 513 14601
11930 2742 13549
13549 2742 11930
2742 11930 13549
10491 1777 11117
1777 10491 11117
11117 1777 10491
6076 566 584
584 566 6076
566 584 6076
6020 5093 13551
13551 5093 6020
5093 6020 13551
13986 334 7470
7470 334 13986
334 7470 13986
13321 5828 10823
10823 5828 13321
5828 10823 13321
1654 2142 7610
7610 1654 2142
2142 1654 7610
1671 2498 9109
2498 1671 9109
9109 1671 2498
11337 1100 11541
1100 11337 11541
11541 1100 11337
3816 7123 8919
8919 3816 7123
7123 3816 8919
2384 6862 9832
6862 2384 9832
9832 2384 6862
2946 10758 12619
10758 2946 12619
12619 2946 10758
11598 5205 12955
5205 11598 12955
12955 5205 11598
6262 1737 7549
7549 1737 6262
1737 6262 7549
9746 9513 9565
9513 9565 9746
9565 9513 9746
4521 6432 11033
6432 4521 11033
11033 4521 6432
6315 6475 6943
6475 6315 6943
6943 6315 6475
3959 5200 13081
13081 3959 5200
5200 3959 13081
192 10441 12524
12524 192 10441
10441 192 12524
324 4427 8986
8986 324 4427
4427 324 8986
836 2158 2817
2817 836 2158
2158 836 2817
8657 10258 11219
10258 8657 11219
11219 8657 10258
593 9821 13768
9821 593 13768
13768 593 9821
5003 1225 12289
1225 5003 12289
12289 1225 5003
3172 8833 14047
14047 3172 8833
8833 3172 14047
7791 130 2311
130 2311 7791
2311 130 7791
11730 2131 7745
7745 2131 11730
2131 7745 11730
13980 7985 14955
7985 13980 14955
14955 7985 13980
3161 8028 13090
8028 3161 13090
13090 3161 8028
3501 775 6762
6762 775 3501
775 3501 6762
6081 5079 9343
9343 5079 6081
5079 6081 9343
3332 11662 13293
13293 3332 11662
11662 3332 13293
11802 628 6317
6317 628 11802
628 6317 11802
4613 4235 12244
4235 4613 12244
12244 4235 4613
2501 1968 13508
13508 1968 2501
1968 2501 13508
14736 6733 12753
12753 6733 14736
6733 12753 14736
2181 8325 12913
8325 2181 12913
12913 2181 8325
2659 140 8367
140 2659 8367
8367 140 2659
6789 152 2330
2330 152 6789
152 2330 6789
7386 1110 11142
11142 1110 7386
1110 7386 11142
4762 1416 13319
1416 4762 13319
13319 1416 4762
14704 7690 14680
14680 7690 14704
7690 14680 14704
7582 10487 13476
13476 7582 10487
10487 7582 13476
4629 9574 10899
10899 4629 9574
9574 4629 10899
12516 1064 6066
1064 6066 12516
6066 1064 12516
11513 5465 14011
5465 11513 14011
14011 5465 11513
5980 8019 14317
8019 5980 14317
14317 5980 8019
6464 2741 2775
2741 2775 6464
2775 2741 6464
14092 9681 10679
10679 9681 14092
9681 10679 14092
10771 5676 8667
5676 8667 10771
8667 5676 10771
10580 194 837
837 194 10580
194 837 10580
1244 6010 10254
10254 1244 6010
6010 1244 10254
7571 5410 11723
5410 7571 11723
11723 5410 7571
8116 11910 11921
11921 8116 11910
11910 8116 11921
5911 1328 14901
1328 5911 14901
14901 1328 5911
14640 11580 14459
14459 11580 14640
11580 14459 14640
14135 8588 10828
8588 10828 14135
10828 8588 14135
2026 8669 9006
8669 2026 9006
9006 2026 8669
7816 9226 10127
10127 7816 9226
9226 7816 10127
6110 10426 13789
13789 6110 10426
10426 6110 13789
5211 13027 13509
13509 5211 13027
13027 5211 13509
