1412 324 1200
1200 324 1412
324 1200 1412
571 1080 1447
1080 571 1447
1447 571 1080
33 147 397
147 33 397
397 33 147
617 80 484
80 484 617
484 80 617
842 245 340
340 245 842
245 340 842
333 146 1223
1223 146 333
146 333 1223
2 1168 1238
1238 2 1168
1168 2 1238
154 346 1069
346 154 1069
1069 154 346
670 172 283
172 283 670
283 172 670
415 809 1033
1033 415 809
809 415 1033
135 195 1438
1438 135 195
195 135 1438
1282 1091 1278
1278 1091 1282
1091 1278 1282
1339 812 1024
1024 812 1339
812 1024 1339
709 372 1118
372 709 1118
1118 372 709
907 84 1106
84 907 1106
1106 84 907
1108 648 854
854 648 1108
648 854 1108
249 257 712
712 249 257
257 249 712
26 390 1097
390 26 1097
1097 26 390
1494 111 142
142 111 1494
111 142 1494
52 22 1374
1374 22 52
22 52 1374
9 235 657
657 9 235
235 9 657
786 898 1470
1470 786 898
898 786 1470
437 60 213
213 60 437
60 213 437
85 612 1188
612 85 1188
1188 85 612
1170 513 686
513 686 1170
686 513 1170
1027 354 588
588 354 1027
354 588 1027
839 321 1437
1437 321 839
321 839 1437
419 1377 1476
1476 419 1377
1377 419 1476
653 404 912
404 653 912
912 404 653
1019 166 1044
1044 166 1019
166 1019 1044
763 139 1148
1148 139 763
139 763 1148
726 441 501
441 501 726
501 441 726
758 913 928
928 758 913
913 758 928
853 636 1093
636 853 1093
1093 636 853
288 872 1435
1435 288 872
872 288 1435
410 902 973
902 410 973
973 410 902
1153 1155 1246
1155 1153 1246
1246 1153 1155
161 316 1229
1229 161 316
316 161 1229
934 315 1049
315 934 1049
1049 315 934
1066 208 320
320 208 1066
208 320 1066
138 532 841
532 138 841
841 138 532
836 206 607
607 206 836
206 607 836
689 337 1110
337 689 1110
1110 337 689
1461 118 402
402 118 1461
118 402 1461
240 274 1187
274 240 1187
1187 240 274
823 794 1376
794 823 1376
1376 794 823
1257 231 652
652 231 1257
231 652 1257
1273 635 901
635 901 1273
901 635 1273
759 772 962
962 759 772
772 759 962
665 355 778
355 665 778
778 355 665
1096 741 784
741 784 1096
784 741 1096
174 32 220
32 174 220
220 32 174
465 342 1405
342 465 1405
1405 342 465
485 155 291
291 155 485
155 291 485
976 687 1128
687 976 1128
1128 687 976
190 438 440
438 190 440
440 190 438
971 559 925
925 559 971
559 925 971
247 1011 1142
1011 247 1142
1142 247 1011
43 276 666
276 43 666
666 43 276
158 165 1362
165 158 1362
1362 158 165
196 414 1087
414 196 1087
1087 196 414
1022 767 1117
767 1022 1117
1117 767 1022
1143 734 1052
734 1052 1143
1052 734 1143
1457 719 1386
719 1386 1457
1386 719 1457
203 609 1062
1062 203 609
609 203 1062
518 1130 1383
1383 518 1130
1130 518 1383
1259 113 918
113 918 1259
918 113 1259
132 209 982
209 132 982
982 132 209
1220 622 1121
622 1121 1220
1121 622 1220
233 71 549
549 71 233
71 233 549
1012 939 942
942 939 1012
939 942 1012
1496 808 1255
808 1255 1496
1255 808 1496
1454 909 1046
909 1046 1454
1046 909 1454
1489 202 1218
202 1218 1489
1218 202 1489
643 398 1222
398 643 1222
1222 398 643
1304 838 1445
838 1304 1445
1445 838 1304
347 223 1364
223 347 1364
1364 223 347
1232 403 1379
1379 403 1232
403 1232 1379
1264 477 1403
477 1264 1403
1403 477 1264
508 885 1198
1198 508 885
885 508 1198
538 627 1500
627 538 1500
1500 538 627
882 425 463
463 425 882
425 463 882
1298 12 44
44 12 1298
12 44 1298
753 25 63
63 25 753
25 63 753
239 280 505
280 239 505
505 239 280
1458 1111 1426
1426 1111 1458
1111 1426 1458
1261 586 961
961 586 1261
586 961 1261
722 1202 1345
1345 722 1202
1202 722 1345
694 442 947
442 694 947
947 442 694
210 170 950
950 170 210
170 210 950
1321 400 710
710 400 1321
400 710 1321
1031 525 1330
525 1031 1330
1330 525 1031
650 428 1444
1444 428 650
428 650 1444
279 248 1389
1389 248 279
248 279 1389
310 211 1276
1276 211 310
211 310 1276
383 16 804
16 383 804
804 16 383
1204 171 1216
171 1204 1216
1216 171 1204
782 444 862
862 444 782
444 782 862
266 519 1004
519 266 1004
1004 266 519
618 570 683
570 618 683
683 570 618
905 843 1129
843 905 1129
1129 843 905
1254 350 611
350 611 1254
611 350 1254
1234 568 977
977 568 1234
568 977 1234
662 454 910
910 454 662
454 662 910
1231 399 1065
399 1065 1231
1065 399 1231
990 86 543
86 543 990
543 86 990
1006 212 1349
1349 212 1006
212 1006 1349
1361 605 803
605 803 1361
803 605 1361
894 833 879
879 833 894
833 879 894
1139 156 969
156 969 1139
969 156 1139
93 776 1094
776 93 1094
1094 93 776
222 57 985
57 222 985
985 57 222
715 35 762
762 35 715
35 715 762
957 455 699
455 699 957
699 455 957
914 880 1280
880 914 1280
1280 880 914
760 889 1359
1359 760 889
889 760 1359
575 168 855
168 575 855
855 168 575
1109 1003 1277
1277 1003 1109
1003 1109 1277
1092 380 1408
1408 380 1092
380 1092 1408
192 597 795
597 192 795
795 192 597
424 1177 1270
1177 424 1270
1270 424 1177
136 1190 1392
1392 136 1190
1190 136 1392
1363 714 1354
1354 714 1363
714 1354 1363
76 11 201
11 76 201
201 11 76
1162 186 895
186 895 1162
895 186 1162
846 392 1279
392 846 1279
1279 392 846
182 143 1393
1393 143 182
143 182 1393
682 313 496
313 496 682
496 313 682
566 267 651
651 267 566
267 566 651
1160 65 1242
65 1160 1242
1242 65 1160
507 413 599
599 413 507
413 507 599
981 386 1491
386 981 1491
1491 386 981
752 103 640
103 640 752
640 103 752
692 159 1221
159 692 1221
1221 159 692
1372 1055 1253
1055 1253 1372
1253 1055 1372
560 127 265
265 127 560
127 265 560
1181 603 1271
603 1181 1271
1271 603 1181
563 272 530
272 530 563
530 272 563
332 1391 1478
1391 332 1478
1478 332 1391
1482 433 1014
433 1014 1482
1014 433 1482
768 448 1365
1365 448 768
448 768 1365
553 708 1163
1163 553 708
708 553 1163
739 124 1201
124 739 1201
1201 124 739
637 114 742
742 114 637
114 637 742
1469 129 1013
129 1013 1469
1013 129 1469
535 381 1107
1107 381 535
381 535 1107
97 674 1244
1244 97 674
674 97 1244
495 952 1475
1475 495 952
952 495 1475
385 53 55
53 55 385
55 53 385
951 134 1086
1086 134 951
134 951 1086
376 198 460
198 376 460
460 198 376
696 140 757
757 140 696
140 696 757
486 579 738
738 486 579
579 486 738
1325 365 1047
1047 365 1325
365 1047 1325
502 1306 1317
1306 502 1317
1317 502 1306
1064 275 802
275 802 1064
802 275 1064
1466 489 593
593 489 1466
489 593 1466
821 848 992
848 821 992
992 821 848
716 330 1487
1487 330 716
330 716 1487
160 189 241
241 160 189
189 160 241
62 1382 1455
1455 62 1382
1382 62 1455
181 36 900
36 181 900
900 36 181
932 1133 1402
1133 932 1402
1402 932 1133
1138 1481 1495
1481 1138 1495
1495 1138 1481
1329 514 537
537 514 1329
514 537 1329
1404 89 1191
1191 89 1404
89 1191 1404
1497 284 1247
1247 284 1497
284 1247 1497
614 547 1054
547 614 1054
1054 547 614
1060 1057 1230
1230 1057 1060
1057 1060 1230
1074 1420 1480
1480 1074 1420
1420 1074 1480
151 19 87
87 19 151
19 87 151
1205 884 1401
884 1205 1401
1401 884 1205
1499 548 718
718 548 1499
548 718 1499
469 958 1309
958 469 1309
1309 469 958
938 1290 1417
1290 938 1417
1417 938 1290
688 115 540
540 115 688
115 540 688
986 888 1406
888 986 1406
1406 888 986
1316 123 552
552 123 1316
123 552 1316
698 13 1396
13 698 1396
1396 13 698
126 214 700
214 126 700
700 126 214
1126 967 1194
1194 967 1126
967 1126 1194
1077 416 1266
416 1077 1266
1266 416 1077
81 610 997
997 81 610
610 81 997
527 141 730
141 527 730
730 141 527
423 422 703
422 423 703
703 422 423
50 727 1281
1281 50 727
727 50 1281
725 1045 1249
1249 725 1045
1045 725 1249
948 262 668
668 262 948
262 668 948
996 191 595
191 595 996
595 191 996
137 5 1169
1169 5 137
5 137 1169
292 1165 1305
1305 292 1165
1165 292 1305
318 48 989
989 48 318
48 318 989
1059 4 541
4 541 1059
541 4 1059
881 51 1283
1283 51 881
51 881 1283
261 391 480
391 261 480
480 261 391
608 401 1338
1338 401 608
401 608 1338
1292 1043 1358
1358 1043 1292
1043 1292 1358
349 556 856
556 349 856
856 349 556
1061 116 487
487 116 1061
116 487 1061
271 221 1297
221 271 1297
1297 221 271
183 290 1258
1258 183 290
290 183 1258
1032 29 621
29 621 1032
621 29 1032
264 1295 1467
1295 264 1467
1467 264 1295
993 40 100
40 100 993
100 40 993
835 1002 1473
1002 835 1473
1473 835 1002
890 294 1348
294 890 1348
1348 294 890
319 584 921
921 319 584
584 319 921
972 995 1050
1050 972 995
995 972 1050
1474 797 1434
1434 797 1474
797 1434 1474
844 388 994
388 844 994
994 388 844
956 15 102
15 102 956
102 15 956
282 446 1239
446 282 1239
1239 282 446
30 109 1468
109 30 1468
1468 30 109
896 827 1337
1337 827 896
827 896 1337
733 1323 1416
1323 733 1416
1416 733 1323
946 384 1483
1483 384 946
384 946 1483
796 511 883
883 511 796
511 796 883
351 702 732
732 351 702
702 351 732
1245 497 1020
1020 497 1245
497 1020 1245
572 83 475
83 475 572
475 83 572
418 360 1217
1217 360 418
360 418 1217
647 1224 1324
1324 647 1224
1224 647 1324
529 1135 1486
1486 529 1135
1135 529 1486
421 717 787
787 421 717
717 421 787
185 713 1070
1070 185 713
713 185 1070
82 99 1039
99 82 1039
1039 82 99
328 482 1471
482 328 1471
1471 328 482
924 70 443
70 443 924
443 70 924
735 153 1397
1397 153 735
153 735 1397
526 587 781
587 526 781
781 526 587
335 679 970
679 335 970
970 335 679
1428 117 458
458 117 1428
117 458 1428
1042 447 459
447 459 1042
459 447 1042
336 557 1235
1235 336 557
557 336 1235
723 457 1341
1341 457 723
457 723 1341
18 130 1462
130 18 1462
1462 18 130
468 307 965
307 468 965
965 307 468
1182 253 920
920 253 1182
253 920 1182
545 850 926
850 545 926
926 545 850
45 1236 1287
1287 45 1236
1236 45 1287
983 466 874
874 466 983
466 874 983
329 177 1384
1384 177 329
177 329 1384
619 21 1078
1078 21 619
21 619 1078
800 544 916
544 800 916
916 544 800
1498 632 1274
1274 632 1498
632 1274 1498
1184 780 1090
1090 780 1184
780 1090 1184
357 1089 1436
1436 357 1089
1089 357 1436
490 149 188
188 149 490
149 188 490
364 1015 1432
1015 364 1432
1432 364 1015
661 273 509
509 273 661
273 509 661
394 1116 1307
1116 394 1307
1307 394 1116
1176 892 1240
1240 892 1176
892 1176 1240
277 95 1418
1418 95 277
95 277 1418
1430 407 1385
407 1385 1430
1385 407 1430
1123 229 1464
1464 229 1123
229 1123 1464
197 677 1053
677 197 1053
1053 197 677
268 1387 1433
1387 268 1433
1433 268 1387
242 227 1101
1101 227 242
227 242 1101
602 859 919
919 602 859
859 602 919
1183 701 1352
701 1183 1352
1352 701 1183
1136 534 551
534 551 1136
551 534 1136
1009 10 1167
1167 10 1009
10 1009 1167
92 31 37
31 37 92
37 31 92
592 1150 1450
1450 592 1150
1150 592 1450
574 200 747
200 574 747
747 200 574
1120 504 870
870 504 1120
504 870 1120
625 260 1171
1171 260 625
260 625 1171
865 251 929
929 251 865
251 865 929
789 184 263
263 184 789
184 263 789
1320 832 1185
832 1185 1320
1185 832 1320
471 56 1137
56 471 1137
1137 56 471
1028 493 1154
1154 493 1028
493 1028 1154
1439 754 868
868 754 1439
754 868 1439
217 805 1225
805 217 1225
1225 217 805
908 840 1102
1102 840 908
840 908 1102
930 237 1265
1265 237 930
237 930 1265
959 175 472
175 472 959
472 175 959
746 302 711
711 302 746
302 711 746
1048 769 1492
769 1048 1492
1492 769 1048
75 598 1355
598 75 1355
1355 75 598
1036 359 684
359 684 1036
684 359 1036
664 678 1115
1115 664 678
678 664 1115
157 793 829
793 157 829
829 157 793
815 736 1075
736 815 1075
1075 736 815
24 309 1369
309 24 1369
1369 24 309
73 408 1125
408 73 1125
1125 73 408
1351 822 1035
1035 822 1351
822 1035 1351
1395 1114 1340
1340 1114 1395
1114 1340 1395
824 34 1399
34 824 1399
1399 34 824
1178 816 1197
1197 816 1178
816 1178 1197
691 1037 1488
1488 691 1037
1037 691 1488
1442 1083 1342
1083 1342 1442
1342 1083 1442
1040 72 1081
1081 72 1040
72 1040 1081
1001 561 1452
561 1001 1452
1452 561 1001
984 1159 1326
1159 984 1326
1326 984 1159
1381 731 847
731 847 1381
847 731 1381
1413 655 1104
1104 655 1413
655 1104 1413
379 163 258
163 258 379
258 163 379
871 1367 1472
1367 871 1472
1472 871 1367
373 105 861
105 373 861
861 105 373
1226 46 968
968 46 1226
46 968 1226
813 1268 1378
1378 813 1268
1268 813 1378
363 128 533
128 363 533
533 128 363
304 167 306
306 167 304
167 304 306
1131 585 1371
1371 585 1131
585 1131 1371
91 432 988
988 91 432
432 91 988
1380 1360 1407
1407 1360 1380
1360 1380 1407
1485 417 706
706 417 1485
417 706 1485
756 122 1453
1453 122 756
122 756 1453
960 604 1357
604 960 1357
1357 604 960
1079 783 1479
783 1079 1479
1479 783 1079
1490 473 580
473 580 1490
580 473 1490
1267 498 1343
1343 498 1267
498 1267 1343
693 352 755
352 693 755
755 352 693
1390 461 770
461 770 1390
770 461 1390
685 820 937
820 685 937
937 685 820
1134 58 876
58 876 1134
876 58 1134
933 322 1424
322 933 1424
1424 322 933
259 451 737
737 259 451
451 259 737
450 569 761
569 450 761
761 450 569
1350 1213 1415
1415 1213 1350
1213 1350 1415
430 806 1370
1370 430 806
806 430 1370
671 479 955
955 479 671
479 671 955
578 371 857
857 371 578
371 578 857
1460 531 721
531 721 1460
721 531 1460
517 232 695
695 232 517
232 517 695
1210 295 1228
1228 295 1210
295 1210 1228
867 470 1211
470 867 1211
1211 470 867
589 1034 1327
1034 589 1327
1327 589 1034
1193 6 492
492 6 1193
6 492 1193
426 110 1334
110 426 1334
1334 110 426
1448 964 1332
964 1332 1448
1332 964 1448
878 348 1333
1333 348 878
348 878 1333
230 207 1164
207 230 1164
1164 207 230
131 481 1310
481 131 1310
1310 131 481
506 521 1076
1076 506 521
521 506 1076
255 1388 1431
1431 255 1388
1388 255 1431
744 554 1203
1203 554 744
554 744 1203
1248 453 1147
453 1147 1248
1147 453 1248
779 500 1440
500 779 1440
1440 500 779
1451 524 539
539 524 1451
524 539 1451
672 748 1335
748 672 1335
1335 672 748
1443 395 1409
395 1409 1443
1409 395 1443
49 369 1441
369 49 1441
1441 49 369
1313 396 1269
1269 396 1313
396 1269 1313
966 145 546
546 145 966
145 546 966
125 334 1233
1233 125 334
334 125 1233
375 20 344
20 344 375
344 20 375
639 236 649
236 639 649
649 236 639
792 67 1172
67 792 1172
1172 67 792
219 974 1023
974 219 1023
1023 219 974
944 1237 1299
1237 944 1299
1299 944 1237
979 296 1262
1262 296 979
296 979 1262
987 949 1175
1175 949 987
949 987 1175
644 667 1105
667 644 1105
1105 644 667
133 164 1347
164 133 1347
1347 133 164
1241 565 750
750 565 1241
565 750 1241
1319 654 1179
1179 654 1319
654 1179 1319
583 680 1260
680 583 1260
1260 583 680
152 1140 1141
1140 152 1141
1141 152 1140
1288 119 387
387 119 1288
119 387 1288
308 107 728
107 308 728
728 107 308
903 77 765
765 77 903
77 765 903
615 1196 1256
1256 615 1196
1196 615 1256
998 522 1195
1195 522 998
522 998 1195
1314 199 1008
199 1008 1314
1008 199 1314
69 215 837
837 69 215
215 69 837
303 1063 1088
1088 303 1063
1063 303 1088
389 449 1103
449 389 1103
1103 389 449
1414 751 1285
751 1285 1414
1285 751 1414
799 305 1067
1067 305 799
305 799 1067
811 61 503
61 503 811
503 61 811
435 1250 1328
1250 435 1328
1328 435 1250
54 121 542
542 54 121
121 54 542
301 576 1145
1145 301 576
576 301 1145
1219 286 1477
286 1219 1477
1477 286 1219
41 663 831
831 41 663
663 41 831
681 577 999
577 681 999
999 577 681
1174 238 523
523 238 1174
238 523 1174
659 573 873
873 573 659
573 659 873
169 790 1344
790 169 1344
1344 169 790
445 176 1119
1119 176 445
176 445 1119
941 630 1366
630 941 1366
1366 630 941
899 204 1394
204 899 1394
1394 204 899
1410 825 877
825 877 1410
877 825 1410
112 887 1289
887 112 1289
1289 112 887
1085 483 642
483 642 1085
642 483 1085
707 254 1192
254 707 1192
1192 254 707
645 106 1005
106 645 1005
1005 106 645
285 148 1336
1336 148 285
148 285 1336
991 675 1425
1425 675 991
675 991 1425
74 326 327
326 74 327
327 74 326
581 705 1149
705 581 1149
1149 581 705
897 660 766
660 766 897
766 660 897
179 297 298
297 179 298
298 179 297
193 293 1095
1095 193 293
293 193 1095
1227 724 1275
724 1227 1275
1275 724 1227
1331 512 1180
1180 512 1331
512 1180 1331
676 243 287
243 287 676
287 243 676
917 494 567
494 567 917
567 494 917
743 252 409
252 409 743
409 252 743
830 596 1346
1346 596 830
596 830 1346
1423 863 980
980 863 1423
863 980 1423
234 562 1189
562 234 1189
1189 234 562
953 436 452
436 452 953
452 436 953
427 377 923
377 427 923
923 377 427
954 810 1400
810 954 1400
1400 810 954
631 528 1151
1151 528 631
528 631 1151
1073 205 1308
1308 205 1073
205 1073 1308
366 225 1173
225 366 1173
1173 225 366
845 1021 1071
1021 845 1071
1071 845 1021
818 1010 1293
1293 818 1010
1010 818 1293
246 90 1025
1025 90 246
90 246 1025
256 94 807
94 256 807
807 94 256
491 704 1214
704 491 1214
1214 491 704
1300 623 817
817 623 1300
623 817 1300
1007 1301 1318
1318 1007 1301
1301 1007 1318
467 520 697
697 467 520
520 467 697
1208 339 791
339 791 1208
791 339 1208
1099 634 1456
634 1099 1456
1456 634 1099
1082 1000 1322
1322 1000 1082
1000 1082 1322
1146 658 785
658 785 1146
785 658 1146
673 646 1199
646 673 1199
1199 646 673
773 368 1212
368 773 1212
1212 368 773
1375 720 922
720 922 1375
922 720 1375
826 42 620
42 620 826
620 42 826
88 1 38
38 1 88
1 38 88
289 66 1127
1127 66 289
66 289 1127
187 516 1156
516 187 1156
1156 187 516
1373 1084 1252
1252 1084 1373
1084 1252 1373
594 216 935
216 594 935
935 216 594
23 180 1206
1206 23 180
180 23 1206
1161 626 629
626 629 1161
629 626 1161
378 431 488
431 378 488
488 378 431
564 323 936
936 323 564
323 564 936
891 801 849
801 849 891
849 801 891
745 904 1263
1263 745 904
904 745 1263
420 382 814
382 420 814
814 382 420
370 774 875
875 370 774
774 370 875
606 456 858
858 456 606
456 606 858
558 1038 1100
1038 558 1100
1100 558 1038
940 8 1122
1122 8 940
8 940 1122
536 1286 1368
1368 536 1286
1286 536 1368
317 405 1018
405 317 1018
1018 317 405
1112 775 911
911 775 1112
775 911 1112
64 600 834
834 64 600
600 64 834
1072 439 633
439 633 1072
633 439 1072
162 314 1459
314 162 1459
1459 162 314
931 906 1158
906 931 1158
1158 906 931
1026 510 1016
1016 510 1026
510 1016 1026
1411 515 1030
1030 515 1411
515 1030 1411
299 312 429
429 299 312
312 299 429
1207 59 120
59 120 1207
120 59 1207
749 218 224
218 224 749
224 218 749
281 411 1291
411 281 1291
1291 281 411
331 406 1422
406 331 1422
1422 331 406
1132 28 886
28 886 1132
886 28 1132
591 412 1113
412 591 1113
1113 412 591
1427 434 1353
1353 434 1427
434 1353 1427
555 226 1209
1209 226 555
226 555 1209
864 638 1051
638 864 1051
1051 638 864
393 945 1311
945 393 1311
1311 393 945
108 464 851
851 108 464
464 108 851
893 478 1029
478 893 1029
1029 478 893
68 39 1056
39 68 1056
1056 39 68
367 345 641
345 367 641
641 345 367
269 101 278
101 269 278
278 101 269
7 499 771
771 7 499
499 7 771
353 1186 1296
1296 353 1186
1186 353 1296
788 270 613
270 613 788
613 270 788
194 358 628
628 194 358
358 194 628
1157 150 462
150 462 1157
462 150 1157
1421 975 1484
975 1421 1484
1484 975 1421
362 1166 1419
1166 362 1419
1419 362 1166
374 590 1243
590 374 1243
1243 374 590
474 729 1041
729 474 1041
1041 474 729
78 96 1272
96 78 1272
1272 78 96
1144 550 1312
1312 550 1144
550 1144 1312
764 476 828
828 476 764
476 764 828
98 819 1356
819 98 1356
1356 98 819
582 338 341
341 338 582
338 341 582
14 601 1302
601 14 1302
1302 14 601
173 27 1303
27 173 1303
1303 27 173
798 300 1017
1017 300 798
300 798 1017
3 311 356
311 3 356
356 3 311
47 250 1251
250 47 1251
1251 47 250
1429 740 869
740 869 1429
869 740 1429
1058 1215 1449
1449 1058 1215
1215 1058 1449
624 343 1398
343 624 1398
1398 343 624
79 852 1493
852 79 1493
1493 79 852
860 325 927
325 860 927
927 325 860
144 656 1463
656 144 1463
1463 144 656
978 17 943
943 17 978
17 943 978
361 915 1152
1152 361 915
915 361 1152
228 777 1315
1315 228 777
777 228 1315
1294 104 244
244 104 1294
104 244 1294
1098 178 1068
1068 178 1098
178 1068 1098
963 690 1284
1284 690 963
690 963 1284
1124 866 1446
1446 866 1124
866 1124 1446
1465 616 669
616 669 1465
669 616 1465
