115 22390 111916
22390 115 111916
111916 115 22390
74296 18176 24313
18176 24313 74296
24313 18176 74296
34108 57338 58549
58549 34108 57338
57338 34108 58549
82830 16270 101058
16270 82830 101058
101058 16270 82830
47038 114256 117275
117275 47038 114256
114256 47038 117275
139592 49753 53233
49753 53233 139592
53233 49753 139592
107874 116710 142192
142192 107874 116710
116710 107874 142192
113113 18829 30315
18829 30315 113113
30315 18829 113113
38098 99639 136201
136201 38098 99639
99639 38098 136201
107629 6177 138346
138346 6177 107629
6177 107629 138346
145526 104547 130796
104547 130796 145526
130796 104547 145526
61751 80646 115767
115767 61751 80646
80646 61751 115767
7264 134790 149739
134790 7264 149739
149739 7264 134790
68760 1559 50336
50336 1559 68760
1559 50336 68760
92708 86001 122152
86001 92708 122152
122152 86001 92708
19635 61111 137488
137488 19635 61111
61111 19635 137488
115368 18703 81739
81739 18703 115368
18703 81739 115368
93534 20932 131990
131990 20932 93534
20932 93534 131990
59377 143504 146809
143504 59377 146809
146809 59377 143504
89767 77353 122892
122892 77353 89767
77353 89767 122892
61134 96856 102467
102467 61134 96856
96856 61134 102467
141074 104740 120352
104740 120352 141074
120352 104740 141074
41996 42804 141159
42804 41996 141159
141159 41996 42804
44557 106969 115889
115889 44557 106969
106969 44557 115889
29094 1538 89705
1538 29094 89705
89705 1538 29094
74783 61980 126775
126775 61980 74783
61980 74783 126775
129091 50685 94608
94608 50685 129091
50685 94608 129091
9040 2318 148800
2318 9040 148800
148800 2318 9040
59747 56146 88531
56146 59747 88531
88531 56146 59747
261 91156 125057
125057 261 91156
91156 261 125057
94673 52942 70344
70344 52942 94673
52942 70344 94673
109071 57890 77940
57890 77940 109071
77940 57890 109071
169 70155 125835
125835 169 70155
70155 169 125835
141546 35364 116690
116690 35364 141546
35364 116690 141546
126032 17602 126841
17602 126032 126841
126841 17602 126032
60688 82966 143130
143130 60688 82966
82966 60688 143130
74189 94697 116327
94697 74189 116327
116327 74189 94697
121803 2983 97330
2983 97330 121803
97330 2983 121803
50175 118203 126178
126178 50175 118203
118203 50175 126178
94696 78455 136870
136870 78455 94696
78455 94696 136870
9073 42198 101424
42198 9073 101424
101424 9073 42198
66027 17228 89901
17228 66027 89901
89901 17228 66027
16668 24039 37570
37570 16668 24039
24039 16668 37570
74848 27509 63898
63898 27509 74848
27509 63898 74848
132022 50950 91658
91658 50950 132022
50950 91658 132022
414 43271 130676
43271 414 130676
130676 414 43271
51366 71768 86524
86524 51366 71768
71768 51366 86524
84588 24889 98008
24889 84588 98008
98008 24889 84588
44702 21104 103389
103389 21104 44702
21104 44702 103389
130934 87194 92827
92827 87194 130934
87194 92827 130934
76666 15229 137404
15229 76666 137404
137404 15229 76666
78963 5321 43454
43454 5321 78963
5321 43454 78963
62950 9631 31934
31934 9631 62950
9631 31934 62950
123219 19141 93905
93905 19141 123219
19141 93905 123219
95981 19205 67149
19205 67149 95981
67149 19205 95981
82681 81889 103917
81889 82681 103917
103917 81889 82681
133675 856 91120
856 91120 133675
91120 856 133675
132697 23894 127292
23894 127292 132697
127292 23894 132697
112289 58629 93584
93584 58629 112289
58629 93584 112289
113827 108753 120726
108753 113827 120726
120726 108753 113827
82477 7910 90172
90172 7910 82477
7910 82477 90172
62608 57210 88938
88938 57210 62608
57210 62608 88938
145906 68239 124255
68239 124255 145906
124255 68239 145906
51352 76548 127932
76548 51352 127932
127932 51352 76548
47504 74067 75395
75395 47504 74067
74067 47504 75395
32682 44322 52437
44322 32682 52437
52437 32682 44322
85595 83959 141038
83959 85595 141038
141038 83959 85595
98766 44471 136909
136909 44471 98766
44471 98766 136909
72890 21543 124704
21543 72890 124704
124704 21543 72890
71369 42462 47043
42462 47043 71369
47043 42462 71369
50958 20911 113711
113711 20911 50958
20911 50958 113711
129189 94698 126441
126441 94698 129189
94698 126441 129189
77040 34887 73181
34887 73181 77040
73181 34887 77040
21486 2351 54174
54174 2351 21486
2351 21486 54174
27747 127333 146078
146078 27747 127333
127333 27747 146078
33200 10770 97104
10770 33200 97104
97104 10770 33200
21075 31751 136554
136554 21075 31751
31751 21075 136554
89740 114990 134743
114990 89740 134743
134743 89740 114990
134236 15179 132366
15179 132366 134236
132366 15179 134236
122801 80968 102822
80968 102822 122801
102822 80968 122801
57161 47202 148036
47202 57161 148036
148036 47202 57161
21520 33406 117463
117463 21520 33406
33406 21520 117463
89947 41315 108300
108300 41315 89947
41315 89947 108300
24583 4566 73848
73848 4566 24583
4566 24583 73848
115561 53475 72036
53475 72036 115561
72036 53475 115561
133349 1465 7543
7543 1465 133349
1465 7543 133349
37928 4462 142171
4462 37928 142171
142171 4462 37928
119942 13985 135109
13985 119942 135109
135109 13985 119942
110412 71260 99396
99396 71260 110412
71260 99396 110412
131168 31580 135478
31580 131168 135478
135478 31580 131168
15897 50348 127243
50348 15897 127243
127243 15897 50348
136100 64943 81798
64943 81798 136100
81798 64943 136100
139304 22345 98788
22345 98788 139304
98788 22345 139304
33019 50509 137259
50509 33019 137259
137259 33019 50509
74640 113697 125131
125131 74640 113697
113697 74640 125131
2075 44705 68446
44705 2075 68446
68446 2075 44705
149367 62695 77731
62695 77731 149367
77731 62695 149367
38424 44459 54886
44459 38424 54886
54886 38424 44459
56787 64472 115043
115043 56787 64472
64472 56787 115043
128516 18004 22265
22265 18004 128516
18004 22265 128516
138598 42950 126184
42950 126184 138598
126184 42950 138598
5782 72922 76884
72922 5782 76884
76884 5782 72922
124504 123 99278
123 99278 124504
99278 123 124504
51206 44211 62776
62776 44211 51206
44211 51206 62776
143770 64820 145833
64820 143770 145833
145833 64820 143770
19549 32320 67282
32320 19549 67282
67282 19549 32320
16399 33386 61785
61785 16399 33386
33386 16399 61785
138641 24974 55293
24974 55293 138641
55293 24974 138641
120934 36280 122043
122043 36280 120934
36280 120934 122043
93040 98966 100999
98966 93040 100999
100999 93040 98966
25336 66902 127003
66902 25336 127003
127003 25336 66902
52055 119266 146210
146210 52055 119266
119266 52055 146210
88681 6963 132091
132091 6963 88681
6963 88681 132091
1858 4111 117531
4111 1858 117531
117531 1858 4111
5510 9294 57873
9294 5510 57873
57873 5510 9294
13505 93209 122382
93209 13505 122382
122382 13505 93209
131947 28670 141695
28670 131947 141695
141695 28670 131947
76891 83513 104886
83513 76891 104886
104886 76891 83513
123590 49588 103713
49588 103713 123590
103713 49588 123590
95995 97502 125110
97502 95995 125110
125110 95995 97502
13499 65304 81636
65304 13499 81636
81636 13499 65304
91109 7538 118396
118396 7538 91109
7538 91109 118396
122782 85844 148534
148534 85844 122782
85844 122782 148534
134618 35807 56549
35807 56549 134618
56549 35807 134618
118517 24994 31003
24994 31003 118517
31003 24994 118517
121113 65380 126609
65380 121113 126609
126609 65380 121113
133733 69887 99896
99896 69887 133733
69887 99896 133733
77334 18204 53133
18204 53133 77334
53133 18204 77334
40207 111488 126730
111488 40207 126730
126730 40207 111488
26916 68951 115094
68951 26916 115094
115094 26916 68951
104872 79005 143448
79005 104872 143448
143448 79005 104872
94378 43025 136284
43025 94378 136284
136284 43025 94378
45389 22485 83943
83943 22485 45389
22485 45389 83943
110100 36349 67894
36349 67894 110100
67894 36349 110100
64977 587 126458
587 64977 126458
126458 587 64977
67440 18619 67458
67458 18619 67440
18619 67440 67458
7285 53407 67201
67201 7285 53407
53407 7285 67201
38129 29473 37384
37384 29473 38129
29473 37384 38129
128862 4816 50881
4816 50881 128862
50881 4816 128862
54635 66159 146368
66159 54635 146368
146368 54635 66159
22653 111895 143959
111895 22653 143959
143959 22653 111895
107006 17413 102277
102277 17413 107006
17413 102277 107006
25436 98666 101995
101995 25436 98666
98666 25436 101995
25867 19273 126318
126318 19273 25867
19273 25867 126318
140508 51643 137694
51643 137694 140508
137694 51643 140508
45175 41173 108931
108931 41173 45175
41173 45175 108931
6044 126967 148279
126967 6044 148279
148279 6044 126967
123407 64406 130994
130994 64406 123407
64406 123407 130994
22262 16816 72031
16816 22262 72031
72031 16816 22262
7034 2927 33021
2927 7034 33021
33021 2927 7034
85141 4842 109830
4842 85141 109830
109830 4842 85141
42954 95724 97761
97761 42954 95724
95724 42954 97761
43623 57061 73938
73938 43623 57061
57061 43623 73938
19528 48406 107450
107450 19528 48406
48406 19528 107450
43410 9393 55395
9393 43410 55395
55395 9393 43410
104943 21195 45463
21195 45463 104943
45463 21195 104943
58958 53123 135319
135319 53123 58958
53123 58958 135319
7100 35198 116588
116588 7100 35198
35198 7100 116588
70852 32321 110938
32321 70852 110938
110938 32321 70852
66277 2213 119604
119604 2213 66277
2213 66277 119604
60015 105349 134953
105349 60015 134953
134953 60015 105349
119154 102948 124305
124305 102948 119154
102948 119154 124305
120882 38628 130989
130989 38628 120882
38628 120882 130989
96347 110252 136861
136861 96347 110252
110252 96347 136861
127106 15348 46967
15348 46967 127106
46967 15348 127106
52669 25030 149155
149155 25030 52669
25030 52669 149155
97728 25635 147710
147710 25635 97728
25635 97728 147710
76902 84606 132181
84606 76902 132181
132181 76902 84606
134529 5426 52270
52270 5426 134529
5426 52270 134529
135289 73264 134470
134470 73264 135289
73264 134470 135289
85944 136604 146650
146650 85944 136604
136604 85944 146650
105599 36576 140143
140143 36576 105599
36576 105599 140143
132334 45452 132487
45452 132334 132487
132487 45452 132334
53028 116065 133785
116065 53028 133785
133785 53028 116065
53293 42511 116961
116961 42511 53293
42511 53293 116961
136052 57864 138460
57864 136052 138460
138460 57864 136052
121388 118011 122804
122804 118011 121388
118011 121388 122804
47464 88160 116658
116658 47464 88160
88160 47464 116658
99115 27173 148735
148735 27173 99115
27173 99115 148735
44165 42211 69207
69207 42211 44165
42211 44165 69207
87308 1731 130617
130617 1731 87308
1731 87308 130617
46828 50753 56253
56253 46828 50753
50753 46828 56253
55635 12238 124968
124968 12238 55635
12238 55635 124968
107484 35967 105034
105034 35967 107484
35967 105034 107484
88326 114814 133383
133383 88326 114814
114814 88326 133383
84494 16962 18961
16962 18961 84494
18961 16962 84494
96126 79127 138603
138603 79127 96126
79127 96126 138603
109674 11073 81241
11073 81241 109674
81241 11073 109674
28729 4483 35995
4483 28729 35995
35995 4483 28729
139546 90701 119771
119771 90701 139546
90701 119771 139546
87206 121404 142107
142107 87206 121404
121404 87206 142107
93205 52492 142873
142873 52492 93205
52492 93205 142873
80098 33311 68727
68727 33311 80098
33311 68727 80098
48082 17707 58675
58675 17707 48082
17707 48082 58675
93071 42587 145946
145946 42587 93071
42587 93071 145946
65834 29005 134988
29005 65834 134988
134988 29005 65834
39808 50722 147495
147495 39808 50722
50722 39808 147495
17077 44139 105076
105076 17077 44139
44139 17077 105076
41522 60668 75011
75011 41522 60668
60668 41522 75011
145829 45555 46983
46983 45555 145829
45555 46983 145829
35087 1287 125094
1287 35087 125094
125094 1287 35087
27740 26260 34798
34798 26260 27740
26260 27740 34798
94037 79382 137428
137428 79382 94037
79382 94037 137428
67559 78075 102444
102444 67559 78075
78075 67559 102444
36265 42089 114377
42089 36265 114377
114377 36265 42089
125867 2406 121977
121977 2406 125867
2406 121977 125867
72380 82921 142669
142669 72380 82921
82921 72380 142669
65237 67749 108908
108908 65237 67749
67749 65237 108908
31635 145591 148002
145591 31635 148002
148002 31635 145591
37827 50811 108215
108215 37827 50811
50811 37827 108215
37366 49623 103816
49623 37366 103816
103816 37366 49623
109177 10829 123941
123941 10829 109177
10829 109177 123941
107003 39659 138750
39659 107003 138750
138750 39659 107003
5398 60567 143334
143334 5398 60567
60567 5398 143334
109695 15272 62032
62032 15272 109695
15272 62032 109695
78096 49094 64190
64190 49094 78096
49094 64190 78096
96338 20870 90809
20870 90809 96338
90809 20870 96338
37893 108161 145332
145332 37893 108161
108161 37893 145332
48029 82779 125318
82779 48029 125318
125318 48029 82779
109350 67271 135977
67271 109350 135977
135977 67271 109350
78881 64849 147991
64849 78881 147991
147991 64849 78881
73601 33351 40416
33351 40416 73601
40416 33351 73601
139688 15254 39265
15254 39265 139688
39265 15254 139688
96359 113281 113500
113500 96359 113281
113281 96359 113500
135759 11979 108933
108933 11979 135759
11979 108933 135759
23951 23389 24245
24245 23389 23951
23389 23951 24245
6947 55120 99053
99053 6947 55120
55120 6947 99053
45248 16673 56018
56018 16673 45248
16673 45248 56018
135629 34247 96861
34247 96861 135629
96861 34247 135629
54503 39639 125306
125306 39639 54503
39639 54503 125306
41342 24593 128874
24593 41342 128874
128874 24593 41342
48040 11853 75992
75992 11853 48040
11853 48040 75992
129331 10285 111596
10285 111596 129331
111596 10285 129331
127393 52887 63845
63845 52887 127393
52887 63845 127393
141584 4109 86709
4109 86709 141584
86709 4109 141584
4723 45587 78066
45587 4723 78066
78066 4723 45587
111961 4321 111830
4321 111830 111961
111830 4321 111961
95896 79506 108048
108048 79506 95896
79506 95896 108048
99024 9921 141426
9921 99024 141426
141426 9921 99024
126584 98456 115369
98456 115369 126584
115369 98456 126584
83017 4780 27985
4780 27985 83017
27985 4780 83017
90846 8574 131445
8574 90846 131445
131445 8574 90846
5260 47734 48306
48306 5260 47734
47734 5260 48306
109725 48931 52611
52611 48931 109725
48931 52611 109725
33725 120572 144656
120572 33725 144656
144656 33725 120572
97276 76162 99081
76162 97276 99081
99081 76162 97276
1013 43181 145354
145354 1013 43181
43181 1013 145354
83588 20431 122150
20431 83588 122150
122150 20431 83588
85621 17595 128195
17595 85621 128195
128195 17595 85621
1317 8058 51043
51043 1317 8058
8058 1317 51043
16565 13360 132364
132364 13360 16565
13360 16565 132364
130610 107995 123669
123669 107995 130610
107995 123669 130610
64588 24543 127186
24543 64588 127186
127186 24543 64588
64593 8078 15976
8078 15976 64593
15976 8078 64593
456 12770 66044
12770 456 66044
66044 456 12770
114987 59032 138365
138365 59032 114987
59032 114987 138365
65577 11553 19440
19440 11553 65577
11553 19440 65577
118959 95422 110547
95422 110547 118959
110547 95422 118959
72206 11202 144972
11202 72206 144972
144972 11202 72206
22160 394 85979
85979 394 22160
394 22160 85979
28636 62751 76939
62751 28636 76939
76939 28636 62751
67689 11677 62772
62772 11677 67689
11677 62772 67689
55884 103889 133825
103889 55884 133825
133825 55884 103889
29290 78680 111470
78680 29290 111470
111470 29290 78680
63579 65749 86137
86137 63579 65749
65749 63579 86137
123726 88030 117010
117010 88030 123726
88030 117010 123726
36561 42647 134610
42647 36561 134610
134610 36561 42647
147645 27719 45818
27719 45818 147645
45818 27719 147645
8132 59642 130516
59642 8132 130516
130516 8132 59642
92349 58976 117857
117857 58976 92349
58976 92349 117857
754 52130 110261
52130 754 110261
110261 754 52130
18075 70710 73682
73682 18075 70710
70710 18075 73682
40787 58947 65301
65301 40787 58947
58947 40787 65301
134125 19090 108472
19090 108472 134125
108472 19090 134125
102539 128429 141995
128429 102539 141995
141995 102539 128429
15107 71754 146710
71754 15107 146710
146710 15107 71754
117955 53148 136011
136011 53148 117955
53148 117955 136011
102328 1159 32458
32458 1159 102328
1159 32458 102328
76397 65183 125079
125079 65183 76397
65183 76397 125079
47457 25675 39558
25675 39558 47457
39558 25675 47457
16022 18718 138028
138028 16022 18718
18718 16022 138028
59495 57713 111433
57713 59495 111433
111433 57713 59495
18630 71138 122656
122656 18630 71138
71138 18630 122656
45903 29303 112785
112785 29303 45903
29303 45903 112785
112000 29206 93953
93953 29206 112000
29206 93953 112000
99400 40379 145065
40379 99400 145065
145065 40379 99400
51242 4270 55096
55096 4270 51242
4270 51242 55096
88097 69403 143631
69403 88097 143631
143631 69403 88097
117644 98855 145648
145648 98855 117644
98855 117644 145648
91492 24652 139762
24652 91492 139762
139762 24652 91492
48690 24176 90718
24176 48690 90718
90718 24176 48690
41176 20728 54892
54892 20728 41176
20728 41176 54892
105273 17100 44070
44070 17100 105273
17100 44070 105273
60632 7609 66423
66423 7609 60632
7609 60632 66423
147930 845 78305
845 78305 147930
78305 845 147930
63847 58087 142310
142310 58087 63847
58087 63847 142310
7150 62241 85554
62241 7150 85554
85554 7150 62241
102287 49412 109421
109421 49412 102287
49412 102287 109421
113530 58504 139726
58504 113530 139726
139726 58504 113530
86293 80008 108578
108578 80008 86293
80008 86293 108578
29454 19976 63971
63971 19976 29454
19976 29454 63971
111504 36937 111361
36937 111361 111504
111361 36937 111504
28043 128380 148732
128380 28043 148732
148732 28043 128380
130572 65839 85032
65839 85032 130572
85032 65839 130572
47785 10001 94389
94389 10001 47785
10001 47785 94389
59215 29520 135446
135446 29520 59215
29520 59215 135446
122992 4141 78203
4141 78203 122992
78203 4141 122992
56903 22947 69933
69933 22947 56903
22947 56903 69933
135934 49241 108108
49241 108108 135934
108108 49241 135934
82012 76216 85555
76216 82012 85555
85555 76216 82012
26152 25367 123232
25367 26152 123232
123232 25367 26152
2786 67672 71761
67672 2786 71761
71761 2786 67672
37113 33603 68400
33603 37113 68400
68400 33603 37113
141506 108925 149895
149895 108925 141506
108925 141506 149895
138333 91119 121128
121128 91119 138333
91119 121128 138333
20404 334 62176
62176 334 20404
334 20404 62176
14433 89573 101215
89573 14433 101215
101215 14433 89573
114261 25415 41622
41622 25415 114261
25415 41622 114261
124653 27 9973
27 9973 124653
9973 27 124653
59242 318 114795
318 59242 114795
114795 318 59242
40679 22893 104011
104011 22893 40679
22893 40679 104011
23829 104171 140704
140704 23829 104171
104171 23829 140704
2326 68086 135599
68086 2326 135599
135599 2326 68086
89007 74822 117515
117515 74822 89007
74822 89007 117515
144097 13804 126050
126050 13804 144097
13804 126050 144097
64332 55569 58405
58405 55569 64332
55569 58405 64332
42514 76023 119335
119335 42514 76023
76023 42514 119335
126372 42471 139924
139924 42471 126372
42471 126372 139924
148604 41949 120309
120309 41949 148604
41949 120309 148604
33074 42324 106551
106551 33074 42324
42324 33074 106551
60814 107116 144768
107116 60814 144768
144768 60814 107116
123379 57508 124868
124868 57508 123379
57508 123379 124868
144241 48697 95342
95342 48697 144241
48697 95342 144241
148624 58002 75304
58002 75304 148624
75304 58002 148624
1938 12189 85266
12189 1938 85266
85266 1938 12189
37500 5421 60920
5421 37500 60920
60920 5421 37500
119716 68395 74835
68395 74835 119716
74835 68395 119716
85309 40223 147523
40223 85309 147523
147523 40223 85309
38852 67972 143601
143601 38852 67972
67972 38852 143601
47755 98634 124365
98634 47755 124365
124365 47755 98634
3958 37715 112508
112508 3958 37715
37715 3958 112508
140471 104849 125971
125971 104849 140471
104849 125971 140471
64672 10659 83058
10659 64672 83058
83058 10659 64672
36858 129608 135667
129608 36858 135667
135667 36858 129608
14491 83339 130405
130405 14491 83339
83339 14491 130405
57024 42011 146550
42011 57024 146550
146550 42011 57024
80602 18031 136844
136844 18031 80602
18031 80602 136844
106335 124200 127265
124200 106335 127265
127265 106335 124200
43946 42986 142394
142394 42986 43946
42986 43946 142394
110065 59707 75642
59707 75642 110065
75642 59707 110065
65241 28113 91799
28113 65241 91799
91799 28113 65241
96368 57438 121149
57438 96368 121149
121149 57438 96368
16256 73286 113144
113144 16256 73286
73286 16256 113144
25036 22429 26181
22429 25036 26181
26181 22429 25036
42872 3134 43076
43076 3134 42872
3134 42872 43076
105188 22612 51405
51405 22612 105188
22612 51405 105188
63716 47882 95218
95218 47882 63716
47882 63716 95218
57442 69434 126409
126409 57442 69434
69434 57442 126409
74368 48005 68570
68570 48005 74368
48005 68570 74368
37362 60905 148536
148536 37362 60905
60905 37362 148536
126908 28915 41988
41988 28915 126908
28915 41988 126908
97119 97763 126823
126823 97119 97763
97763 97119 126823
58732 34124 143295
34124 58732 143295
143295 34124 58732
60459 24248 56251
56251 24248 60459
24248 56251 60459
67269 56092 73139
56092 67269 73139
73139 56092 67269
103088 51937 89836
89836 51937 103088
51937 89836 103088
145811 39124 141835
39124 141835 145811
141835 39124 145811
44927 24672 123715
24672 44927 123715
123715 24672 44927
50404 53024 132618
132618 50404 53024
53024 50404 132618
148242 97622 120850
97622 120850 148242
120850 97622 148242
125388 22038 22506
22506 22038 125388
22038 22506 125388
105293 109709 124971
109709 105293 124971
124971 105293 109709
93483 43082 74135
43082 74135 93483
74135 43082 93483
137959 88685 117547
117547 88685 137959
88685 117547 137959
9930 47432 86558
47432 9930 86558
86558 9930 47432
113258 58770 108814
108814 58770 113258
58770 108814 113258
70050 12925 15152
12925 15152 70050
15152 12925 70050
92415 25233 74343
74343 25233 92415
25233 74343 92415
41234 51971 54639
54639 41234 51971
51971 41234 54639
39386 77206 141560
141560 39386 77206
77206 39386 141560
137646 43081 106940
43081 106940 137646
106940 43081 137646
4318 22952 102685
22952 4318 102685
102685 4318 22952
59432 136577 139417
139417 59432 136577
136577 59432 139417
86993 5976 70704
5976 70704 86993
70704 5976 86993
6146 32150 95371
32150 6146 95371
95371 6146 32150
20304 45020 143660
143660 20304 45020
45020 20304 143660
90510 16430 63574
16430 63574 90510
63574 16430 90510
30419 31112 59065
59065 30419 31112
31112 30419 59065
75294 7438 88458
88458 7438 75294
7438 75294 88458
135420 67480 105809
67480 105809 135420
105809 67480 135420
77435 8851 88437
88437 8851 77435
8851 77435 88437
114307 58837 65088
65088 58837 114307
58837 65088 114307
106660 23609 126322
126322 23609 106660
23609 106660 126322
64171 74217 96377
96377 64171 74217
74217 64171 96377
139039 54539 112255
112255 54539 139039
54539 112255 139039
77598 75860 129938
75860 77598 129938
129938 75860 77598
96655 23216 59568
23216 59568 96655
59568 23216 96655
54094 29763 135199
135199 29763 54094
29763 54094 135199
8271 121514 146463
121514 8271 146463
146463 8271 121514
56767 60637 139057
60637 56767 139057
139057 56767 60637
89982 115456 125672
115456 89982 125672
125672 89982 115456
21641 35441 61892
35441 21641 61892
61892 21641 35441
16220 14091 110754
110754 14091 16220
14091 16220 110754
95814 72990 146940
72990 95814 146940
146940 72990 95814
144338 41291 107614
41291 107614 144338
107614 41291 144338
141730 60502 94532
60502 94532 141730
94532 60502 141730
71031 32750 134344
134344 32750 71031
32750 71031 134344
149009 56851 121530
56851 121530 149009
121530 56851 149009
137314 27769 129877
27769 129877 137314
129877 27769 137314
98351 27796 35984
35984 27796 98351
27796 35984 98351
49068 18465 69873
69873 18465 49068
18465 49068 69873
50674 34331 66201
66201 34331 50674
34331 50674 66201
67349 9753 117897
117897 9753 67349
9753 67349 117897
140224 71878 146756
146756 71878 140224
71878 140224 146756
110310 43333 99944
43333 99944 110310
99944 43333 110310
80487 4514 23864
4514 23864 80487
23864 4514 80487
25337 2374 118981
118981 2374 25337
2374 25337 118981
91628 81101 133270
133270 81101 91628
81101 91628 133270
111374 134516 147031
147031 111374 134516
134516 111374 147031
113872 35460 54695
54695 35460 113872
35460 54695 113872
126837 19602 87202
87202 19602 126837
19602 87202 126837
58729 11145 145611
11145 58729 145611
145611 11145 58729
2642 10661 51773
51773 2642 10661
10661 2642 51773
25641 96271 118727
118727 25641 96271
96271 25641 118727
97279 36545 141266
36545 97279 141266
141266 36545 97279
14197 6275 106878
6275 14197 106878
106878 6275 14197
99120 68873 69978
68873 69978 99120
69978 68873 99120
45342 32691 33733
32691 33733 45342
33733 32691 45342
3276 107085 147114
147114 3276 107085
107085 3276 147114
72465 17560 109136
109136 17560 72465
17560 72465 109136
13487 57248 59607
59607 13487 57248
57248 13487 59607
17838 7927 107322
7927 17838 107322
107322 7927 17838
5494 5985 121185
5985 5494 121185
121185 5494 5985
70717 63700 115203
63700 70717 115203
115203 63700 70717
1125 35917 99444
99444 1125 35917
35917 1125 99444
5291 57962 63989
57962 5291 63989
63989 5291 57962
21154 12209 30436
30436 12209 21154
12209 21154 30436
56667 143767 143945
143767 56667 143945
143945 56667 143767
39157 31768 72337
72337 31768 39157
31768 39157 72337
137157 98205 145926
145926 98205 137157
98205 137157 145926
73513 125124 136245
125124 73513 136245
136245 73513 125124
47707 28777 42272
42272 28777 47707
28777 42272 47707
44640 12167 21916
12167 21916 44640
21916 12167 44640
26779 49254 51446
49254 26779 51446
51446 26779 49254
4206 89353 142200
89353 4206 142200
142200 4206 89353
109921 10666 117469
117469 10666 109921
10666 109921 117469
58344 2887 79575
2887 58344 79575
79575 2887 58344
14165 11911 107431
107431 11911 14165
11911 14165 107431
143520 56252 121894
56252 121894 143520
121894 56252 143520
119155 37072 58938
58938 37072 119155
37072 58938 119155
105618 136163 148847
136163 105618 148847
148847 105618 136163
85219 66015 69343
69343 66015 85219
66015 69343 85219
124943 167 134668
134668 167 124943
167 124943 134668
13018 117037 119844
119844 13018 117037
117037 13018 119844
27924 57067 125639
125639 27924 57067
57067 27924 125639
14797 3308 68293
3308 14797 68293
68293 3308 14797
37494 121568 123692
123692 37494 121568
121568 37494 123692
34898 6433 17933
6433 17933 34898
17933 6433 34898
106959 6781 106754
6781 106754 106959
106754 6781 106959
58816 42361 108195
42361 58816 108195
108195 42361 58816
138779 76006 91107
76006 91107 138779
91107 76006 138779
103631 2203 39901
2203 39901 103631
39901 2203 103631
114208 103694 137546
103694 114208 137546
137546 103694 114208
60248 8176 26801
8176 26801 60248
26801 8176 60248
7840 9538 92781
92781 7840 9538
9538 7840 92781
30219 63460 82055
63460 30219 82055
82055 30219 63460
54501 847 19737
19737 847 54501
847 19737 54501
76030 21587 30242
21587 30242 76030
30242 21587 76030
52842 59912 68688
68688 52842 59912
59912 52842 68688
133705 1243 24171
1243 24171 133705
24171 1243 133705
1079 52738 141065
52738 1079 141065
141065 1079 52738
131400 8522 42953
42953 8522 131400
8522 42953 131400
63926 86738 89919
89919 63926 86738
86738 63926 89919
90217 94929 114792
94929 90217 114792
114792 90217 94929
52189 40091 92010
40091 52189 92010
92010 40091 52189
61457 31603 66742
31603 61457 66742
66742 31603 61457
50842 50669 88136
88136 50669 50842
50669 50842 88136
80398 57280 135325
135325 57280 80398
57280 80398 135325
91177 4373 53526
53526 4373 91177
4373 53526 91177
106656 68417 139306
68417 106656 139306
139306 68417 106656
142334 107317 124161
107317 124161 142334
124161 107317 142334
76610 8924 41092
8924 41092 76610
41092 8924 76610
11838 53021 117741
53021 11838 117741
117741 11838 53021
133449 12978 40793
12978 40793 133449
40793 12978 133449
137164 94480 127551
94480 127551 137164
127551 94480 137164
107011 35450 124720
35450 107011 124720
124720 35450 107011
110753 53928 58401
58401 53928 110753
53928 58401 110753
67164 34590 106618
34590 67164 106618
106618 34590 67164
136355 4828 6236
6236 4828 136355
4828 6236 136355
90917 50775 51817
50775 51817 90917
51817 50775 90917
33767 85270 98785
85270 33767 98785
98785 33767 85270
117565 511 26558
511 26558 117565
26558 511 117565
73006 31719 53451
31719 53451 73006
53451 31719 73006
88939 133749 142271
142271 88939 133749
133749 88939 142271
87646 47068 50307
47068 50307 87646
50307 47068 87646
14533 59916 66855
59916 14533 66855
66855 14533 59916
5132 8367 60600
8367 5132 60600
60600 5132 8367
19675 11283 87647
11283 19675 87647
87647 11283 19675
140129 78639 137271
137271 78639 140129
78639 137271 140129
137443 28440 122777
28440 122777 137443
122777 28440 137443
55194 41381 130735
130735 41381 55194
41381 55194 130735
134621 116840 118189
116840 118189 134621
118189 116840 134621
148904 104835 115411
104835 115411 148904
115411 104835 148904
134918 72831 135241
135241 72831 134918
72831 134918 135241
138980 92197 93674
92197 93674 138980
93674 92197 138980
18464 27819 138785
138785 18464 27819
27819 18464 138785
84663 30920 49321
30920 49321 84663
49321 30920 84663
126364 79987 107030
79987 107030 126364
107030 79987 126364
92278 86039 141493
86039 92278 141493
141493 86039 92278
118363 87922 97491
87922 97491 118363
97491 87922 118363
9287 27242 119295
27242 9287 119295
119295 9287 27242
29652 121628 135323
121628 29652 135323
135323 29652 121628
122655 31832 95220
95220 31832 122655
31832 95220 122655
27898 83048 115265
83048 27898 115265
115265 27898 83048
4682 25894 29750
29750 4682 25894
25894 4682 29750
100790 57698 94351
57698 94351 100790
94351 57698 100790
75230 55728 132877
55728 75230 132877
132877 55728 75230
117231 81109 90139
90139 81109 117231
81109 90139 117231
116035 23395 65685
65685 23395 116035
23395 65685 116035
51322 8188 29448
8188 29448 51322
29448 8188 51322
37950 107920 109947
109947 37950 107920
107920 37950 109947
92805 19174 81676
81676 19174 92805
19174 81676 92805
366 21452 54344
54344 366 21452
21452 366 54344
172 18147 106484
18147 172 106484
106484 172 18147
111515 43943 138681
138681 43943 111515
43943 111515 138681
99792 28202 70257
70257 28202 99792
28202 70257 99792
98799 35285 64530
64530 35285 98799
35285 64530 98799
7249 41188 126085
126085 7249 41188
41188 7249 126085
147006 36615 61307
36615 61307 147006
61307 36615 147006
138058 40301 119573
40301 119573 138058
119573 40301 138058
71861 82486 88080
82486 71861 88080
88080 71861 82486
117063 54585 101990
54585 101990 117063
101990 54585 117063
25419 10253 102115
102115 10253 25419
10253 25419 102115
61809 113692 119976
113692 61809 119976
119976 61809 113692
112807 78343 102845
102845 78343 112807
78343 102845 112807
65742 73340 146758
73340 65742 146758
146758 65742 73340
1803 158 16928
158 1803 16928
16928 158 1803
61781 66399 126393
126393 61781 66399
66399 61781 126393
76165 20466 70351
20466 70351 76165
70351 20466 76165
59858 69934 125848
69934 59858 125848
125848 59858 69934
103436 30223 33941
30223 33941 103436
33941 30223 103436
90036 61273 71261
61273 71261 90036
71261 61273 90036
130932 59276 132643
59276 130932 132643
132643 59276 130932
147333 36365 54080
36365 54080 147333
54080 36365 147333
746 9644 77263
77263 746 9644
9644 746 77263
86597 59502 77943
77943 59502 86597
59502 77943 86597
85336 4771 73266
4771 73266 85336
73266 4771 85336
135251 120558 124132
124132 120558 135251
120558 124132 135251
126998 75623 125369
75623 125369 126998
125369 75623 126998
64375 34113 39950
39950 34113 64375
34113 39950 64375
38396 34293 71639
34293 38396 71639
71639 34293 38396
8148 31060 37858
31060 8148 37858
37858 8148 31060
65725 67639 105070
105070 65725 67639
67639 65725 105070
113430 23730 116519
116519 23730 113430
23730 113430 116519
115673 8654 23808
8654 23808 115673
23808 8654 115673
114877 120611 144242
144242 114877 120611
120611 114877 144242
9807 139174 145398
145398 9807 139174
139174 9807 145398
65849 49659 133954
133954 49659 65849
49659 65849 133954
71419 116232 117294
116232 71419 117294
117294 71419 116232
74044 6391 71762
71762 6391 74044
6391 71762 74044
50097 112901 139452
139452 50097 112901
112901 50097 139452
130173 104691 116346
116346 104691 130173
104691 116346 130173
45755 13799 109834
109834 13799 45755
13799 45755 109834
86482 56864 71676
71676 56864 86482
56864 71676 86482
97677 13841 68772
13841 68772 97677
68772 13841 97677
56923 48701 148780
148780 48701 56923
48701 56923 148780
64431 34695 140961
34695 64431 140961
140961 34695 64431
2519 51725 110729
51725 2519 110729
110729 2519 51725
112214 81742 93328
93328 81742 112214
81742 93328 112214
34877 44304 145268
44304 34877 145268
145268 34877 44304
128458 50242 116036
116036 50242 128458
50242 116036 128458
132184 12241 118605
118605 12241 132184
12241 118605 132184
18351 34690 133932
133932 18351 34690
34690 18351 133932
21050 2401 97225
2401 21050 97225
97225 2401 21050
89413 5778 61449
5778 61449 89413
61449 5778 89413
140317 42598 61467
42598 61467 140317
61467 42598 140317
110384 80065 109768
80065 109768 110384
109768 80065 110384
46030 38337 93810
93810 38337 46030
38337 46030 93810
76997 10525 147292
10525 76997 147292
147292 10525 76997
129664 30965 83426
83426 30965 129664
30965 83426 129664
54333 147091 149590
147091 54333 149590
149590 54333 147091
98279 59423 98173
59423 98173 98279
98173 59423 98279
38921 34237 117017
117017 34237 38921
34237 38921 117017
114140 46664 75009
46664 75009 114140
75009 46664 114140
78480 10171 53065
53065 10171 78480
10171 53065 78480
143924 32179 102083
102083 32179 143924
32179 102083 143924
47298 6877 54654
6877 47298 54654
54654 6877 47298
60622 100908 101654
100908 60622 101654
101654 60622 100908
116354 512 100304
100304 512 116354
512 100304 116354
121394 5039 37949
37949 5039 121394
5039 37949 121394
86485 36203 113514
36203 86485 113514
113514 36203 86485
59720 51837 125825
125825 51837 59720
51837 59720 125825
97127 102777 144388
102777 97127 144388
144388 97127 102777
89948 38553 60147
60147 38553 89948
38553 60147 89948
72504 48254 96661
48254 72504 96661
96661 48254 72504
38606 19272 130945
19272 38606 130945
130945 19272 38606
61836 44717 79780
44717 61836 79780
79780 44717 61836
147700 4981 45124
45124 4981 147700
4981 45124 147700
71896 1118 8239
8239 1118 71896
1118 8239 71896
83920 111999 144797
144797 83920 111999
111999 83920 144797
112783 68440 82242
68440 82242 112783
82242 68440 112783
9517 79494 108274
79494 9517 108274
108274 9517 79494
51151 3537 83541
3537 51151 83541
83541 3537 51151
127706 67147 82457
67147 82457 127706
82457 67147 127706
115039 131461 139473
131461 115039 139473
139473 115039 131461
98776 48372 137315
48372 98776 137315
137315 48372 98776
37820 91528 108238
108238 37820 91528
91528 37820 108238
98802 60672 144034
60672 98802 144034
144034 60672 98802
99985 21934 55089
55089 21934 99985
21934 55089 99985
117932 67934 140393
67934 117932 140393
140393 67934 117932
113585 18198 33350
18198 33350 113585
33350 18198 113585
49980 13702 44949
44949 13702 49980
13702 44949 49980
35578 35622 102507
102507 35578 35622
35622 35578 102507
57749 51229 110717
51229 57749 110717
110717 51229 57749
149734 68452 133536
68452 133536 149734
133536 68452 149734
63365 62107 135719
135719 62107 63365
62107 63365 135719
21727 10460 141031
10460 21727 141031
141031 10460 21727
74916 8706 114508
8706 74916 114508
114508 8706 74916
52455 13046 85374
85374 13046 52455
13046 52455 85374
1618 70469 144993
70469 1618 144993
144993 1618 70469
114227 38707 84232
38707 84232 114227
84232 38707 114227
54612 18246 91297
91297 18246 54612
18246 54612 91297
43336 117183 129871
129871 43336 117183
117183 43336 129871
105240 47420 127550
47420 105240 127550
127550 47420 105240
1321 52404 91895
91895 1321 52404
52404 1321 91895
95766 81881 104619
104619 81881 95766
81881 95766 104619
27860 55027 87136
55027 27860 87136
87136 27860 55027
33013 34692 40896
34692 33013 40896
40896 33013 34692
15125 43121 135951
43121 15125 135951
135951 15125 43121
2297 25097 72956
25097 2297 72956
72956 2297 25097
149110 3114 30646
30646 3114 149110
3114 30646 149110
141358 76118 96125
76118 96125 141358
96125 76118 141358
58263 91140 100582
100582 58263 91140
91140 58263 100582
66985 99663 120729
120729 66985 99663
99663 66985 120729
31316 38167 125588
125588 31316 38167
38167 31316 125588
13279 26266 130969
130969 13279 26266
26266 13279 130969
16226 14758 66570
14758 16226 66570
66570 14758 16226
110362 2862 52840
52840 2862 110362
2862 52840 110362
33283 101017 127151
101017 33283 127151
127151 33283 101017
118084 59677 148299
148299 59677 118084
59677 118084 148299
81314 44561 74529
44561 74529 81314
74529 44561 81314
22196 55408 70033
70033 22196 55408
55408 22196 70033
117735 60844 108777
60844 108777 117735
108777 60844 117735
27438 43555 86198
86198 27438 43555
43555 27438 86198
50363 15151 89965
15151 50363 89965
89965 15151 50363
102291 1277 5192
1277 5192 102291
5192 1277 102291
113937 36949 98101
36949 98101 113937
98101 36949 113937
23927 23759 140076
23759 23927 140076
140076 23759 23927
74871 666 46207
666 46207 74871
46207 666 74871
144771 75107 76268
76268 75107 144771
75107 76268 144771
74671 16512 35112
16512 35112 74671
35112 16512 74671
18342 47404 91962
47404 18342 91962
91962 18342 47404
35414 63423 88926
88926 35414 63423
63423 35414 88926
10088 47833 135322
47833 10088 135322
135322 10088 47833
14447 20268 117024
117024 14447 20268
20268 14447 117024
127040 17780 95412
17780 95412 127040
95412 17780 127040
63086 18017 129071
129071 18017 63086
18017 63086 129071
971 52807 57879
57879 971 52807
52807 971 57879
102008 49496 91695
91695 49496 102008
49496 91695 102008
7896 12312 39169
12312 7896 39169
39169 7896 12312
12431 7349 39113
7349 12431 39113
39113 7349 12431
130537 18268 118178
118178 18268 130537
18268 118178 130537
34825 33513 69842
69842 33513 34825
33513 34825 69842
97748 43484 92057
92057 43484 97748
43484 92057 97748
45321 1150 3076
3076 1150 45321
1150 3076 45321
80889 85602 118560
118560 80889 85602
85602 80889 118560
33064 35880 90742
90742 33064 35880
35880 33064 90742
92749 76437 79351
76437 79351 92749
79351 76437 92749
75472 127122 133947
133947 75472 127122
127122 75472 133947
123122 14909 119805
14909 119805 123122
119805 14909 123122
56440 32185 61072
61072 32185 56440
32185 56440 61072
44617 111320 141201
111320 44617 141201
141201 44617 111320
424 6783 26178
6783 424 26178
26178 424 6783
116136 111885 131396
111885 116136 131396
131396 111885 116136
115243 4156 28156
28156 4156 115243
4156 28156 115243
129447 87727 93537
93537 87727 129447
87727 93537 129447
13586 28328 130018
130018 13586 28328
28328 13586 130018
122184 24124 28942
28942 24124 122184
24124 28942 122184
52453 63645 97472
63645 52453 97472
97472 52453 63645
109721 77849 144154
144154 77849 109721
77849 109721 144154
52724 57259 70176
57259 52724 70176
70176 52724 57259
115584 57824 89018
89018 57824 115584
57824 89018 115584
53517 46284 134757
46284 53517 134757
134757 46284 53517
130260 18307 103888
103888 18307 130260
18307 103888 130260
78407 112549 137189
112549 78407 137189
137189 78407 112549
143888 71090 137352
137352 71090 143888
71090 137352 143888
95050 86241 143666
86241 95050 143666
143666 86241 95050
4193 11238 60056
11238 4193 60056
60056 4193 11238
63113 23090 132738
23090 63113 132738
132738 23090 63113
77539 76480 149823
76480 77539 149823
149823 76480 77539
57787 53113 87712
87712 53113 57787
53113 57787 87712
107473 17555 76881
76881 17555 107473
17555 76881 107473
70572 104397 142680
142680 70572 104397
104397 70572 142680
109756 6803 76356
6803 76356 109756
76356 6803 109756
149481 112313 131358
131358 112313 149481
112313 131358 149481
26074 4190 38782
38782 4190 26074
4190 26074 38782
121105 49151 111951
111951 49151 121105
49151 111951 121105
25186 32841 130555
130555 25186 32841
32841 25186 130555
20776 40994 55500
40994 20776 55500
55500 20776 40994
45145 18527 68736
18527 45145 68736
68736 18527 45145
100745 108234 113070
113070 100745 108234
108234 100745 113070
115442 18883 104228
104228 18883 115442
18883 104228 115442
50672 6111 17747
17747 6111 50672
6111 17747 50672
104503 32575 125988
32575 104503 125988
125988 32575 104503
75857 5431 25227
5431 25227 75857
25227 5431 75857
145390 66960 144690
144690 66960 145390
66960 144690 145390
135855 116998 133756
133756 116998 135855
116998 133756 135855
131785 119534 145554
119534 131785 145554
145554 119534 131785
69053 114653 124788
124788 69053 114653
114653 69053 124788
81226 61519 72732
72732 61519 81226
61519 72732 81226
30989 70456 114489
114489 30989 70456
70456 30989 114489
44935 116621 135818
135818 44935 116621
116621 44935 135818
