988 1434 1440
1434 988 1440
1440 988 1434
612 703 1249
703 612 1249
1249 612 703
695 184 1270
184 695 1270
1270 184 695
195 1163 1261
1163 195 1261
1261 195 1163
493 447 1168
447 493 1168
1168 447 493
1113 410 868
410 868 1113
868 410 1113
569 1043 1459
1043 569 1459
1459 569 1043
233 884 1125
1125 233 884
884 233 1125
1141 3 863
863 3 1141
3 863 1141
1435 1028 1326
1326 1028 1435
1028 1326 1435
1111 64 1015
64 1015 1111
1015 64 1111
603 125 152
152 125 603
125 152 603
592 5 350
5 350 592
350 5 592
528 196 668
196 528 668
668 196 528
604 389 1449
1449 389 604
389 604 1449
426 436 1032
1032 426 436
436 426 1032
1365 18 1231
1231 18 1365
18 1231 1365
1017 465 1464
1464 465 1017
465 1017 1464
1216 512 1014
512 1014 1216
1014 512 1216
383 427 933
427 383 933
933 383 427
959 100 304
100 304 959
304 100 959
442 483 632
632 442 483
483 442 632
1084 1103 1304
1103 1084 1304
1304 1084 1103
331 369 971
971 331 369
369 331 971
341 746 857
857 341 746
746 341 857
1006 1183 1241
1241 1006 1183
1183 1006 1241
813 89 1008
1008 89 813
89 813 1008
1202 374 419
374 419 1202
419 374 1202
1340 186 854
186 854 1340
854 186 1340
1092 1223 1447
1223 1092 1447
1447 1092 1223
696 193 1345
1345 193 696
193 696 1345
810 28 481
481 28 810
28 481 810
1058 1294 1366
1366 1058 1294
1294 1058 1366
953 275 1360
275 953 1360
1360 275 953
824 84 1317
1317 84 824
84 824 1317
588 1051 1285
1051 588 1285
1285 588 1051
693 147 1143
147 693 1143
1143 147 693
1003 209 732
209 732 1003
732 209 1003
103 252 396
396 103 252
252 103 396
1182 940 1419
940 1182 1419
1419 940 1182
109 328 819
328 109 819
819 109 328
1195 140 310
310 140 1195
140 310 1195
17 796 841
841 17 796
796 17 841
1494 905 1439
905 1439 1494
1439 905 1494
1392 36 201
36 201 1392
201 36 1392
96 16 1458
1458 16 96
16 96 1458
844 1186 1361
1186 844 1361
1361 844 1186
755 680 687
680 687 755
687 680 755
1499 464 529
464 529 1499
529 464 1499
382 173 1129
173 382 1129
1129 173 382
616 166 1452
166 616 1452
1452 166 616
98 630 1072
1072 98 630
630 98 1072
420 570 1332
1332 420 570
570 420 1332
474 225 686
225 474 686
686 225 474
1362 215 729
215 729 1362
729 215 1362
1467 143 786
786 143 1467
143 786 1467
1335 70 206
70 206 1335
206 70 1335
1054 962 1498
962 1054 1498
1498 962 1054
363 171 1038
171 363 1038
1038 171 363
394 122 340
340 122 394
122 340 394
839 291 1098
1098 291 839
291 839 1098
980 333 591
333 591 980
591 333 980
1251 8 207
8 207 1251
207 8 1251
416 666 1416
666 416 1416
1416 416 666
581 321 768
768 321 581
321 581 768
54 12 404
404 12 54
12 54 404
1118 218 1443
218 1118 1443
1443 218 1118
496 280 1446
280 496 1446
1446 280 496
1322 362 602
602 362 1322
362 602 1322
106 726 1024
1024 106 726
726 106 1024
556 739 817
817 556 739
739 556 817
295 783 1146
1146 295 783
783 295 1146
981 503 1290
1290 503 981
503 981 1290
858 127 1339
1339 127 858
127 858 1339
575 66 1144
66 575 1144
1144 66 575
34 606 1403
606 34 1403
1403 34 606
485 234 566
234 485 566
566 234 485
947 821 1271
1271 821 947
821 947 1271
1371 163 479
479 163 1371
163 479 1371
892 579 1276
579 892 1276
1276 579 892
1479 1102 1287
1102 1287 1479
1287 1102 1479
883 72 337
337 72 883
72 337 883
740 76 1413
1413 76 740
76 740 1413
1291 117 1005
1005 117 1291
117 1005 1291
1297 911 1472
1472 911 1297
911 1297 1472
115 1305 1377
1377 115 1305
1305 115 1377
364 172 534
534 172 364
172 364 534
203 584 886
886 203 584
584 203 886
1273 352 1080
1080 352 1273
352 1080 1273
222 507 1077
507 222 1077
1077 222 507
548 995 1399
995 548 1399
1399 548 995
1423 823 1368
823 1368 1423
1368 823 1423
921 514 1382
514 921 1382
1382 514 921
720 39 1421
39 720 1421
1421 39 720
629 609 1123
609 629 1123
1123 609 629
142 48 392
48 142 392
392 48 142
544 876 1238
1238 544 876
876 544 1238
452 355 1396
355 452 1396
1396 355 452
1254 226 398
226 398 1254
398 226 1254
220 1075 1474
1474 220 1075
1075 220 1474
1408 49 1060
1060 49 1408
49 1060 1408
116 848 864
848 116 864
864 116 848
717 212 550
212 550 717
550 212 717
1149 273 585
585 273 1149
273 585 1149
351 7 865
865 7 351
7 351 865
63 174 271
174 63 271
271 63 174
790 315 1117
315 790 1117
1117 315 790
1492 997 1363
997 1363 1492
1363 997 1492
1307 391 535
391 535 1307
535 391 1307
290 69 641
641 69 290
69 290 641
422 79 1198
1198 79 422
79 422 1198
938 756 1169
756 938 1169
1169 756 938
1299 324 899
899 324 1299
324 899 1299
1486 378 508
508 378 1486
378 508 1486
1200 1260 1275
1275 1200 1260
1260 1200 1275
1491 285 1457
1457 285 1491
285 1457 1491
1203 877 1420
877 1203 1420
1420 877 1203
1190 927 1475
927 1190 1475
1475 927 1190
936 347 509
509 347 936
347 509 936
135 44 1179
1179 44 135
44 135 1179
1086 414 1436
1436 414 1086
414 1086 1436
113 646 949
949 113 646
646 113 949
21 326 555
326 21 555
555 21 326
972 909 1331
1331 909 972
909 972 1331
941 1065 1162
1065 941 1162
1162 941 1065
801 521 1020
521 801 1020
1020 521 801
480 408 737
737 408 480
408 480 737
1158 773 1034
1034 773 1158
773 1034 1158
924 782 1314
1314 782 924
782 924 1314
148 433 989
433 148 989
989 148 433
547 112 487
112 487 547
487 112 547
1154 156 301
156 301 1154
301 156 1154
607 549 1119
1119 549 607
549 607 1119
123 772 1497
1497 123 772
772 123 1497
1091 930 1106
1106 930 1091
930 1091 1106
874 376 450
376 450 874
450 376 874
812 1243 1384
1384 812 1243
1243 812 1384
822 71 1266
1266 71 822
71 822 1266
381 542 594
542 381 594
594 381 542
793 624 1224
624 793 1224
1224 624 793
1410 365 1093
1093 365 1410
365 1093 1410
736 1221 1306
1221 736 1306
1306 736 1221
126 691 1087
1087 126 691
691 126 1087
495 675 1208
1208 495 675
675 495 1208
878 558 957
957 558 878
558 878 957
896 631 1353
631 896 1353
1353 631 896
1453 506 944
506 944 1453
944 506 1453
942 47 1298
1298 47 942
47 942 1298
791 728 1222
1222 728 791
728 791 1222
1207 77 536
77 536 1207
536 77 1207
741 249 1155
1155 249 741
249 741 1155
1325 128 587
587 128 1325
128 587 1325
1009 208 546
208 546 1009
546 208 1009
890 731 1388
1388 731 890
731 890 1388
302 99 780
99 302 780
780 99 302
293 160 765
160 293 765
765 160 293
673 335 856
856 335 673
335 673 856
850 210 244
244 210 850
210 244 850
292 490 1343
490 292 1343
1343 292 490
1081 241 893
893 241 1081
241 893 1081
906 1021 1300
1021 906 1300
1300 906 1021
85 580 1120
580 85 1120
1120 85 580
849 41 633
633 41 849
41 633 849
406 183 672
672 183 406
183 406 672
605 475 762
475 605 762
762 475 605
458 187 916
187 458 916
916 187 458
1104 502 1255
502 1104 1255
1255 502 1104
973 845 1030
845 973 1030
1030 845 973
1069 178 760
760 178 1069
178 760 1069
1035 55 1352
55 1035 1352
1352 55 1035
590 1165 1489
1489 590 1165
1165 590 1489
571 598 1348
1348 571 598
598 571 1348
317 107 441
107 317 441
441 107 317
1209 138 412
138 412 1209
412 138 1209
1184 345 1176
1176 345 1184
345 1176 1184
700 553 1280
1280 553 700
553 700 1280
74 770 987
770 74 987
987 74 770
657 231 299
231 299 657
299 231 657
425 1 286
1 286 425
286 1 425
833 1066 1172
1172 833 1066
1066 833 1172
1023 68 467
68 467 1023
467 68 1023
1397 19 287
287 19 1397
19 287 1397
638 484 1010
484 638 1010
1010 484 638
814 236 589
236 589 814
589 236 814
519 219 505
219 505 519
505 219 519
83 738 859
738 83 859
859 83 738
992 56 901
56 901 992
901 56 992
937 769 1355
769 937 1355
1355 769 937
1387 265 359
359 265 1387
265 359 1387
525 597 1302
1302 525 597
597 525 1302
524 1239 1268
1268 524 1239
1239 524 1268
176 885 1334
885 176 1334
1334 176 885
1376 825 1159
825 1159 1376
1159 825 1376
1188 182 533
182 533 1188
533 182 1188
1016 161 870
161 870 1016
870 161 1016
510 826 1062
1062 510 826
826 510 1062
188 118 1493
1493 118 188
118 188 1493
577 1196 1406
1196 577 1406
1406 577 1196
1107 1002 1161
1161 1002 1107
1002 1107 1161
457 622 758
758 457 622
622 457 758
1240 137 1480
1480 137 1240
137 1240 1480
1166 1099 1389
1099 1166 1389
1389 1099 1166
618 840 1328
1328 618 840
840 618 1328
1329 388 915
388 915 1329
915 388 1329
852 552 834
552 834 852
834 552 852
718 259 912
912 259 718
259 718 912
149 139 435
139 149 435
435 139 149
681 238 1074
238 681 1074
1074 238 681
104 200 245
200 104 245
245 104 200
982 397 576
576 397 982
397 576 982
1090 180 1263
1263 180 1090
180 1090 1263
715 1192 1227
1192 715 1227
1227 715 1192
935 194 240
194 240 935
240 194 935
1456 413 757
757 413 1456
413 757 1456
257 279 415
415 257 279
279 257 415
451 92 1327
92 451 1327
1327 92 451
314 627 1252
627 314 1252
1252 314 627
132 491 1471
1471 132 491
491 132 1471
42 846 946
946 42 846
846 42 946
996 625 1259
1259 625 996
625 996 1259
1152 261 1201
261 1152 1201
1201 261 1152
539 51 1088
51 539 1088
1088 51 539
593 428 515
515 428 593
428 515 593
154 371 669
371 154 669
669 154 371
1205 357 1095
1095 357 1205
357 1095 1205
343 25 1128
25 343 1128
1128 25 343
439 411 968
411 439 968
968 411 439
462 380 1281
1281 380 462
380 462 1281
561 615 1344
615 561 1344
1344 561 615
1040 80 707
707 80 1040
80 707 1040
274 170 843
170 274 843
843 170 274
1073 820 1197
820 1073 1197
1197 820 1073
1210 354 907
907 354 1210
354 907 1210
706 131 1424
131 706 1424
1424 131 706
53 617 977
977 53 617
617 53 977
387 38 778
38 387 778
778 38 387
1258 1108 1430
1108 1258 1430
1430 1108 1258
795 721 1323
1323 721 795
721 795 1323
1407 730 733
730 733 1407
733 730 1407
272 277 454
277 272 454
454 272 277
1211 33 269
33 269 1211
269 33 1211
970 634 807
634 807 970
807 634 970
799 11 794
11 794 799
794 11 799
40 1000 1094
1000 40 1094
1094 40 1000
684 763 1444
1444 684 763
763 684 1444
530 145 702
702 145 530
145 530 702
199 543 1127
543 199 1127
1127 199 543
429 600 880
600 429 880
880 429 600
499 565 882
882 499 565
565 499 882
517 716 1233
716 517 1233
1233 517 716
828 177 689
177 689 828
689 177 828
190 119 1071
1071 119 190
119 190 1071
390 792 1112
792 390 1112
1112 390 792
1219 463 872
872 463 1219
463 872 1219
423 260 611
611 260 423
260 423 611
1262 659 1253
659 1253 1262
1253 659 1262
1142 400 1070
1070 400 1142
400 1070 1142
818 375 1137
375 818 1137
1137 375 818
1122 722 1488
1488 722 1122
722 1122 1488
497 635 815
635 497 815
815 497 635
455 678 1318
678 455 1318
1318 455 678
719 1454 1500
1454 719 1500
1500 719 1454
501 1218 1279
1279 501 1218
1218 501 1279
671 572 1265
572 671 1265
1265 572 671
57 1053 1485
1053 57 1485
1485 57 1053
800 78 370
78 370 800
370 78 800
121 494 855
855 121 494
494 121 855
682 1027 1235
1027 682 1235
1235 682 1027
956 307 943
307 943 956
943 307 956
405 784 1257
1257 405 784
784 405 1257
67 613 891
891 67 613
613 67 891
1199 743 1121
743 1121 1199
1121 743 1199
809 448 1236
1236 448 809
448 809 1236
1451 744 838
744 838 1451
838 744 1451
262 482 851
851 262 482
482 262 851
725 6 1068
6 725 1068
1068 6 725
466 192 908
908 192 466
192 466 908
520 969 1151
969 520 1151
1151 520 969
1442 939 1246
939 1246 1442
1246 939 1442
1293 179 1247
179 1247 1293
1247 179 1293
134 1100 1450
1450 134 1100
1100 134 1450
1445 958 1267
1267 958 1445
958 1267 1445
1336 531 1022
531 1022 1336
1022 531 1336
1398 560 806
560 806 1398
806 560 1398
105 537 1478
537 105 1478
1478 105 537
1212 774 1401
774 1212 1401
1401 774 1212
1036 267 1256
1256 267 1036
267 1036 1256
1463 344 1215
1215 344 1463
344 1215 1463
871 468 881
881 468 871
468 871 881
1347 879 1402
1402 879 1347
879 1347 1402
298 155 246
155 246 298
246 155 298
94 596 1245
1245 94 596
596 94 1245
1383 297 1391
297 1383 1391
1391 297 1383
1324 573 1308
573 1308 1324
1308 573 1324
734 527 1405
1405 527 734
527 734 1405
574 1061 1364
1364 574 1061
1061 574 1364
714 62 334
334 62 714
62 334 714
688 338 645
645 338 688
338 645 688
1272 356 1490
1490 356 1272
356 1272 1490
1076 1379 1381
1379 1076 1381
1381 1076 1379
1338 498 1097
498 1097 1338
1097 498 1338
204 677 1428
1428 204 677
677 204 1428
1131 368 407
407 368 1131
368 407 1131
1359 136 1354
136 1354 1359
1354 136 1359
224 303 656
303 224 656
656 224 303
185 723 1042
723 185 1042
1042 185 723
623 1296 1427
1296 623 1427
1427 623 1296
312 9 402
402 9 312
9 312 402
979 1181 1321
1181 979 1321
1321 979 1181
29 223 862
223 29 862
862 29 223
742 637 1173
1173 637 742
637 742 1173
386 227 779
227 386 779
779 227 386
1153 342 1160
1160 342 1153
342 1153 1160
662 108 372
108 372 662
372 108 662
789 1369 1433
1369 789 1433
1433 789 1369
230 20 1286
1286 20 230
20 230 1286
1333 266 1415
266 1333 1415
1415 266 1333
305 1226 1418
1226 305 1418
1418 305 1226
358 925 983
983 358 925
925 358 983
676 114 237
114 237 676
237 114 676
445 82 256
256 82 445
82 256 445
749 144 771
144 749 771
771 144 749
1019 165 1409
1409 165 1019
165 1019 1409
1007 654 1229
654 1007 1229
1229 654 1007
655 31 348
31 348 655
348 31 655
665 146 1341
146 665 1341
1341 146 665
1244 471 690
690 471 1244
471 690 1244
1191 568 797
568 797 1191
797 568 1191
934 1175 1411
1411 934 1175
1175 934 1411
1431 932 1078
1078 932 1431
932 1078 1431
167 1130 1225
1225 167 1130
1130 167 1225
432 456 583
456 432 583
583 432 456
787 120 443
443 120 787
120 443 787
87 86 1114
86 87 1114
1114 86 87
251 283 990
283 251 990
990 251 283
133 385 861
861 133 385
385 133 861
640 288 1048
1048 288 640
288 640 1048
1412 65 900
900 65 1412
65 900 1412
318 798 1018
1018 318 798
798 318 1018
90 205 1438
205 90 1438
1438 90 205
1380 308 998
998 308 1380
308 998 1380
329 902 1394
1394 329 902
902 329 1394
1170 242 708
242 708 1170
708 242 1170
486 366 417
366 417 486
417 366 486
296 360 918
918 296 360
360 296 918
250 1001 1082
1082 250 1001
1001 250 1082
704 216 1320
1320 216 704
216 704 1320
1437 43 1313
1313 43 1437
43 1313 1437
753 248 1356
1356 248 753
248 753 1356
214 158 1189
158 214 1189
1189 158 214
353 664 1025
1025 353 664
664 353 1025
644 698 1145
1145 644 698
698 644 1145
151 903 1288
1288 151 903
903 151 1288
453 102 401
102 401 453
401 102 453
867 217 831
831 217 867
217 831 867
232 349 648
349 232 648
648 232 349
1105 920 1045
1045 920 1105
920 1045 1105
322 4 1248
1248 4 322
4 322 1248
1373 1220 1466
1466 1220 1373
1220 1373 1466
670 294 562
562 294 670
294 562 670
652 461 500
461 500 652
500 461 652
88 551 754
551 88 754
754 88 551
141 541 985
985 141 541
541 141 985
926 91 1357
1357 91 926
91 926 1357
727 14 748
14 727 748
748 14 727
1134 446 636
636 446 1134
446 636 1134
255 628 965
628 255 965
965 255 628
489 32 1056
1056 32 489
32 489 1056
538 660 853
853 538 660
660 538 853
860 367 663
367 663 860
663 367 860
26 608 1301
1301 26 608
608 26 1301
379 1063 1232
1063 379 1232
1232 379 1063
1213 336 697
697 336 1213
336 697 1213
1041 444 522
444 522 1041
522 444 1041
978 679 914
679 914 978
914 679 978
832 1116 1178
1178 832 1116
1116 832 1178
601 897 1385
897 601 1385
1385 601 897
651 674 705
705 651 674
674 651 705
1193 545 802
802 545 1193
545 802 1193
948 804 1469
804 948 1469
1469 804 948
1171 614 1115
614 1115 1171
1115 614 1171
270 282 620
282 270 620
620 270 282
775 316 325
325 316 775
316 325 775
750 235 643
235 643 750
643 235 750
211 477 1292
477 211 1292
1292 211 477
564 22 95
22 95 564
95 22 564
377 991 1228
991 377 1228
1228 377 991
1167 887 1206
887 1167 1206
1206 887 1167
284 30 811
30 284 811
811 30 284
1109 73 395
73 395 1109
395 73 1109
45 403 434
434 45 403
403 45 434
1426 175 1194
175 1194 1426
1194 175 1426
1414 393 1156
1156 393 1414
393 1156 1414
1422 460 1110
460 1110 1422
1110 460 1422
993 827 1057
1057 827 993
827 993 1057
751 81 169
81 169 751
169 81 751
1473 642 928
928 642 1473
642 928 1473
346 532 1372
1372 346 532
532 346 1372
239 745 777
745 239 777
777 239 745
61 157 650
650 61 157
157 61 650
1079 258 1455
258 1079 1455
1455 258 1079
1390 409 1013
409 1013 1390
1013 409 1390
1033 808 1349
808 1033 1349
1349 808 1033
1187 332 699
332 699 1187
699 332 1187
1487 781 984
984 781 1487
781 984 1487
1367 23 1351
1351 23 1367
23 1351 1367
557 164 243
243 164 557
164 243 557
1148 253 960
960 253 1148
253 960 1148
1264 599 967
599 967 1264
967 599 1264
189 306 658
658 189 306
306 189 658
1138 516 898
898 516 1138
516 898 1138
1395 621 764
621 764 1395
764 621 1395
788 60 895
895 60 788
60 788 895
639 578 1461
1461 578 639
578 639 1461
963 752 761
761 752 963
752 761 963
2 13 904
13 2 904
904 2 13
1150 268 1214
1214 268 1150
268 1150 1214
421 595 1278
595 421 1278
1278 421 595
1089 470 1404
470 1089 1404
1404 470 1089
961 894 1132
1132 894 961
894 961 1132
35 488 1277
488 35 1277
1277 35 488
1157 875 1495
875 1157 1495
1495 875 1157
37 747 952
952 37 747
747 37 952
1312 776 1370
776 1312 1370
1370 776 1312
888 361 373
361 373 888
373 361 888
999 124 913
124 913 999
913 124 999
129 803 805
803 129 805
805 129 803
1476 1050 1136
1050 1136 1476
1136 1050 1476
785 431 711
431 711 785
711 431 785
759 1026 1482
1026 759 1482
1482 759 1026
1140 713 1448
713 1140 1448
1448 713 1140
1496 50 661
661 50 1496
50 661 1496
46 181 264
181 46 264
264 46 181
1470 330 554
554 330 1470
330 554 1470
523 300 986
300 523 986
986 300 523
950 563 1049
563 950 1049
1049 563 950
1346 667 694
694 667 1346
667 694 1346
469 15 52
52 15 469
15 52 469
323 449 1124
1124 323 449
449 323 1124
1031 472 923
472 923 1031
923 472 1031
889 319 1274
1274 319 889
319 889 1274
263 692 830
692 263 830
830 263 692
281 213 837
213 281 837
837 213 281
974 1378 1481
1481 974 1378
1378 974 1481
1283 1374 1483
1483 1283 1374
1374 1283 1483
712 27 1289
1289 27 712
27 712 1289
701 278 1230
278 701 1230
1230 278 701
1350 1047 1429
1429 1047 1350
1047 1350 1429
526 384 836
384 526 836
836 384 526
1242 1067 1358
1067 1242 1358
1358 1067 1242
1375 289 766
289 766 1375
766 289 1375
311 873 1393
873 311 1393
1393 311 873
1055 440 1342
440 1055 1342
1342 440 1055
101 513 919
919 101 513
513 101 919
229 254 430
430 229 254
254 229 430
945 327 619
327 619 945
619 327 945
511 829 951
951 511 829
829 511 951
816 709 964
964 709 816
709 816 964
842 247 540
247 540 842
540 247 842
559 437 866
866 437 559
437 559 866
954 168 1311
1311 168 954
168 954 1311
159 955 1316
955 159 1316
1316 159 955
685 724 1315
1315 685 724
724 685 1315
130 504 518
518 130 504
504 130 518
438 767 1441
1441 438 767
767 438 1441
1284 582 1432
1432 582 1284
582 1284 1432
1037 649 1096
1096 649 1037
649 1037 1096
110 1177 1425
1425 110 1177
1177 110 1425
1039 735 1083
1083 735 1039
735 1039 1083
202 221 869
221 202 869
869 202 221
1004 75 683
75 683 1004
683 75 1004
1059 847 1237
847 1059 1237
1237 847 1059
1386 228 1126
1126 228 1386
228 1126 1386
478 198 1011
1011 198 478
198 478 1011
59 1234 1269
1234 59 1269
1269 59 1234
1085 476 1185
476 1085 1185
1185 476 1085
150 276 1303
276 150 1303
1303 150 276
1460 610 835
835 610 1460
610 835 1460
1484 1147 1319
1147 1319 1484
1319 1147 1484
931 1046 1250
1046 931 1250
1250 931 1046
976 424 1180
424 976 1180
1180 424 976
1139 710 1417
710 1139 1417
1417 710 1139
994 647 929
929 647 994
647 929 994
1477 197 1282
197 1282 1477
1282 197 1477
1468 93 1052
93 1052 1468
1052 93 1468
10 58 153
58 10 153
153 10 58
162 459 1029
1029 162 459
459 162 1029
1462 320 492
492 320 1462
320 492 1462
1465 653 966
966 653 1465
653 966 1465
1217 1101 1174
1101 1174 1217
1174 1101 1217
626 922 1330
1330 626 922
922 626 1330
24 917 1064
1064 24 917
917 24 1064
1310 586 1044
1044 586 1310
586 1044 1310
910 339 1135
339 910 1135
1135 339 910
1400 473 1295
473 1295 1400
1295 473 1400
399 309 1337
309 399 1337
1337 309 399
1164 191 975
975 191 1164
191 975 1164
567 418 1204
418 567 1204
1204 418 567
313 1012 1309
1012 313 1309
1309 313 1012
111 97 1133
1133 97 111
97 111 1133
