1423 1256 1270
1270 1256 1423
1256 1270 1423
1481 379 1200
1200 379 1481
379 1200 1481
676 526 653
653 526 676
526 653 676
413 864 1012
864 413 1012
1012 413 864
1276 296 1438
1438 296 1276
296 1276 1438
717 92 385
385 92 717
92 385 717
613 103 635
635 103 613
103 613 635
1349 1130 1184
1130 1184 1349
1184 1130 1349
1121 671 1327
1327 671 1121
671 1121 1327
334 896 1016
896 334 1016
1016 334 896
23 707 1369
707 23 1369
1369 23 707
954 1191 1399
1191 954 1399
1399 954 1191
309 755 928
755 309 928
928 309 755
812 545 1126
545 812 1126
1126 545 812
919 567 1316
1316 567 919
567 919 1316
1173 400 1315
1315 400 1173
400 1173 1315
1446 311 1254
1254 311 1446
311 1254 1446
1044 294 878
878 294 1044
294 878 1044
563 149 386
149 386 563
386 149 563
425 520 1024
520 425 1024
1024 425 520
1206 6 578
578 6 1206
6 578 1206
1069 443 1100
443 1069 1100
1100 443 1069
706 680 1037
1037 680 706
680 706 1037
1040 69 1453
69 1040 1453
1453 69 1040
56 627 1367
627 56 1367
1367 56 627
116 151 1258
151 116 1258
1258 116 151
1494 110 1166
1166 110 1494
110 1166 1494
913 336 571
571 336 913
336 571 913
1133 564 721
721 564 1133
564 721 1133
813 423 936
936 423 813
423 813 936
961 456 673
673 456 961
456 673 961
452 58 380
380 58 452
58 380 452
1201 630 1013
630 1013 1201
1013 630 1201
1476 1167 1183
1167 1183 1476
1183 1167 1476
1433 574 1326
574 1326 1433
1326 574 1433
1323 499 1384
1384 499 1323
499 1323 1384
634 118 1029
1029 118 634
118 634 1029
364 138 441
138 364 441
441 138 364
374 426 1397
426 374 1397
1397 374 426
1357 61 1073
61 1073 1357
1073 61 1357
350 384 754
384 350 754
754 350 384
732 579 1411
579 732 1411
1411 579 732
1288 893 931
931 893 1288
893 931 1288
626 856 1084
856 626 1084
1084 626 856
46 454 979
454 46 979
979 46 454
431 74 700
700 74 431
74 431 700
667 974 1317
1317 667 974
974 667 1317
169 81 414
414 81 169
81 169 414
729 604 933
933 604 729
604 729 933
825 263 1000
263 825 1000
1000 263 825
68 758 1238
1238 68 758
758 68 1238
355 401 1128
401 355 1128
1128 355 401
675 119 1195
119 675 1195
1195 119 675
1428 1319 1444
1319 1428 1444
1444 1319 1428
765 1174 1336
1336 765 1174
1174 765 1336
597 432 525
432 525 597
525 432 597
912 543 1294
543 912 1294
1294 543 912
995 1217 1390
1217 995 1390
1390 995 1217
642 909 1471
909 642 1471
1471 642 909
747 625 843
625 747 843
843 625 747
1028 479 683
683 479 1028
479 683 1028
894 1274 1499
1274 894 1499
1499 894 1274
1068 259 346
346 259 1068
259 346 1068
1109 953 1500
1500 953 1109
953 1109 1500
786 177 608
177 608 786
608 177 786
1262 576 701
701 576 1262
576 701 1262
1207 644 741
741 644 1207
644 741 1207
301 57 536
57 301 536
536 57 301
553 972 1259
972 553 1259
1259 553 972
921 265 1324
1324 265 921
265 921 1324
620 53 1389
1389 53 620
53 620 1389
792 145 1095
1095 145 792
145 792 1095
712 819 929
929 712 819
819 712 929
549 194 639
639 194 549
194 549 639
361 412 655
412 361 655
655 361 412
154 611 781
781 154 611
611 154 781
998 163 807
163 807 998
807 163 998
903 515 1284
515 903 1284
1284 515 903
442 153 1450
153 442 1450
1450 153 442
459 883 1112
1112 459 883
883 459 1112
1229 968 1059
968 1059 1229
1059 968 1229
842 18 20
18 20 842
20 18 842
1131 352 511
511 352 1131
352 511 1131
365 523 697
697 365 523
523 365 697
241 460 497
497 241 460
460 241 497
665 321 924
321 665 924
924 321 665
222 428 1176
428 222 1176
1176 222 428
1161 70 988
988 70 1161
70 988 1161
319 166 814
814 166 319
166 319 814
1243 236 1273
236 1243 1273
1273 236 1243
1244 780 1143
1143 780 1244
780 1143 1244
645 34 524
34 524 645
524 34 645
1427 1076 1405
1076 1405 1427
1405 1076 1427
874 1239 1430
1430 874 1239
1239 874 1430
898 114 1339
114 898 1339
1339 114 898
788 568 1187
1187 568 788
568 788 1187
1190 84 922
922 84 1190
84 922 1190
429 1225 1267
1225 429 1267
1267 429 1225
487 12 664
12 487 664
664 12 487
1321 596 827
596 827 1321
827 596 1321
900 234 1113
234 900 1113
1113 234 900
1094 88 1223
1223 88 1094
88 1094 1223
771 559 1298
559 771 1298
1298 559 771
918 743 1467
743 918 1467
1467 743 918
24 25 148
25 24 148
148 24 25
735 427 791
791 427 735
427 735 791
1331 682 963
682 963 1331
963 682 1331
192 179 216
179 192 216
216 179 192
702 248 1345
248 702 1345
1345 248 702
345 389 895
895 345 389
389 345 895
1478 957 1018
1018 957 1478
957 1018 1478
1043 19 538
19 538 1043
538 19 1043
971 1011 1193
1193 971 1011
1011 971 1193
1070 65 884
884 65 1070
65 884 1070
670 5 290
5 290 670
290 5 670
852 255 546
546 255 852
255 546 852
406 477 1325
1325 406 477
477 406 1325
1205 1061 1185
1061 1185 1205
1185 1061 1205
235 719 724
724 235 719
719 235 724
1162 244 985
985 244 1162
244 985 1162
483 1395 1403
1403 483 1395
1395 483 1403
1199 514 793
793 514 1199
514 793 1199
136 242 562
562 136 242
242 136 562
1212 1155 1307
1155 1212 1307
1307 1155 1212
980 1064 1301
1064 980 1301
1301 980 1064
391 43 1087
43 391 1087
1087 43 391
759 410 1351
410 759 1351
1351 410 759
1422 692 1261
692 1261 1422
1261 692 1422
329 167 822
167 329 822
822 167 329
769 180 1447
180 769 1447
1447 180 769
877 139 1055
1055 139 877
139 877 1055
1391 970 1198
1198 970 1391
970 1198 1391
1165 555 610
610 555 1165
555 610 1165
1354 392 480
392 480 1354
480 392 1354
356 739 984
739 356 984
984 356 739
871 1127 1480
1127 871 1480
1480 871 1127
101 798 939
798 101 939
939 101 798
278 1247 1343
1247 278 1343
1343 278 1247
481 641 651
641 481 651
651 481 641
325 150 854
150 325 854
854 150 325
614 818 1309
818 614 1309
1309 614 818
1426 920 1156
920 1156 1426
1156 920 1426
78 97 548
97 78 548
548 78 97
117 212 1045
212 117 1045
1045 117 212
1263 691 1170
691 1170 1263
1170 691 1263
190 76 1308
76 190 1308
1308 76 190
1248 450 1132
1132 450 1248
450 1132 1248
1224 185 570
185 570 1224
570 185 1224
500 165 1375
1375 165 500
165 500 1375
952 588 1099
1099 588 952
588 952 1099
434 348 1486
348 434 1486
1486 348 434
397 501 660
501 397 660
660 397 501
632 79 902
902 79 632
79 632 902
90 383 1335
383 90 1335
1335 90 383
981 519 716
716 519 981
519 716 981
1330 808 1483
808 1330 1483
1483 808 1330
15 763 860
763 15 860
860 15 763
314 872 1302
1302 314 872
872 314 1302
509 215 303
303 215 509
215 303 509
1295 619 1203
1203 619 1295
619 1203 1295
1049 45 208
45 208 1049
208 45 1049
291 1025 1107
1107 291 1025
1025 291 1107
1038 254 661
254 661 1038
661 254 1038
369 73 135
135 73 369
73 135 369
522 285 1078
285 522 1078
1078 285 522
124 123 782
782 123 124
123 124 782
648 589 760
589 648 760
760 589 648
472 575 1033
575 472 1033
1033 472 575
1355 622 1072
1072 622 1355
622 1072 1355
1211 35 601
601 35 1211
35 601 1211
694 451 618
451 618 694
618 451 694
1034 891 1036
891 1034 1036
1036 891 1034
1135 160 863
160 863 1135
863 160 1135
715 32 1032
1032 32 715
32 715 1032
393 220 767
220 393 767
767 220 393
17 552 1429
552 17 1429
1429 17 552
370 39 892
892 39 370
39 370 892
1123 1182 1197
1182 1123 1197
1197 1123 1182
1257 445 636
445 636 1257
636 445 1257
794 183 1314
183 794 1314
1314 183 794
994 573 1338
573 994 1338
1338 573 994
272 172 1310
172 272 1310
1310 172 272
615 269 1459
269 615 1459
1459 269 615
1353 1322 1470
1322 1353 1470
1470 1322 1353
264 585 1202
1202 264 585
585 264 1202
868 916 1490
1490 868 916
916 868 1490
376 342 776
342 376 776
776 342 376
905 908 1333
1333 905 908
908 905 1333
245 734 857
734 245 857
857 245 734
354 141 339
141 339 354
339 141 354
885 8 55
8 55 885
55 8 885
1293 438 1236
1236 438 1293
438 1236 1293
327 363 1406
1406 327 363
363 327 1406
973 787 1014
787 973 1014
1014 787 973
844 713 1228
713 844 1228
1228 713 844
270 201 1021
201 270 1021
1021 201 270
1083 260 927
260 927 1083
927 260 1083
1385 975 1048
975 1048 1385
1048 975 1385
462 688 744
688 462 744
744 462 688
1159 317 556
317 556 1159
556 317 1159
44 890 1456
890 44 1456
1456 44 890
826 1022 1102
1102 826 1022
1022 826 1102
465 598 1065
598 465 1065
1065 465 598
176 253 714
253 176 714
714 176 253
1053 1227 1271
1271 1053 1227
1227 1053 1271
308 21 407
21 308 407
407 21 308
1265 846 1380
846 1265 1380
1380 846 1265
1234 962 1058
962 1058 1234
1058 962 1234
678 838 887
838 678 887
887 678 838
257 492 977
492 257 977
977 257 492
207 533 1289
1289 207 533
533 207 1289
796 1286 1464
1464 796 1286
1286 796 1464
122 104 674
104 122 674
674 104 122
1148 227 711
227 711 1148
711 227 1148
1147 616 1455
1455 616 1147
616 1147 1455
687 925 1060
1060 687 925
925 687 1060
1194 725 1452
725 1194 1452
1452 725 1194
322 506 595
506 322 595
595 322 506
1482 217 1498
1498 217 1482
217 1482 1498
37 89 696
89 37 696
696 37 89
1141 880 944
944 880 1141
880 944 1141
435 333 439
439 333 435
333 435 439
40 1050 1114
1114 40 1050
1050 40 1114
1149 581 663
581 663 1149
663 581 1149
817 184 956
184 817 956
956 184 817
1358 466 1387
1387 466 1358
466 1358 1387
486 113 238
113 238 486
238 113 486
966 22 80
22 80 966
80 22 966
202 357 1372
357 202 1372
1372 202 357
1218 554 950
554 950 1218
950 554 1218
1105 815 1020
815 1020 1105
1020 815 1105
1383 41 402
402 41 1383
41 402 1383
801 762 809
762 801 809
809 762 801
326 330 1275
330 326 1275
1275 326 330
1137 752 866
752 866 1137
866 752 1137
64 295 1245
295 64 1245
1245 64 295
1169 306 638
638 306 1169
306 638 1169
299 313 1392
1392 299 313
313 299 1392
959 72 537
72 537 959
537 72 959
681 243 820
243 681 820
820 243 681
230 48 488
48 230 488
488 48 230
307 218 1125
218 307 1125
1125 218 307
251 344 512
512 251 344
344 251 512
490 223 1077
1077 223 490
223 490 1077
1361 657 790
657 790 1361
790 657 1361
886 544 1475
1475 544 886
544 886 1475
746 341 561
341 561 746
561 341 746
1139 142 461
461 142 1139
142 461 1139
592 105 1334
1334 105 592
105 592 1334
1214 106 1138
1138 106 1214
106 1138 1214
433 239 594
239 433 594
594 239 433
320 4 1435
4 320 1435
1435 4 320
1157 133 1226
133 1157 1226
1226 133 1157
2 52 1376
52 2 1376
1376 2 52
1062 67 1168
67 1062 1168
1168 67 1062
942 650 1092
1092 650 942
650 942 1092
258 789 1160
789 258 1160
1160 258 789
268 415 693
415 268 693
693 268 415
1081 231 699
699 231 1081
231 699 1081
542 829 1216
829 542 1216
1216 542 829
982 1106 1179
1106 982 1179
1179 982 1106
1448 82 1462
1462 82 1448
82 1448 1462
1285 444 773
773 444 1285
444 773 1285
1362 152 1436
1436 152 1362
152 1362 1436
539 50 1035
50 539 1035
1035 50 539
1063 858 861
861 858 1063
858 861 1063
125 221 1434
221 125 1434
1434 125 221
833 742 1124
1124 742 833
742 833 1124
181 279 879
279 181 879
879 181 279
1377 1400 1451
1400 1377 1451
1451 1377 1400
1041 849 1111
1111 849 1041
849 1041 1111
867 316 464
464 316 867
316 464 867
937 226 850
226 850 937
850 226 937
250 399 708
399 250 708
708 250 399
1003 121 494
121 494 1003
494 121 1003
404 1356 1443
1443 404 1356
1356 404 1443
624 271 323
271 323 624
323 271 624
1151 328 396
328 396 1151
396 328 1151
1491 197 672
197 672 1491
672 197 1491
405 737 1277
1277 405 737
737 405 1277
10 204 837
837 10 204
204 10 837
704 347 831
831 347 704
347 704 831
945 906 907
907 906 945
906 907 945
1300 1235 1266
1266 1235 1300
1235 1266 1300
498 569 1215
1215 498 569
569 498 1215
513 853 1461
853 513 1461
1461 513 853
1364 446 1196
1196 446 1364
446 1196 1364
225 1250 1252
1250 225 1252
1252 225 1250
1299 690 718
690 718 1299
718 690 1299
560 115 1303
115 560 1303
1303 115 560
1352 388 1086
388 1086 1352
1086 388 1352
607 144 281
144 281 607
281 144 607
679 495 882
495 679 882
882 495 679
946 178 761
178 761 946
761 178 946
508 720 1142
720 508 1142
1142 508 720
349 274 698
274 349 698
698 274 349
1 448 518
518 1 448
448 1 518
1432 66 940
940 66 1432
66 940 1432
102 1181 1398
1398 102 1181
1181 102 1398
1479 447 964
964 447 1479
447 964 1479
586 155 947
947 155 586
155 586 947
748 764 1031
1031 748 764
764 748 1031
173 978 1374
978 173 1374
1374 173 978
1297 710 1171
710 1171 1297
1171 710 1297
489 897 1006
897 489 1006
1006 489 897
1318 283 991
283 991 1318
991 283 1318
821 214 726
214 726 821
726 214 821
1260 659 705
705 659 1260
659 705 1260
865 196 1282
196 865 1282
1282 196 865
941 273 1251
273 941 1251
1251 273 941
1264 943 1409
943 1264 1409
1409 943 1264
398 209 1445
1445 209 398
209 398 1445
417 503 803
803 417 503
503 417 803
1283 1119 1240
1119 1240 1283
1240 1119 1283
530 280 965
965 280 530
280 530 965
835 800 845
845 800 835
800 835 845
804 36 727
36 727 804
727 36 804
654 531 1402
531 654 1402
1402 531 654
828 158 1079
158 828 1079
1079 158 828
888 587 1015
587 888 1015
1015 587 888
332 108 1010
1010 108 332
108 332 1010
757 823 839
823 757 839
839 757 823
799 62 1306
62 799 1306
1306 62 799
482 193 992
992 193 482
193 482 992
1363 13 1281
13 1281 1363
1281 13 1363
517 275 1495
1495 275 517
275 517 1495
1496 351 1213
1213 351 1496
351 1213 1496
366 1210 1388
1388 366 1210
1210 366 1388
1074 1188 1421
1188 1074 1421
1421 1074 1188
1219 551 731
731 551 1219
551 731 1219
409 602 1269
602 409 1269
1269 409 602
28 1089 1359
1359 28 1089
1089 28 1359
507 382 869
869 382 507
382 507 869
723 395 1465
1465 395 723
395 723 1465
540 504 1242
1242 504 540
504 540 1242
934 98 367
98 367 934
367 98 934
840 297 584
584 297 840
297 584 840
736 582 1291
582 736 1291
1291 582 736
566 14 111
111 14 566
14 111 566
855 453 558
558 453 855
453 558 855
1441 129 1066
1066 129 1441
129 1066 1441
85 647 1340
647 85 1340
1340 85 647
1497 841 1488
1488 841 1497
841 1488 1497
358 199 277
199 277 358
277 199 358
200 832 1348
832 200 1348
1348 200 832
1381 134 774
774 134 1381
134 774 1381
583 677 1075
1075 583 677
677 583 1075
738 93 394
394 93 738
93 394 738
1154 210 1417
210 1154 1417
1417 210 1154
1329 422 1186
1186 422 1329
422 1186 1329
1292 478 637
637 478 1292
478 637 1292
343 127 1473
1473 127 343
127 343 1473
910 335 1477
335 910 1477
1477 335 910
60 631 1144
1144 60 631
631 60 1144
1208 186 284
284 186 1208
186 284 1208
182 599 1007
599 182 1007
1007 182 599
1279 1103 1110
1110 1103 1279
1103 1110 1279
63 802 1221
802 63 1221
1221 63 802
1442 324 1122
1122 324 1442
324 1122 1442
457 286 1093
286 457 1093
1093 286 457
378 996 1233
996 378 1233
1233 378 996
609 252 1484
1484 252 609
252 609 1484
469 1120 1416
1416 469 1120
1120 469 1416
331 140 1090
1090 140 331
140 331 1090
256 1026 1220
1026 256 1220
1220 256 1026
162 685 1017
1017 162 685
685 162 1017
137 77 310
310 77 137
77 137 310
999 403 881
881 403 999
403 881 999
288 228 830
830 228 288
228 288 830
649 603 1342
1342 603 649
603 649 1342
1468 541 875
875 541 1468
541 875 1468
1241 600 646
600 646 1241
646 600 1241
989 338 1180
338 989 1180
1180 338 989
213 749 1418
749 213 1418
1418 213 749
1129 534 1368
1368 534 1129
534 1129 1368
550 430 440
430 440 550
440 430 550
580 778 1108
778 580 1108
1108 580 778
261 516 1413
516 261 1413
1413 261 516
805 131 1204
1204 131 805
131 805 1204
128 728 1027
1027 128 728
728 128 1027
419 120 751
751 120 419
120 419 751
1163 31 593
593 31 1163
31 593 1163
1373 958 1379
958 1373 1379
1379 958 1373
91 1098 1189
1189 91 1098
1098 91 1189
1052 29 1437
1437 29 1052
29 1052 1437
174 1320 1407
1407 174 1320
1320 174 1407
703 768 1222
768 703 1222
1222 703 768
1158 156 1146
1146 156 1158
156 1146 1158
993 756 851
756 851 993
851 756 993
770 164 935
164 770 935
935 164 770
1332 471 1096
471 1096 1332
1096 471 1332
1424 684 766
766 684 1424
684 766 1424
298 532 1097
532 298 1097
1097 298 532
360 777 899
777 360 899
899 360 777
287 304 362
304 287 362
362 287 304
923 669 772
669 772 923
772 669 923
1457 1101 1341
1341 1101 1457
1101 1341 1457
1360 132 375
132 375 1360
375 132 1360
1449 666 1492
1492 666 1449
666 1449 1492
189 219 1136
1136 189 219
219 189 1136
94 775 1382
775 94 1382
1382 94 775
930 267 1145
1145 267 930
267 930 1145
901 175 463
175 463 901
463 175 901
1439 59 529
59 529 1439
529 59 1439
722 373 1246
1246 373 722
373 722 1246
816 95 312
312 95 816
95 312 816
668 87 372
372 87 668
87 372 668
112 572 1054
572 112 1054
1054 112 572
1080 292 695
695 292 1080
292 695 1080
1312 27 1458
1458 27 1312
27 1312 1458
493 33 847
847 33 493
33 493 847
1039 987 1042
987 1039 1042
1042 987 1039
1463 983 1370
983 1370 1463
1370 983 1463
967 408 824
824 408 967
408 824 967
289 30 1150
30 289 1150
1150 30 289
126 473 643
643 126 473
473 126 643
976 1172 1255
1172 976 1255
1255 976 1172
424 188 390
390 188 424
188 390 424
917 1337 1401
1337 917 1401
1401 917 1337
1237 1177 1253
1177 1237 1253
1253 1177 1237
914 779 1209
779 914 1209
1209 779 914
1009 640 1410
1410 640 1009
640 1009 1410
862 633 876
876 633 862
633 862 876
302 437 949
949 302 437
437 302 949
1328 318 1046
1046 318 1328
318 1046 1328
1420 157 590
157 590 1420
590 157 1420
1051 276 1082
1082 276 1051
276 1051 1082
340 1178 1347
1347 340 1178
1178 340 1347
467 418 1346
418 467 1346
1346 418 467
997 247 474
474 247 997
247 474 997
617 147 806
806 147 617
147 617 806
485 686 834
834 485 686
686 485 834
420 206 535
535 206 420
206 420 535
1115 889 1230
1230 889 1115
889 1115 1230
300 848 1117
1117 300 848
848 300 1117
505 229 621
229 505 621
621 229 505
1023 305 1485
1485 305 1023
305 1023 1485
233 96 784
784 96 233
96 233 784
1019 16 955
16 955 1019
955 16 1019
377 873 1305
873 377 1305
1305 377 873
1350 224 911
224 911 1350
911 224 1350
628 42 938
938 42 628
42 628 938
1414 49 1232
49 1232 1414
1232 49 1414
629 7 476
476 7 629
7 476 629
1404 246 662
246 662 1404
662 246 1404
1152 353 1344
1344 353 1152
353 1152 1344
211 1304 1440
1440 211 1304
1304 211 1440
565 205 547
205 547 565
547 205 565
510 740 797
740 510 797
797 510 740
785 652 1268
1268 652 785
652 785 1268
100 1313 1371
1313 100 1371
1371 100 1313
1311 750 1002
750 1002 1311
1002 750 1311
168 730 1287
1287 168 730
730 168 1287
577 109 468
468 109 577
109 468 577
484 232 557
557 232 484
232 484 557
458 86 143
86 143 458
143 86 458
249 83 926
83 249 926
926 83 249
38 337 1469
337 38 1469
1469 38 337
836 1116 1272
1272 836 1116
1116 836 1272
475 195 870
195 475 870
870 195 475
1067 359 421
359 421 1067
421 359 1067
1474 1057 1153
1153 1057 1474
1057 1153 1474
1460 161 623
623 161 1460
161 623 1460
107 387 1493
1493 107 387
387 107 1493
1296 1365 1378
1365 1296 1378
1378 1296 1365
1425 146 1104
1104 146 1425
146 1104 1425
733 521 1005
521 733 1005
1005 521 733
159 187 1472
187 159 1472
1472 159 187
1056 47 1030
47 1030 1056
1030 47 1056
605 171 1366
1366 171 605
171 605 1366
1487 1004 1071
1004 1071 1487
1071 1004 1487
810 709 1431
709 810 1431
1431 709 810
1489 1386 1408
1408 1386 1489
1386 1408 1489
591 411 1415
411 591 1415
1415 411 591
449 26 1008
26 449 1008
1008 26 449
1394 527 745
745 527 1394
527 745 1394
1091 783 1412
783 1091 1412
1412 783 1091
1419 315 528
315 528 1419
528 315 1419
3 240 1396
240 3 1396
1396 3 240
470 1001 1393
1001 470 1393
1393 470 1001
990 368 1290
368 990 1290
1290 368 990
130 502 859
502 130 859
859 130 502
1249 371 1454
371 1249 1454
1454 371 1249
381 1192 1280
1192 381 1280
1280 381 1192
915 1164 1466
1164 915 1466
1466 915 1164
932 11 986
986 11 932
11 932 986
1088 293 1175
293 1088 1175
1175 293 1088
606 436 1085
436 606 1085
1085 436 606
266 689 1047
689 266 1047
1047 266 689
1134 198 951
198 951 1134
951 198 1134
170 54 1278
54 170 1278
1278 54 170
491 51 1140
51 491 1140
1140 51 491
811 262 969
262 811 969
969 262 811
960 71 455
455 71 960
71 455 960
656 9 1231
9 656 1231
1231 9 656
795 658 1118
1118 658 795
658 795 1118
237 282 753
753 237 282
282 237 753
612 496 948
948 496 612
496 612 948
191 203 904
904 191 203
203 191 904
99 75 416
75 99 416
416 75 99
