135186 60018 140299
140299 60018 135186
60018 135186 140299
54812 18131 133800
133800 18131 54812
18131 54812 133800
33055 101568 117737
101568 33055 117737
117737 33055 101568
14957 96180 119488
119488 14957 96180
96180 14957 119488
66392 631 70334
631 66392 70334
70334 631 66392
108040 41862 94353
41862 94353 108040
94353 41862 108040
90578 43568 71690
71690 43568 90578
43568 71690 90578
53290 51194 75732
75732 51194 53290
51194 53290 75732
113568 14811 81124
14811 81124 113568
81124 14811 113568
86466 57176 76399
76399 57176 86466
57176 76399 86466
36976 48037 146967
48037 36976 146967
146967 36976 48037
83355 39318 146723
39318 83355 146723
146723 39318 83355
110070 59114 126172
126172 59114 110070
59114 110070 126172
71327 28679 93791
28679 71327 93791
93791 28679 71327
16451 26214 79411
26214 16451 79411
79411 16451 26214
80030 56525 76410
76410 56525 80030
56525 76410 80030
109035 44442 87750
87750 44442 109035
44442 87750 109035
139755 40163 59072
40163 59072 139755
59072 40163 139755
67496 19663 56235
19663 56235 67496
56235 19663 67496
68031 6407 68877
68877 6407 68031
6407 68031 68877
73587 34716 66529
34716 66529 73587
66529 34716 73587
80999 35075 41989
35075 41989 80999
41989 35075 80999
4641 60643 67405
60643 4641 67405
67405 4641 60643
74692 54674 61199
61199 54674 74692
54674 61199 74692
82624 7974 31594
7974 31594 82624
31594 7974 82624
113505 4381 119955
119955 4381 113505
4381 113505 119955
106840 103416 105336
105336 103416 106840
103416 105336 106840
48790 30002 97421
97421 30002 48790
30002 48790 97421
60361 1007 33764
33764 1007 60361
1007 33764 60361
59632 26549 26674
26549 26674 59632
26674 26549 59632
109090 31208 132293
31208 109090 132293
132293 31208 109090
84282 969 129468
129468 969 84282
969 84282 129468
135064 3348 82001
82001 3348 135064
3348 82001 135064
128891 85768 113005
113005 85768 128891
85768 113005 128891
96266 15734 129597
129597 15734 96266
15734 96266 129597
89023 107221 130406
107221 89023 130406
130406 89023 107221
59453 59198 79594
79594 59198 59453
59198 59453 79594
66795 82430 140071
82430 66795 140071
140071 66795 82430
115248 52700 132366
52700 115248 132366
132366 52700 115248
86080 80064 88318
88318 80064 86080
80064 86080 88318
130909 54260 140032
140032 54260 130909
54260 130909 140032
1563 49979 51698
49979 1563 51698
51698 1563 49979
917 36530 134609
134609 917 36530
36530 917 134609
84010 30598 123752
123752 30598 84010
30598 84010 123752
140351 105071 142802
105071 140351 142802
142802 105071 140351
118132 41073 148232
148232 41073 118132
41073 118132 148232
12052 4489 81798
4489 12052 81798
81798 4489 12052
1989 18064 120981
120981 1989 18064
18064 1989 120981
95677 24211 36772
36772 24211 95677
24211 36772 95677
147181 14717 24049
24049 14717 147181
14717 24049 147181
110764 23469 87236
87236 23469 110764
23469 87236 110764
40035 145944 149041
149041 40035 145944
145944 40035 149041
69142 16179 142000
142000 16179 69142
16179 69142 142000
89021 76104 131157
76104 89021 131157
131157 76104 89021
39327 61980 143052
61980 39327 143052
143052 39327 61980
67270 112112 116882
112112 67270 116882
116882 67270 112112
16461 40401 72476
72476 16461 40401
40401 16461 72476
1422 37447 58831
58831 1422 37447
37447 1422 58831
77463 124478 132425
124478 77463 132425
132425 77463 124478
88216 849 89517
89517 849 88216
849 88216 89517
21358 35526 111628
35526 21358 111628
111628 21358 35526
18819 44318 112763
112763 18819 44318
44318 18819 112763
98385 138992 148704
138992 98385 148704
148704 98385 138992
62880 21530 105167
21530 62880 105167
105167 21530 62880
48530 99388 120509
120509 48530 99388
99388 48530 120509
44064 77078 89348
89348 44064 77078
77078 44064 89348
109277 142948 149975
149975 109277 142948
142948 109277 149975
79669 82907 105035
105035 79669 82907
82907 79669 105035
36595 75374 88266
75374 36595 88266
88266 36595 75374
18147 75760 128768
75760 18147 128768
128768 18147 75760
105237 45430 77508
45430 77508 105237
77508 45430 105237
102842 83721 95303
95303 83721 102842
83721 95303 102842
101313 32124 132744
32124 101313 132744
132744 32124 101313
4181 35986 74973
74973 4181 35986
35986 4181 74973
34383 3491 35739
3491 34383 35739
35739 3491 34383
20490 9210 57811
9210 20490 57811
57811 9210 20490
110636 109255 126801
109255 110636 126801
126801 109255 110636
119217 90591 128953
90591 119217 128953
128953 90591 119217
75450 65123 66714
66714 65123 75450
65123 66714 75450
63102 38152 77711
38152 63102 77711
77711 38152 63102
32564 58140 114000
58140 32564 114000
114000 32564 58140
93331 29586 128924
29586 93331 128924
128924 29586 93331
39158 107301 114741
107301 39158 114741
114741 39158 107301
62946 77735 79799
79799 62946 77735
77735 62946 79799
69812 47994 142122
142122 47994 69812
47994 69812 142122
135836 30826 109553
30826 109553 135836
109553 30826 135836
120173 137247 145385
137247 120173 145385
145385 120173 137247
41703 30129 130480
130480 30129 41703
30129 41703 130480
38837 26974 144348
144348 26974 38837
26974 38837 144348
111356 5690 119993
119993 5690 111356
5690 111356 119993
12602 86439 131298
131298 12602 86439
86439 12602 131298
1941 11756 102851
11756 1941 102851
102851 1941 11756
71221 24907 86870
24907 71221 86870
86870 24907 71221
16345 11573 131800
11573 16345 131800
131800 11573 16345
142277 67225 130352
130352 67225 142277
67225 130352 142277
63577 101430 134517
134517 63577 101430
101430 63577 134517
1166 31277 46668
46668 1166 31277
31277 1166 46668
91323 6759 111637
6759 91323 111637
111637 6759 91323
40561 78434 99879
78434 40561 99879
99879 40561 78434
114086 25101 111800
111800 25101 114086
25101 111800 114086
41971 15990 35616
15990 35616 41971
35616 15990 41971
130905 62326 62917
62326 62917 130905
62917 62326 130905
126713 105135 134089
134089 105135 126713
105135 126713 134089
67847 8428 67273
67273 8428 67847
8428 67273 67847
93135 32863 82401
82401 32863 93135
32863 82401 93135
86531 104128 115575
115575 86531 104128
104128 86531 115575
111777 83962 131217
131217 83962 111777
83962 111777 131217
73133 5621 92901
5621 73133 92901
92901 5621 73133
75879 65799 73401
73401 65799 75879
65799 73401 75879
121696 116063 119744
116063 119744 121696
119744 116063 121696
94464 125668 147176
147176 94464 125668
125668 94464 147176
50770 10336 56023
56023 10336 50770
10336 50770 56023
38725 63190 94611
63190 38725 94611
94611 38725 63190
29052 94181 121030
94181 29052 121030
121030 29052 94181
84526 88224 146317
146317 84526 88224
88224 84526 146317
62687 24316 73722
24316 62687 73722
73722 24316 62687
137040 74877 93508
93508 74877 137040
74877 93508 137040
41270 101767 104716
104716 41270 101767
101767 41270 104716
48051 10136 103370
103370 10136 48051
10136 48051 103370
72770 46630 136885
136885 46630 72770
46630 72770 136885
138093 69055 86677
69055 86677 138093
86677 69055 138093
20709 63063 129085
63063 20709 129085
129085 20709 63063
117631 128839 139057
139057 117631 128839
128839 117631 139057
8522 131980 136481
131980 8522 136481
136481 8522 131980
49916 92330 145786
92330 49916 145786
145786 49916 92330
43658 32061 91376
91376 32061 43658
32061 43658 91376
107805 48097 52719
52719 48097 107805
48097 52719 107805
82183 10524 95555
95555 10524 82183
10524 82183 95555
6692 50001 98883
50001 6692 98883
98883 6692 50001
42299 53604 71534
71534 42299 53604
53604 42299 71534
143922 21615 103834
103834 21615 143922
21615 103834 143922
139409 1349 123686
1349 123686 139409
123686 1349 139409
79334 83707 119084
83707 79334 119084
119084 79334 83707
30468 579 42593
579 30468 42593
42593 579 30468
149174 7596 23707
23707 7596 149174
7596 23707 149174
13468 105180 149809
105180 13468 149809
149809 13468 105180
122553 70378 139939
139939 70378 122553
70378 122553 139939
92344 11061 141814
141814 11061 92344
11061 92344 141814
129221 101042 103889
101042 103889 129221
103889 101042 129221
59266 33796 76549
76549 33796 59266
33796 59266 76549
132645 2172 69832
2172 69832 132645
69832 2172 132645
135423 18959 124486
18959 124486 135423
124486 18959 135423
74074 100172 138713
100172 74074 138713
138713 74074 100172
35056 33743 98073
98073 33743 35056
33743 35056 98073
25921 53020 116607
53020 25921 116607
116607 25921 53020
62197 8952 102562
102562 8952 62197
8952 62197 102562
94183 1228 46799
1228 46799 94183
46799 1228 94183
60107 123707 135381
123707 60107 135381
135381 60107 123707
65398 30657 115389
115389 30657 65398
30657 65398 115389
118450 64908 147684
147684 64908 118450
64908 118450 147684
11513 77026 84704
84704 11513 77026
77026 11513 84704
33301 1336 95985
95985 1336 33301
1336 33301 95985
19044 75637 146608
75637 19044 146608
146608 19044 75637
110209 125789 139720
139720 110209 125789
125789 110209 139720
122718 112362 139420
139420 112362 122718
112362 122718 139420
62927 31500 93308
93308 31500 62927
31500 62927 93308
70536 16399 27900
16399 27900 70536
27900 16399 70536
131443 9025 133108
133108 9025 131443
9025 131443 133108
10005 48412 72565
72565 10005 48412
48412 10005 72565
9373 17958 62913
17958 9373 62913
62913 9373 17958
66873 19824 123946
123946 19824 66873
19824 66873 123946
62594 136078 136422
136422 62594 136078
136078 62594 136422
84417 90772 103586
90772 84417 103586
103586 84417 90772
71455 10906 133053
10906 71455 133053
133053 10906 71455
119145 37553 67967
37553 67967 119145
67967 37553 119145
17182 122510 132197
122510 17182 132197
132197 17182 122510
137177 82347 109044
109044 82347 137177
82347 109044 137177
108129 1466 41959
41959 1466 108129
1466 41959 108129
2786 63848 146766
63848 2786 146766
146766 2786 63848
992 34473 148515
34473 992 148515
148515 992 34473
109204 1986 134067
134067 1986 109204
1986 109204 134067
107092 30487 139410
139410 30487 107092
30487 107092 139410
8701 124719 144316
124719 8701 144316
144316 8701 124719
137104 37975 55680
37975 55680 137104
55680 37975 137104
132781 37676 42022
42022 37676 132781
37676 42022 132781
127883 51860 112930
51860 112930 127883
112930 51860 127883
6305 41702 64329
64329 6305 41702
41702 6305 64329
144949 128481 148272
148272 128481 144949
128481 144949 148272
135773 6323 32654
32654 6323 135773
6323 32654 135773
73297 59030 122988
59030 73297 122988
122988 59030 73297
116627 71056 136574
136574 71056 116627
71056 116627 136574
67038 18222 88182
18222 67038 88182
88182 18222 67038
80588 60152 88421
60152 80588 88421
88421 60152 80588
75884 106123 109156
109156 75884 106123
106123 75884 109156
133558 43688 85296
43688 85296 133558
85296 43688 133558
73494 122169 138252
138252 73494 122169
122169 73494 138252
145508 43923 73985
73985 43923 145508
43923 73985 145508
38690 32651 140233
32651 38690 140233
140233 32651 38690
90471 36484 99280
99280 36484 90471
36484 90471 99280
113821 20198 46844
20198 46844 113821
46844 20198 113821
93712 28368 129467
28368 93712 129467
129467 28368 93712
23766 99126 133388
99126 23766 133388
133388 23766 99126
5140 14330 25436
25436 5140 14330
14330 5140 25436
2709 42048 109202
42048 2709 109202
109202 2709 42048
76144 115163 125571
115163 76144 125571
125571 76144 115163
106122 50624 97693
97693 50624 106122
50624 97693 106122
29806 6871 149423
6871 29806 149423
149423 6871 29806
23363 102246 109840
109840 23363 102246
102246 23363 109840
54460 6706 142699
6706 54460 142699
142699 6706 54460
58629 8309 15632
15632 8309 58629
8309 15632 58629
32415 29844 34504
29844 32415 34504
34504 29844 32415
78894 49655 96377
96377 49655 78894
49655 78894 96377
112570 8074 118319
118319 8074 112570
8074 112570 118319
73406 59540 102119
102119 59540 73406
59540 73406 102119
149803 10494 16753
10494 16753 149803
16753 10494 149803
125891 46162 106567
106567 46162 125891
46162 106567 125891
63357 32011 146421
146421 32011 63357
32011 63357 146421
134230 27103 131197
27103 131197 134230
131197 27103 134230
99651 71966 147417
71966 99651 147417
147417 71966 99651
24970 7335 97388
7335 24970 97388
97388 7335 24970
105099 7349 35601
35601 7349 105099
7349 35601 105099
22649 20233 73603
73603 20233 22649
20233 22649 73603
55247 75717 123532
123532 55247 75717
75717 55247 123532
120329 50704 52929
52929 50704 120329
50704 52929 120329
52917 10804 70871
70871 10804 52917
10804 52917 70871
77831 1544 82811
82811 1544 77831
1544 77831 82811
42718 66017 124751
124751 42718 66017
66017 42718 124751
13297 2161 42810
42810 2161 13297
2161 13297 42810
46039 8579 46240
8579 46039 46240
46240 8579 46039
138417 91076 135099
91076 135099 138417
135099 91076 138417
27122 133924 143648
143648 27122 133924
133924 27122 143648
92088 30310 55228
30310 55228 92088
55228 30310 92088
38581 60618 81496
81496 38581 60618
60618 38581 81496
144085 68914 88158
68914 88158 144085
88158 68914 144085
85828 20036 34799
34799 20036 85828
20036 34799 85828
95530 22714 138331
138331 22714 95530
22714 95530 138331
79769 7919 119461
7919 79769 119461
119461 7919 79769
131855 79649 125737
125737 79649 131855
79649 125737 131855
81064 2891 147717
147717 2891 81064
2891 81064 147717
121077 75653 99359
99359 75653 121077
75653 99359 121077
15190 125644 133023
125644 15190 133023
133023 15190 125644
118725 75944 103653
103653 75944 118725
75944 103653 118725
63583 68655 111994
111994 63583 68655
68655 63583 111994
149101 44380 74449
44380 74449 149101
74449 44380 149101
90999 26038 92208
92208 26038 90999
26038 90999 92208
71992 94136 119511
94136 71992 119511
119511 71992 94136
123809 57750 105158
105158 57750 123809
57750 105158 123809
31155 101196 113258
101196 31155 113258
113258 31155 101196
76279 4804 107954
107954 4804 76279
4804 76279 107954
55556 14081 26017
14081 26017 55556
26017 14081 55556
139792 15291 112088
112088 15291 139792
15291 112088 139792
115505 102714 132476
132476 102714 115505
102714 115505 132476
141447 139323 142401
139323 141447 142401
142401 139323 141447
75862 35217 71851
35217 71851 75862
71851 35217 75862
111724 29309 145072
29309 111724 145072
145072 29309 111724
134143 44543 138043
44543 134143 138043
138043 44543 134143
125539 87162 111971
87162 111971 125539
111971 87162 125539
114532 27274 127871
127871 27274 114532
27274 114532 127871
63695 3116 79853
3116 63695 79853
79853 3116 63695
92593 5048 51866
5048 51866 92593
51866 5048 92593
125128 264 75864
75864 264 125128
264 75864 125128
83775 40603 123682
123682 40603 83775
40603 83775 123682
109769 61540 104922
61540 104922 109769
104922 61540 109769
119350 2307 99767
2307 99767 119350
99767 2307 119350
1672 41423 130627
130627 1672 41423
41423 1672 130627
54329 19767 69300
19767 54329 69300
69300 19767 54329
33883 15952 54376
15952 33883 54376
54376 15952 33883
51963 36485 60532
60532 36485 51963
36485 51963 60532
58115 642 114140
114140 642 58115
642 58115 114140
140331 7630 46072
7630 46072 140331
46072 7630 140331
24408 101037 134489
134489 24408 101037
101037 24408 134489
41134 31955 41536
31955 41134 41536
41536 31955 41134
45890 108542 112265
112265 45890 108542
108542 45890 112265
120267 73333 97911
73333 97911 120267
97911 73333 120267
74495 5375 53037
5375 53037 74495
53037 5375 74495
112370 45862 60344
60344 45862 112370
45862 60344 112370
58468 50122 146054
50122 58468 146054
146054 50122 58468
105466 6119 66548
66548 6119 105466
6119 66548 105466
52692 82106 132231
132231 52692 82106
82106 52692 132231
47533 2177 148855
2177 47533 148855
148855 2177 47533
137233 90718 139535
90718 137233 139535
139535 90718 137233
120869 83999 111572
111572 83999 120869
83999 111572 120869
149162 58315 103197
103197 58315 149162
58315 103197 149162
51344 120761 129776
129776 51344 120761
120761 51344 129776
12589 59519 124677
124677 12589 59519
59519 12589 124677
64744 8375 141495
8375 64744 141495
141495 8375 64744
138628 109159 140278
109159 138628 140278
140278 109159 138628
138177 134712 137663
137663 134712 138177
134712 137663 138177
48340 57628 82767
57628 48340 82767
82767 48340 57628
29962 20194 78565
20194 29962 78565
78565 20194 29962
149478 1010 101360
101360 1010 149478
1010 101360 149478
37365 7307 123387
7307 37365 123387
123387 7307 37365
75519 41241 84223
41241 75519 84223
84223 41241 75519
55722 33676 104687
104687 33676 55722
33676 55722 104687
51894 17173 100004
100004 17173 51894
17173 51894 100004
194 22537 54181
22537 194 54181
54181 194 22537
63558 5106 62555
5106 62555 63558
62555 5106 63558
39520 30999 80402
30999 39520 80402
80402 30999 39520
61626 6324 76786
6324 61626 76786
76786 6324 61626
14149 104154 120577
120577 14149 104154
104154 14149 120577
96192 61942 105894
105894 61942 96192
61942 96192 105894
133912 68588 105955
68588 105955 133912
105955 68588 133912
116827 3354 6514
6514 3354 116827
3354 6514 116827
133748 69772 143219
69772 133748 143219
143219 69772 133748
52633 7167 64709
7167 52633 64709
64709 7167 52633
88903 58387 90773
90773 58387 88903
58387 88903 90773
72209 21133 144066
144066 21133 72209
21133 72209 144066
25035 23654 79877
79877 23654 25035
23654 25035 79877
48059 24003 78455
24003 48059 78455
78455 24003 48059
102366 15801 89141
15801 89141 102366
89141 15801 102366
147407 41675 100642
41675 100642 147407
100642 41675 147407
39817 31436 96000
96000 31436 39817
31436 39817 96000
85928 14553 144632
14553 85928 144632
144632 14553 85928
88338 12489 96376
12489 88338 96376
96376 12489 88338
60305 19243 77287
77287 19243 60305
19243 60305 77287
99260 19176 62011
62011 19176 99260
19176 62011 99260
134831 94174 105925
105925 94174 134831
94174 105925 134831
37653 382 123031
123031 382 37653
382 37653 123031
41177 102242 141960
141960 41177 102242
102242 41177 141960
130219 103336 139026
103336 130219 139026
139026 103336 130219
5980 3697 98044
3697 5980 98044
98044 3697 5980
26349 36862 127431
36862 26349 127431
127431 26349 36862
43074 60893 125754
60893 43074 125754
125754 43074 60893
19777 55731 85211
85211 19777 55731
55731 19777 85211
6077 17851 60824
17851 6077 60824
60824 6077 17851
56264 33442 79457
33442 56264 79457
79457 33442 56264
25889 23089 135834
23089 25889 135834
135834 23089 25889
97514 47975 75816
47975 75816 97514
75816 47975 97514
129098 32754 66768
32754 66768 129098
66768 32754 129098
124565 16598 146282
16598 124565 146282
146282 16598 124565
106154 39803 63807
63807 39803 106154
39803 63807 106154
44619 108471 109087
108471 44619 109087
109087 44619 108471
7646 118847 138172
118847 7646 138172
138172 7646 118847
54414 54862 108483
108483 54414 54862
54862 54414 108483
62242 18286 88841
88841 18286 62242
18286 62242 88841
69327 3112 146094
3112 69327 146094
146094 3112 69327
50593 6374 76037
76037 6374 50593
6374 50593 76037
14902 37325 82006
37325 14902 82006
82006 14902 37325
26275 73010 93616
73010 26275 93616
93616 26275 73010
140582 4894 20553
4894 20553 140582
20553 4894 140582
141207 41025 149238
41025 141207 149238
149238 41025 141207
17742 89608 149234
89608 17742 149234
149234 17742 89608
21116 106772 122574
122574 21116 106772
106772 21116 122574
25517 73707 107279
73707 25517 107279
107279 25517 73707
10894 7534 9172
7534 9172 10894
9172 7534 10894
15644 70315 107012
107012 15644 70315
70315 15644 107012
74805 77962 112633
77962 74805 112633
112633 74805 77962
16391 107269 127949
127949 16391 107269
107269 16391 127949
129975 120237 121854
120237 121854 129975
121854 120237 129975
58612 131312 147489
131312 58612 147489
147489 58612 131312
8090 34410 140222
34410 8090 140222
140222 8090 34410
88418 47284 112144
112144 47284 88418
47284 88418 112144
7710 58396 83480
58396 7710 83480
83480 7710 58396
23856 75483 133410
133410 23856 75483
75483 23856 133410
22190 74140 99035
74140 22190 99035
99035 22190 74140
105493 90546 149097
149097 90546 105493
90546 105493 149097
77904 25002 86240
25002 77904 86240
86240 25002 77904
30092 15557 121099
121099 15557 30092
15557 30092 121099
107170 31503 44535
31503 44535 107170
44535 31503 107170
143620 62628 89694
89694 62628 143620
62628 89694 143620
110187 124508 129893
124508 110187 129893
129893 110187 124508
18504 19382 41876
19382 18504 41876
41876 18504 19382
66382 17092 32465
17092 32465 66382
32465 17092 66382
69337 50120 65288
50120 65288 69337
65288 50120 69337
93942 86672 134038
86672 93942 134038
134038 86672 93942
98417 100024 143982
100024 98417 143982
143982 98417 100024
87530 42896 89403
89403 42896 87530
42896 87530 89403
64989 103996 106875
103996 64989 106875
106875 64989 103996
49470 56748 90610
56748 49470 90610
90610 49470 56748
142934 41717 128706
41717 128706 142934
128706 41717 142934
119578 98699 101550
101550 98699 119578
98699 101550 119578
14792 54302 119724
54302 14792 119724
119724 14792 54302
85835 107740 123213
107740 85835 123213
123213 85835 107740
94762 59228 116319
59228 94762 116319
116319 59228 94762
43473 42527 65846
42527 43473 65846
65846 42527 43473
29639 3182 95201
3182 29639 95201
95201 3182 29639
3802 32318 143956
143956 3802 32318
32318 3802 143956
25642 69780 73665
69780 25642 73665
73665 25642 69780
64766 3981 96913
96913 3981 64766
3981 64766 96913
136748 103355 146083
103355 136748 146083
146083 103355 136748
38964 53516 132106
132106 38964 53516
53516 38964 132106
92755 77435 133792
133792 77435 92755
77435 92755 133792
26196 67177 127264
127264 26196 67177
67177 26196 127264
136777 30651 81301
81301 30651 136777
30651 81301 136777
118838 55790 134417
134417 55790 118838
55790 118838 134417
2533 30183 129812
129812 2533 30183
30183 2533 129812
56582 25380 58994
58994 25380 56582
25380 56582 58994
102283 25809 115467
115467 25809 102283
25809 102283 115467
31576 131593 138623
138623 31576 131593
131593 31576 138623
9469 116594 120475
116594 9469 120475
120475 9469 116594
67388 57662 99717
57662 67388 99717
99717 57662 67388
79294 10516 146652
146652 10516 79294
10516 79294 146652
74393 7423 101096
101096 7423 74393
7423 74393 101096
22748 8535 144018
8535 22748 144018
144018 8535 22748
132923 28168 53434
28168 53434 132923
53434 28168 132923
57100 105749 143260
105749 57100 143260
143260 57100 105749
58212 14606 116704
116704 14606 58212
14606 58212 116704
39629 70311 102665
102665 39629 70311
70311 39629 102665
90393 75263 149129
149129 75263 90393
75263 90393 149129
106956 53931 61574
61574 53931 106956
53931 61574 106956
55603 62127 121651
121651 55603 62127
62127 55603 121651
85195 39162 78451
78451 39162 85195
39162 78451 85195
129532 44299 145110
145110 44299 129532
44299 129532 145110
8469 4523 144421
4523 8469 144421
144421 4523 8469
85555 94272 139499
94272 85555 139499
139499 85555 94272
78197 86598 123769
123769 78197 86598
86598 78197 123769
118884 33292 62304
62304 33292 118884
33292 62304 118884
29248 37821 39929
37821 29248 39929
39929 29248 37821
73464 58036 104602
104602 58036 73464
58036 73464 104602
65824 94965 130581
94965 65824 130581
130581 65824 94965
128346 67561 99924
99924 67561 128346
67561 99924 128346
135220 9207 14668
14668 9207 135220
9207 14668 135220
51562 42693 84305
84305 42693 51562
42693 51562 84305
82056 78759 109353
78759 82056 109353
109353 78759 82056
91257 55669 58622
55669 58622 91257
58622 55669 91257
28810 23320 46953
23320 28810 46953
46953 23320 28810
96546 141617 149607
149607 96546 141617
141617 96546 149607
122586 14748 39735
14748 39735 122586
39735 14748 122586
120304 20617 74273
20617 74273 120304
74273 20617 120304
78646 59196 121364
121364 59196 78646
59196 78646 121364
105252 47817 129208
47817 105252 129208
129208 47817 105252
138214 59893 103552
103552 59893 138214
59893 103552 138214
89871 12622 74207
12622 74207 89871
74207 12622 89871
5803 13440 66560
66560 5803 13440
13440 5803 66560
105984 29569 95966
29569 95966 105984
95966 29569 105984
44237 70943 81897
70943 44237 81897
81897 44237 70943
49516 57881 88540
57881 49516 88540
88540 49516 57881
103977 28997 148641
148641 28997 103977
28997 103977 148641
62779 51893 65368
51893 62779 65368
65368 51893 62779
100315 19976 25025
19976 25025 100315
25025 19976 100315
20469 121781 137896
121781 20469 137896
137896 20469 121781
135654 31420 42158
42158 31420 135654
31420 42158 135654
51154 28840 39254
39254 28840 51154
28840 39254 51154
67452 93673 120644
120644 67452 93673
93673 67452 120644
148121 34342 58588
58588 34342 148121
34342 58588 148121
25333 64033 113631
64033 25333 113631
113631 25333 64033
1435 25278 95960
95960 1435 25278
25278 1435 95960
86054 72353 107060
72353 86054 107060
107060 72353 86054
116461 108479 147862
108479 116461 147862
147862 108479 116461
9605 89000 96506
96506 9605 89000
89000 9605 96506
70544 74976 95290
95290 70544 74976
74976 70544 95290
5505 55340 112584
112584 5505 55340
55340 5505 112584
10142 22902 119627
119627 10142 22902
22902 10142 119627
70609 62809 111953
62809 70609 111953
111953 62809 70609
123375 98818 114030
114030 98818 123375
98818 114030 123375
83974 26656 87891
26656 83974 87891
87891 26656 83974
88985 58184 124361
124361 58184 88985
58184 88985 124361
92462 34316 59272
34316 59272 92462
59272 34316 92462
137632 39399 90596
90596 39399 137632
39399 90596 137632
88649 75002 104764
104764 75002 88649
75002 88649 104764
95176 87216 129569
129569 87216 95176
87216 95176 129569
132966 27539 81642
81642 27539 132966
27539 81642 132966
116929 40532 139612
139612 40532 116929
40532 116929 139612
30065 53151 80349
80349 30065 53151
53151 30065 80349
144977 66867 144408
144408 66867 144977
66867 144408 144977
120513 20828 129903
20828 120513 129903
129903 20828 120513
27509 74131 132776
74131 27509 132776
132776 27509 74131
87191 4577 106424
106424 4577 87191
4577 87191 106424
64328 69598 124618
124618 64328 69598
69598 64328 124618
7045 23467 107624
107624 7045 23467
23467 7045 107624
65718 73014 79678
73014 65718 79678
79678 65718 73014
16429 37908 147811
37908 16429 147811
147811 16429 37908
55720 35285 69086
35285 55720 69086
69086 35285 55720
102696 55114 60518
55114 60518 102696
60518 55114 102696
50604 79012 141811
79012 50604 141811
141811 50604 79012
85551 75699 149460
75699 85551 149460
149460 75699 85551
68408 45121 100473
100473 45121 68408
45121 68408 100473
132059 112554 138678
138678 112554 132059
112554 132059 138678
113728 7372 13785
7372 13785 113728
13785 7372 113728
60812 114116 131400
131400 60812 114116
114116 60812 131400
61062 50060 96949
96949 50060 61062
50060 61062 96949
78514 85726 137118
85726 78514 137118
137118 78514 85726
83890 45930 55217
55217 45930 83890
45930 55217 83890
34274 81572 100912
100912 34274 81572
81572 34274 100912
39139 43141 136909
136909 39139 43141
43141 39139 136909
97407 13383 134122
134122 13383 97407
13383 97407 134122
5580 5358 89825
89825 5358 5580
5358 5580 89825
63758 107329 127180
127180 63758 107329
107329 63758 127180
57517 95726 116143
95726 57517 116143
116143 57517 95726
12947 13439 23589
13439 12947 23589
23589 12947 13439
133951 27199 60814
27199 60814 133951
60814 27199 133951
49148 14316 90749
14316 49148 90749
90749 14316 49148
47064 26305 139647
139647 26305 47064
26305 47064 139647
45975 15760 135487
15760 45975 135487
135487 15760 45975
125653 58578 81680
58578 81680 125653
81680 58578 125653
19332 92699 126859
126859 19332 92699
92699 19332 126859
27837 13667 117565
13667 27837 117565
117565 13667 27837
46015 22931 24539
24539 22931 46015
22931 24539 46015
133235 24722 68234
68234 24722 133235
24722 68234 133235
90758 9151 11512
9151 11512 90758
11512 9151 90758
140639 5190 27040
27040 5190 140639
5190 27040 140639
27440 33551 48519
33551 27440 48519
48519 27440 33551
68895 44091 131619
131619 44091 68895
44091 68895 131619
85477 60238 68522
60238 68522 85477
68522 60238 85477
105106 7108 122636
7108 105106 122636
122636 7108 105106
149243 25383 111686
25383 111686 149243
111686 25383 149243
45329 52852 129872
52852 45329 129872
129872 45329 52852
76013 24997 146802
146802 24997 76013
24997 76013 146802
91793 29643 117810
29643 91793 117810
117810 29643 91793
3529 31993 34440
34440 3529 31993
31993 3529 34440
21526 13262 73428
13262 21526 73428
73428 13262 21526
90777 22379 139230
22379 90777 139230
139230 22379 90777
130802 2294 117907
117907 2294 130802
2294 117907 130802
140396 11594 43994
43994 11594 140396
11594 43994 140396
77759 13624 30525
30525 13624 77759
13624 30525 77759
20688 126922 143462
126922 20688 143462
143462 20688 126922
113256 28619 118342
28619 113256 118342
118342 28619 113256
44420 19693 111444
19693 44420 111444
111444 19693 44420
43873 80063 130579
80063 43873 130579
130579 43873 80063
33963 29956 115873
29956 33963 115873
115873 29956 33963
7559 4184 142356
4184 7559 142356
142356 4184 7559
8509 28026 148804
28026 8509 148804
148804 8509 28026
34079 115415 125073
125073 34079 115415
115415 34079 125073
81088 35482 131841
35482 81088 131841
131841 35482 81088
32580 108274 139835
139835 32580 108274
108274 32580 139835
57718 34662 38637
38637 34662 57718
34662 38637 57718
8945 113355 113722
113722 8945 113355
113355 8945 113722
136840 19270 42150
42150 19270 136840
19270 42150 136840
107727 26024 119396
119396 26024 107727
26024 107727 119396
121020 62487 97708
62487 97708 121020
97708 62487 121020
48601 56146 128949
56146 48601 128949
128949 48601 56146
47531 29813 36629
36629 29813 47531
29813 36629 47531
977 61173 77326
61173 977 77326
77326 977 61173
74839 88637 112976
88637 74839 112976
112976 74839 88637
19529 59989 129075
129075 19529 59989
59989 19529 129075
107883 89406 134271
89406 107883 134271
134271 89406 107883
37661 70936 138718
70936 37661 138718
138718 37661 70936
57969 22009 103320
103320 22009 57969
22009 57969 103320
86370 105394 124059
105394 86370 124059
124059 86370 105394
145076 87819 91480
87819 91480 145076
91480 87819 145076
404 37590 103471
37590 404 103471
103471 404 37590
70827 33903 52694
52694 33903 70827
33903 52694 70827
149699 16361 115081
115081 16361 149699
16361 115081 149699
49565 51552 119951
51552 49565 119951
119951 49565 51552
33307 29762 135142
135142 29762 33307
29762 33307 135142
116867 50480 136560
50480 116867 136560
136560 50480 116867
144164 21207 90043
90043 21207 144164
21207 90043 144164
96163 97164 141767
97164 96163 141767
141767 96163 97164
897 105928 149445
149445 897 105928
105928 897 149445
46633 34680 134437
134437 34680 46633
34680 46633 134437
141229 18471 34280
18471 34280 141229
34280 18471 141229
74915 132896 133289
132896 74915 133289
133289 74915 132896
120249 8819 37343
37343 8819 120249
8819 37343 120249
15687 51222 143301
51222 15687 143301
143301 15687 51222
87793 12850 115950
12850 87793 115950
115950 12850 87793
49112 13303 89120
13303 49112 89120
89120 13303 49112
121630 80532 84968
80532 84968 121630
84968 80532 121630
105762 27869 78359
27869 78359 105762
78359 27869 105762
64247 51763 136880
136880 51763 64247
51763 64247 136880
103588 84802 125757
84802 103588 125757
125757 84802 103588
75822 88988 120779
88988 75822 120779
120779 75822 88988
67837 7656 40160
40160 7656 67837
7656 40160 67837
143810 7109 83414
7109 83414 143810
83414 7109 143810
86010 12640 99189
99189 12640 86010
12640 86010 99189
69924 7590 89291
89291 7590 69924
7590 69924 89291
99600 17334 52727
17334 52727 99600
52727 17334 99600
108567 25971 103425
103425 25971 108567
25971 103425 108567
72517 68982 76421
76421 68982 72517
68982 72517 76421
129947 1743 59614
59614 1743 129947
1743 59614 129947
50478 103008 145684
103008 50478 145684
145684 50478 103008
3919 10754 105356
105356 3919 10754
10754 3919 105356
76796 63207 146847
146847 63207 76796
63207 76796 146847
25070 56749 89631
56749 25070 89631
89631 25070 56749
30299 45595 119995
45595 30299 119995
119995 30299 45595
117090 82604 100818
100818 82604 117090
82604 100818 117090
145246 78089 91819
91819 78089 145246
78089 91819 145246
17686 15551 58528
58528 15551 17686
15551 17686 58528
74778 31006 110154
110154 31006 74778
31006 74778 110154
416 21528 136472
21528 416 136472
136472 416 21528
107718 58322 62342
62342 58322 107718
58322 62342 107718
50038 4605 144314
4605 50038 144314
144314 4605 50038
97925 16570 17287
16570 17287 97925
17287 16570 97925
108079 3665 122967
122967 3665 108079
3665 108079 122967
135698 84181 118276
118276 84181 135698
84181 118276 135698
45858 14688 142074
142074 14688 45858
14688 45858 142074
27695 25162 69288
25162 27695 69288
69288 25162 27695
103701 69998 124242
69998 103701 124242
124242 69998 103701
105431 13478 130066
13478 105431 130066
130066 13478 105431
34587 43602 130949
130949 34587 43602
43602 34587 130949
109355 43014 116218
116218 43014 109355
43014 109355 116218
39774 106777 142275
142275 39774 106777
106777 39774 142275
43132 98665 137176
98665 43132 137176
137176 43132 98665
140943 51423 139063
51423 139063 140943
139063 51423 140943
71488 3430 70039
3430 70039 71488
70039 3430 71488
133815 19219 86363
19219 86363 133815
86363 19219 133815
99125 97004 138857
138857 97004 99125
97004 99125 138857
80611 49972 98085
98085 49972 80611
49972 80611 98085
38450 19488 47573
19488 38450 47573
47573 19488 38450
33004 861 132188
861 33004 132188
132188 861 33004
59863 32092 108104
32092 59863 108104
108104 32092 59863
136343 34397 66801
34397 66801 136343
66801 34397 136343
22357 29627 146456
146456 22357 29627
29627 22357 146456
29405 35486 46200
35486 29405 46200
46200 29405 35486
31130 45813 51022
45813 31130 51022
51022 31130 45813
149514 18678 145425
18678 145425 149514
145425 18678 149514
82655 11819 145905
145905 11819 82655
11819 82655 145905
55362 126471 132809
126471 55362 132809
132809 55362 126471
59231 20058 79032
79032 20058 59231
20058 59231 79032
110040 43231 129071
43231 110040 129071
129071 43231 110040
46435 6892 59701
59701 6892 46435
6892 46435 59701
97103 24747 126374
126374 24747 97103
24747 97103 126374
127676 16155 140057
140057 16155 127676
16155 127676 140057
36280 107167 146354
146354 36280 107167
107167 36280 146354
59120 60349 79774
79774 59120 60349
60349 59120 79774
46315 23804 127607
127607 23804 46315
23804 46315 127607
33869 89995 133127
133127 33869 89995
89995 33869 133127
26822 56909 143004
143004 26822 56909
56909 26822 143004
139472 80840 111527
111527 80840 139472
80840 111527 139472
112181 85957 106207
106207 85957 112181
85957 106207 112181
87280 23161 32904
23161 32904 87280
32904 23161 87280
106711 31045 88499
31045 88499 106711
88499 31045 106711
147471 76184 129156
129156 76184 147471
76184 129156 147471
18144 56522 138878
138878 18144 56522
56522 18144 138878
36097 84512 119351
119351 36097 84512
84512 36097 119351
141259 21113 35260
35260 21113 141259
21113 35260 141259
57906 102766 110697
102766 57906 110697
110697 57906 102766
62179 24915 76486
76486 24915 62179
24915 62179 76486
25845 4657 109713
4657 25845 109713
109713 4657 25845
68967 60005 125910
60005 68967 125910
125910 60005 68967
56022 33478 90466
33478 56022 90466
90466 33478 56022
139129 13901 20713
13901 20713 139129
20713 13901 139129
87381 38767 75378
38767 75378 87381
75378 38767 87381
97823 37276 131571
131571 37276 97823
37276 97823 131571
132571 81677 83124
81677 83124 132571
83124 81677 132571
98653 16891 118122
118122 16891 98653
16891 98653 118122
139743 106502 144183
144183 106502 139743
106502 139743 144183
149197 120607 127513
120607 127513 149197
127513 120607 149197
122778 63919 100331
100331 63919 122778
63919 100331 122778
77799 75451 140024
75451 77799 140024
140024 75451 77799
88405 38042 148580
38042 88405 148580
148580 38042 88405
91023 24662 25263
25263 24662 91023
24662 25263 91023
94696 39377 139138
139138 39377 94696
39377 94696 139138
123256 38133 49782
49782 38133 123256
38133 49782 123256
30830 18774 110417
110417 18774 30830
18774 30830 110417
59219 67482 77622
77622 59219 67482
67482 59219 77622
36759 17684 32996
17684 32996 36759
32996 17684 36759
140997 4279 6829
6829 4279 140997
4279 6829 140997
1016 818 123330
818 1016 123330
123330 818 1016
44117 5205 33986
5205 33986 44117
33986 5205 44117
148445 63498 67690
67690 63498 148445
63498 67690 148445
4480 36210 67729
36210 4480 67729
67729 4480 36210
156 13968 144301
144301 156 13968
13968 156 144301
88025 83515 134217
83515 88025 134217
134217 83515 88025
134606 21668 120812
120812 21668 134606
21668 120812 134606
30680 1141 44615
1141 30680 44615
44615 1141 30680
57699 31153 36477
36477 31153 57699
31153 36477 57699
24088 12594 13036
13036 12594 24088
12594 13036 24088
103010 99285 123171
123171 99285 103010
99285 103010 123171
110020 3774 88658
3774 88658 110020
88658 3774 110020
130768 76293 82178
82178 76293 130768
76293 82178 130768
46304 8919 100793
100793 8919 46304
8919 46304 100793
15513 88232 113711
88232 15513 113711
113711 15513 88232
56372 89515 106148
106148 56372 89515
89515 56372 106148
120352 110248 144844
144844 110248 120352
110248 120352 144844
58998 100514 130892
100514 58998 130892
130892 58998 100514
75702 126072 144124
126072 75702 144124
144124 75702 126072
68219 108587 108943
108587 68219 108943
108943 68219 108587
94664 23015 47147
23015 47147 94664
47147 23015 94664
15096 41038 78051
41038 15096 78051
78051 15096 41038
32657 80590 84351
80590 32657 84351
84351 32657 80590
16187 26566 100940
100940 16187 26566
26566 16187 100940
125351 7040 134553
7040 125351 134553
134553 7040 125351
143373 10734 81084
10734 81084 143373
81084 10734 143373
87655 52778 101744
52778 87655 101744
101744 52778 87655
63141 44261 87051
87051 44261 63141
44261 63141 87051
27491 114636 121570
121570 27491 114636
114636 27491 121570
113456 87453 146725
87453 113456 146725
146725 87453 113456
99604 46623 116496
116496 46623 99604
46623 99604 116496
7430 65142 110736
110736 7430 65142
65142 7430 110736
142397 28144 146774
146774 28144 142397
28144 142397 146774
91640 54148 69093
54148 69093 91640
69093 54148 91640
119619 52321 149872
52321 119619 149872
149872 52321 119619
1791 3441 27067
27067 1791 3441
3441 1791 27067
2634 23734 63757
63757 2634 23734
23734 2634 63757
136040 41026 109468
41026 109468 136040
109468 41026 136040
123982 59352 129662
129662 59352 123982
59352 123982 129662
85062 127841 139883
127841 85062 139883
139883 85062 127841
148409 85784 123774
85784 123774 148409
123774 85784 148409
56471 16971 97561
97561 16971 56471
16971 56471 97561
129428 57217 142073
142073 57217 129428
57217 129428 142073
35146 37318 37675
37675 35146 37318
37318 35146 37675
51278 23211 62771
62771 23211 51278
23211 51278 62771
99425 66812 110214
110214 66812 99425
66812 99425 110214
48871 1077 5125
5125 1077 48871
1077 5125 48871
68459 37617 89715
37617 68459 89715
89715 37617 68459
124446 10442 131886
10442 124446 131886
131886 10442 124446
32133 71356 78743
71356 32133 78743
78743 32133 71356
45629 47280 119943
47280 45629 119943
119943 45629 47280
87295 89004 127662
89004 87295 127662
127662 87295 89004
114246 11214 81513
81513 11214 114246
11214 81513 114246
5601 101653 146964
101653 5601 146964
146964 5601 101653
100554 17422 36853
17422 36853 100554
36853 17422 100554
66039 99131 114235
99131 66039 114235
114235 66039 99131
112608 129448 129787
129787 112608 129448
129448 112608 129787
24227 77608 78096
78096 24227 77608
77608 24227 78096
97576 19536 47600
19536 47600 97576
47600 19536 97576
94319 13335 64193
64193 13335 94319
13335 64193 94319
138282 6294 10103
10103 6294 138282
6294 10103 138282
143515 43114 101362
43114 101362 143515
101362 43114 143515
117100 81092 109521
81092 109521 117100
109521 81092 117100
34376 90382 106126
106126 34376 90382
90382 34376 106126
5974 52060 111881
52060 5974 111881
111881 5974 52060
44896 28203 49639
49639 28203 44896
28203 44896 49639
56695 5552 110423
110423 5552 56695
5552 56695 110423
96958 28814 121017
28814 96958 121017
121017 28814 96958
130973 91925 146423
91925 130973 146423
146423 91925 130973
35927 15497 17877
15497 17877 35927
17877 15497 35927
7332 48755 50400
50400 7332 48755
48755 7332 50400
85523 66252 104285
104285 66252 85523
66252 85523 104285
42691 76732 84660
84660 42691 76732
76732 42691 84660
32289 51092 144816
51092 32289 144816
144816 32289 51092
24677 35950 116547
116547 24677 35950
35950 24677 116547
86233 54791 77371
77371 54791 86233
54791 77371 86233
133046 103240 134643
134643 103240 133046
103240 133046 134643
29351 6390 21433
21433 6390 29351
6390 21433 29351
68709 29917 137727
29917 68709 137727
137727 29917 68709
2812 22173 54454
54454 2812 22173
22173 2812 54454
116726 24192 63115
24192 63115 116726
63115 24192 116726
101423 7101 13979
13979 7101 101423
7101 13979 101423
41623 69250 75366
69250 41623 75366
75366 41623 69250
94407 67665 88969
