56626 26470 121780
121780 26470 56626
26470 56626 121780
51600 30483 129623
30483 51600 129623
129623 30483 51600
141637 118375 142569
142569 118375 141637
118375 141637 142569
28674 36932 120601
120601 28674 36932
36932 28674 120601
123169 33619 110055
110055 33619 123169
33619 110055 123169
91999 57062 107443
57062 91999 107443
107443 57062 91999
46242 44576 48362
48362 44576 46242
44576 46242 48362
9667 3667 31062
31062 3667 9667
3667 9667 31062
148681 30782 33864
30782 33864 148681
33864 30782 148681
115217 59349 60166
60166 59349 115217
59349 60166 115217
135263 51634 75101
51634 75101 135263
75101 51634 135263
58923 20227 64920
64920 20227 58923
20227 58923 64920
117593 76570 114997
114997 76570 117593
76570 114997 117593
111875 105175 137611
105175 111875 137611
137611 105175 111875
111144 16123 134092
16123 111144 134092
134092 16123 111144
71524 52984 59026
52984 59026 71524
59026 52984 71524
76363 10405 85298
10405 76363 85298
85298 10405 76363
15688 119676 141476
119676 15688 141476
141476 15688 119676
90655 72001 142450
142450 72001 90655
72001 90655 142450
24548 25928 76897
76897 24548 25928
25928 24548 76897
88043 139125 148261
148261 88043 139125
139125 88043 148261
26961 9841 42179
9841 26961 42179
42179 9841 26961
21019 3720 118071
118071 3720 21019
3720 21019 118071
115821 70312 110473
110473 70312 115821
70312 110473 115821
39549 84392 119087
119087 39549 84392
84392 39549 119087
21091 35747 70016
70016 21091 35747
35747 21091 70016
89025 6537 34993
34993 6537 89025
6537 34993 89025
78796 111493 116226
111493 78796 116226
116226 78796 111493
100718 42873 124147
42873 100718 124147
124147 42873 100718
86526 40475 71471
40475 71471 86526
71471 40475 86526
24175 54069 93018
54069 24175 93018
93018 24175 54069
84481 53823 138195
138195 53823 84481
53823 84481 138195
28402 27703 63316
27703 28402 63316
63316 27703 28402
3725 3988 78499
78499 3725 3988
3988 3725 78499
14003 35497 76182
76182 14003 35497
35497 14003 76182
108522 38947 101161
101161 38947 108522
38947 101161 108522
22524 28425 136895
136895 22524 28425
28425 22524 136895
87127 15473 79929
15473 79929 87127
79929 15473 87127
126332 6998 126281
126281 6998 126332
6998 126281 126332
143329 28677 56038
28677 56038 143329
56038 28677 143329
993 47385 129145
47385 993 129145
129145 993 47385
38328 13068 67954
13068 38328 67954
67954 13068 38328
21527 6459 83657
6459 21527 83657
83657 6459 21527
125378 43135 50312
43135 50312 125378
50312 43135 125378
78091 113617 114453
113617 78091 114453
114453 78091 113617
111371 17877 55086
55086 17877 111371
17877 55086 111371
136756 13926 135435
135435 13926 136756
13926 135435 136756
121704 11503 76497
11503 76497 121704
76497 11503 121704
129434 24290 32809
24290 32809 129434
32809 24290 129434
92176 65786 72823
65786 72823 92176
72823 65786 92176
107664 10483 113516
10483 107664 113516
113516 10483 107664
131054 15696 96400
96400 15696 131054
15696 96400 131054
10533 12679 55432
55432 10533 12679
12679 10533 55432
135691 28242 74728
28242 74728 135691
74728 28242 135691
55889 23374 65223
23374 55889 65223
65223 23374 55889
30668 83912 117777
83912 30668 117777
117777 30668 83912
15434 93971 104226
93971 15434 104226
104226 15434 93971
96698 43340 118855
118855 43340 96698
43340 96698 118855
53151 86695 95472
86695 53151 95472
95472 53151 86695
32192 114772 134219
114772 32192 134219
134219 32192 114772
91238 9576 66315
66315 9576 91238
9576 66315 91238
112070 95566 136277
95566 112070 136277
136277 95566 112070
36860 85462 129956
85462 36860 129956
129956 36860 85462
19686 41305 86481
41305 19686 86481
86481 19686 41305
145886 105554 121060
105554 121060 145886
121060 105554 145886
57578 102452 139724
139724 57578 102452
102452 57578 139724
114759 82149 147094
147094 82149 114759
82149 114759 147094
61096 58880 105455
105455 58880 61096
58880 61096 105455
105372 71096 101234
71096 101234 105372
101234 71096 105372
125787 41083 128953
41083 125787 128953
128953 41083 125787
35330 115937 120333
115937 35330 120333
120333 35330 115937
136471 97821 133815
97821 133815 136471
133815 97821 136471
123548 114487 137171
114487 123548 137171
137171 114487 123548
103857 2963 59747
2963 59747 103857
59747 2963 103857
54464 47380 76231
47380 54464 76231
76231 47380 54464
111928 32106 32386
32106 32386 111928
32386 32106 111928
39814 60914 138441
60914 39814 138441
138441 39814 60914
16406 47200 71067
71067 16406 47200
47200 16406 71067
41700 41376 68351
41376 41700 68351
68351 41376 41700
55425 105633 107116
107116 55425 105633
105633 55425 107116
29882 56780 93026
93026 29882 56780
56780 29882 93026
101916 78012 87989
78012 87989 101916
87989 78012 101916
104545 8804 16575
8804 16575 104545
16575 8804 104545
101014 86114 96837
86114 96837 101014
96837 86114 101014
131958 18967 46268
18967 46268 131958
46268 18967 131958
44461 41348 80679
41348 44461 80679
80679 41348 44461
128207 12745 30531
30531 12745 128207
12745 30531 128207
21280 70893 92268
92268 21280 70893
70893 21280 92268
103461 62717 115680
115680 62717 103461
62717 103461 115680
88129 47140 51566
51566 47140 88129
47140 51566 88129
128451 45362 109999
109999 45362 128451
45362 109999 128451
66711 815 148306
148306 815 66711
815 66711 148306
88413 17530 112019
112019 17530 88413
17530 88413 112019
95625 37095 146973
37095 95625 146973
146973 37095 95625
144311 91083 112509
91083 112509 144311
112509 91083 144311
88287 42814 95979
42814 88287 95979
95979 42814 88287
5686 42447 61379
42447 5686 61379
61379 5686 42447
128417 142944 146188
142944 128417 146188
146188 128417 142944
30424 102083 110466
110466 30424 102083
102083 30424 110466
122411 3468 123700
123700 3468 122411
3468 122411 123700
11927 20123 70136
70136 11927 20123
20123 11927 70136
124512 133903 135047
135047 124512 133903
133903 124512 135047
9972 39598 109353
109353 9972 39598
39598 9972 109353
146097 30221 94861
30221 94861 146097
94861 30221 146097
104470 88832 128103
88832 104470 128103
128103 88832 104470
147244 70372 135579
70372 135579 147244
135579 70372 147244
89991 111776 120070
111776 89991 120070
120070 89991 111776
119389 20278 123249
123249 20278 119389
20278 119389 123249
110295 3455 68434
3455 68434 110295
68434 3455 110295
87977 39223 108485
108485 39223 87977
39223 87977 108485
149502 106005 120039
106005 120039 149502
120039 106005 149502
137031 15091 55152
15091 55152 137031
55152 15091 137031
134804 84469 107286
107286 84469 134804
84469 107286 134804
33333 38422 54165
54165 33333 38422
38422 33333 54165
123330 79163 102856
79163 102856 123330
102856 79163 123330
23581 110788 146211
110788 23581 146211
146211 23581 110788
46914 22739 146146
146146 22739 46914
22739 46914 146146
129039 41928 78719
78719 41928 129039
41928 78719 129039
60814 7477 131237
7477 60814 131237
131237 7477 60814
98930 144211 145397
145397 98930 144211
144211 98930 145397
128105 60494 118076
118076 60494 128105
60494 118076 128105
120611 34511 67404
67404 34511 120611
34511 67404 120611
74387 123735 124949
123735 74387 124949
124949 74387 123735
43041 131089 135358
135358 43041 131089
131089 43041 135358
104582 22619 23356
23356 22619 104582
22619 23356 104582
3458 45273 101798
45273 3458 101798
101798 3458 45273
26549 125123 130778
130778 26549 125123
125123 26549 130778
130543 61250 114835
114835 61250 130543
61250 114835 130543
10382 37076 113006
37076 10382 113006
113006 10382 37076
45311 15937 19903
19903 15937 45311
15937 19903 45311
124359 93579 110973
93579 110973 124359
110973 93579 124359
87723 69932 73566
73566 69932 87723
69932 73566 87723
12264 48258 113685
48258 12264 113685
113685 12264 48258
48106 54361 84198
54361 48106 84198
84198 48106 54361
92919 83904 93550
93550 83904 92919
83904 92919 93550
71264 13190 97067
13190 71264 97067
97067 13190 71264
135673 45862 96111
45862 96111 135673
96111 45862 135673
121591 60189 115515
115515 60189 121591
60189 115515 121591
102601 30883 47568
47568 30883 102601
30883 47568 102601
23901 79469 117688
117688 23901 79469
79469 23901 117688
21628 9528 116070
9528 21628 116070
116070 9528 21628
108805 34791 42141
34791 42141 108805
42141 34791 108805
116524 24503 120027
24503 116524 120027
120027 24503 116524
146082 62586 82911
62586 82911 146082
82911 62586 146082
12118 46072 94223
46072 12118 94223
94223 12118 46072
100408 60730 67502
60730 67502 100408
67502 60730 100408
21358 1407 116823
116823 1407 21358
1407 21358 116823
59264 82372 133670
133670 59264 82372
82372 59264 133670
68221 52768 56957
52768 56957 68221
56957 52768 68221
128187 95782 99066
95782 99066 128187
99066 95782 128187
141506 54754 136639
136639 54754 141506
54754 136639 141506
82957 42019 113097
42019 82957 113097
113097 42019 82957
143350 7383 25563
7383 25563 143350
25563 7383 143350
107336 35936 76918
76918 35936 107336
35936 76918 107336
47549 25868 88237
25868 47549 88237
88237 25868 47549
58153 80801 88285
80801 58153 88285
88285 58153 80801
88912 7539 45501
45501 7539 88912
7539 45501 88912
53138 6055 10822
6055 10822 53138
10822 6055 53138
54808 123988 127926
127926 54808 123988
123988 54808 127926
60773 12769 83252
12769 60773 83252
83252 12769 60773
124581 54205 137724
54205 124581 137724
137724 54205 124581
141243 105109 136323
105109 136323 141243
136323 105109 141243
81953 19936 52527
19936 52527 81953
52527 19936 81953
132578 43756 45981
43756 45981 132578
45981 43756 132578
128584 73902 81944
73902 81944 128584
81944 73902 128584
22279 11401 18523
11401 18523 22279
18523 11401 22279
238 23286 34851
23286 238 34851
34851 238 23286
33247 25915 142575
142575 25915 33247
25915 33247 142575
72679 19056 42352
19056 42352 72679
42352 19056 72679
15250 46041 53253
46041 15250 53253
53253 15250 46041
13485 1863 72921
1863 13485 72921
72921 1863 13485
133558 124313 144991
124313 133558 144991
144991 124313 133558
99008 10712 132663
10712 99008 132663
132663 10712 99008
52500 10613 132241
10613 52500 132241
132241 10613 52500
132149 13679 134389
13679 132149 134389
134389 13679 132149
131494 3986 26140
3986 26140 131494
26140 3986 131494
127782 65582 114745
114745 65582 127782
65582 114745 127782
18201 7142 49610
7142 18201 49610
49610 7142 18201
100268 44827 144601
144601 44827 100268
44827 100268 144601
99208 43397 115148
115148 43397 99208
43397 99208 115148
110641 27511 104050
104050 27511 110641
27511 104050 110641
72894 61922 133092
133092 61922 72894
61922 72894 133092
135007 84547 84760
84547 84760 135007
84760 84547 135007
44968 10772 96089
10772 44968 96089
96089 10772 44968
40572 38 129752
38 40572 129752
129752 38 40572
105201 27573 107535
107535 27573 105201
27573 105201 107535
9061 91946 116044
116044 9061 91946
91946 9061 116044
139054 93849 121184
93849 121184 139054
121184 93849 139054
138977 43977 98170
43977 98170 138977
98170 43977 138977
20376 32623 68078
68078 20376 32623
32623 20376 68078
76192 105939 134983
134983 76192 105939
105939 76192 134983
125068 28507 119882
28507 119882 125068
119882 28507 125068
13037 87277 108024
108024 13037 87277
87277 13037 108024
148437 64558 93112
93112 64558 148437
64558 93112 148437
95525 56388 96765
96765 56388 95525
56388 95525 96765
137573 36882 68484
36882 68484 137573
68484 36882 137573
95987 64784 146889
146889 64784 95987
64784 95987 146889
49650 117550 120757
117550 49650 120757
120757 49650 117550
96807 97785 121813
97785 96807 121813
121813 96807 97785
109988 142621 145739
145739 109988 142621
142621 109988 145739
113271 30238 87051
30238 87051 113271
87051 30238 113271
15785 25979 111847
25979 15785 111847
111847 15785 25979
53681 21477 87655
21477 53681 87655
87655 21477 53681
143853 33091 102891
102891 33091 143853
33091 102891 143853
56345 24237 57134
57134 24237 56345
24237 56345 57134
64573 4084 124777
4084 64573 124777
124777 4084 64573
109072 73447 142715
73447 109072 142715
142715 73447 109072
133243 1101 108519
108519 1101 133243
1101 108519 133243
57013 10125 56400
56400 10125 57013
10125 56400 57013
9390 37051 142098
142098 9390 37051
37051 9390 142098
33182 22149 101708
22149 33182 101708
101708 22149 33182
1514 85528 91132
91132 1514 85528
85528 1514 91132
31587 37660 57729
57729 31587 37660
37660 31587 57729
79308 91472 130594
91472 79308 130594
130594 79308 91472
20976 39060 125622
39060 20976 125622
125622 20976 39060
129139 44609 76565
44609 76565 129139
76565 44609 129139
96786 9683 23458
23458 9683 96786
9683 23458 96786
142256 18893 85124
85124 18893 142256
18893 85124 142256
96848 13164 109308
109308 13164 96848
13164 96848 109308
100482 36056 113505
36056 100482 113505
113505 36056 100482
76591 127866 129696
129696 76591 127866
127866 76591 129696
129292 42859 85725
42859 85725 129292
85725 42859 129292
97084 8385 101551
101551 8385 97084
8385 97084 101551
131370 2666 140818
2666 131370 140818
140818 2666 131370
126371 35055 103131
103131 35055 126371
35055 103131 126371
29729 10234 109900
10234 29729 109900
109900 10234 29729
100146 38814 62340
62340 38814 100146
38814 62340 100146
69134 89506 97072
97072 69134 89506
89506 69134 97072
31474 66478 90671
90671 31474 66478
66478 31474 90671
29469 91941 129104
91941 29469 129104
129104 29469 91941
132169 25759 104350
104350 25759 132169
25759 104350 132169
99116 759 47973
759 47973 99116
47973 759 99116
42210 7309 124901
124901 7309 42210
7309 42210 124901
12899 9819 99478
9819 12899 99478
99478 9819 12899
11377 47675 116781
47675 11377 116781
116781 11377 47675
137006 59346 130417
59346 130417 137006
130417 59346 137006
136855 111890 144854
111890 136855 144854
144854 111890 136855
52322 68644 106674
106674 52322 68644
68644 52322 106674
101944 95688 113127
95688 101944 113127
113127 95688 101944
68476 81094 110871
81094 68476 110871
110871 68476 81094
14311 40555 111950
111950 14311 40555
40555 14311 111950
93425 59159 105532
59159 93425 105532
105532 59159 93425
85911 16051 25377
25377 16051 85911
16051 25377 85911
36881 16897 66693
66693 16897 36881
16897 36881 66693
51975 79477 85524
79477 51975 85524
85524 51975 79477
48412 5524 108599
5524 48412 108599
108599 5524 48412
51208 47634 63696
47634 51208 63696
63696 47634 51208
113181 37016 138792
138792 37016 113181
37016 113181 138792
25228 29641 67020
67020 25228 29641
29641 25228 67020
102166 73224 88411
73224 88411 102166
88411 73224 102166
124952 25682 33110
25682 33110 124952
33110 25682 124952
147067 22154 115867
22154 115867 147067
115867 22154 147067
85006 75098 128731
128731 75098 85006
75098 85006 128731
14493 29516 60226
60226 14493 29516
29516 14493 60226
3841 3372 74835
74835 3372 3841
3372 3841 74835
137075 4110 24630
4110 24630 137075
24630 4110 137075
113293 122534 135767
135767 113293 122534
122534 113293 135767
128113 32755 124795
124795 32755 128113
32755 124795 128113
15810 3475 119214
3475 15810 119214
119214 3475 15810
109402 81466 84318
81466 84318 109402
84318 81466 109402
17448 132916 140145
140145 17448 132916
132916 17448 140145
43659 22199 147446
22199 43659 147446
147446 22199 43659
62075 117553 141980
117553 62075 141980
141980 62075 117553
77929 38912 65845
38912 65845 77929
65845 38912 77929
87711 21932 98221
21932 87711 98221
98221 21932 87711
88058 40100 55301
55301 40100 88058
40100 55301 88058
67420 12070 76384
76384 12070 67420
12070 67420 76384
18004 2929 83742
2929 18004 83742
83742 2929 18004
57434 27636 92095
92095 27636 57434
27636 57434 92095
122879 52602 83975
83975 52602 122879
52602 83975 122879
15512 49592 105239
49592 15512 105239
105239 15512 49592
102988 29972 104970
104970 29972 102988
29972 102988 104970
53841 116897 147578
116897 53841 147578
147578 53841 116897
32690 101278 127655
127655 32690 101278
101278 32690 127655
132978 104578 145726
104578 132978 145726
145726 104578 132978
82997 1810 40084
1810 40084 82997
40084 1810 82997
115774 44917 85465
85465 44917 115774
44917 85465 115774
18572 16103 31500
31500 16103 18572
16103 18572 31500
136081 63358 136247
63358 136081 136247
136247 63358 136081
71429 17261 94709
94709 17261 71429
17261 71429 94709
43919 24253 126821
24253 43919 126821
126821 24253 43919
68692 28706 125295
28706 68692 125295
125295 28706 68692
41142 11596 116135
116135 11596 41142
11596 41142 116135
34368 67956 113009
67956 34368 113009
113009 34368 67956
53268 140041 146956
140041 53268 146956
146956 53268 140041
20383 96664 116175
96664 20383 116175
116175 20383 96664
67192 112081 123584
112081 67192 123584
123584 67192 112081
120988 109398 115317
109398 115317 120988
115317 109398 120988
118910 48647 75300
48647 75300 118910
75300 48647 118910
44317 135784 139633
135784 44317 139633
139633 44317 135784
94972 77380 127102
77380 94972 127102
127102 77380 94972
40434 12405 131051
12405 40434 131051
131051 12405 40434
71126 46629 91401
91401 46629 71126
46629 71126 91401
138722 69472 133104
69472 133104 138722
133104 69472 138722
353 104548 129731
104548 353 129731
129731 353 104548
14297 129746 140973
140973 14297 129746
129746 14297 140973
147 23344 122995
23344 147 122995
122995 147 23344
127725 110852 126805
126805 110852 127725
110852 126805 127725
10400 15873 146296
15873 10400 146296
146296 10400 15873
140503 22452 56301
56301 22452 140503
22452 56301 140503
68631 53646 68391
53646 68391 68631
68391 53646 68631
79913 53551 56256
53551 56256 79913
56256 53551 79913
76347 3449 30867
3449 30867 76347
30867 3449 76347
118450 20176 112889
20176 112889 118450
112889 20176 118450
121642 68015 104867
104867 68015 121642
68015 104867 121642
93825 123551 128630
128630 93825 123551
123551 93825 128630
131985 135119 148012
148012 131985 135119
135119 131985 148012
4164 3127 50253
3127 4164 50253
50253 3127 4164
86985 24105 95965
24105 86985 95965
95965 24105 86985
30729 135335 138758
135335 30729 138758
138758 30729 135335
134559 53041 70285
53041 70285 134559
70285 53041 134559
44113 28921 57467
57467 28921 44113
28921 44113 57467
144564 93035 107974
107974 93035 144564
93035 107974 144564
80568 30912 112838
112838 30912 80568
30912 80568 112838
122586 82641 93697
93697 82641 122586
82641 93697 122586
28872 96371 143816
96371 28872 143816
143816 28872 96371
113537 65723 109315
109315 65723 113537
65723 109315 113537
42978 61397 111254
61397 42978 111254
111254 42978 61397
87220 4705 49648
4705 49648 87220
49648 4705 87220
12064 83752 96421
96421 12064 83752
83752 12064 96421
15642 22844 64905
22844 15642 64905
64905 15642 22844
143512 42752 118742
42752 118742 143512
118742 42752 143512
51185 81310 131959
81310 51185 131959
131959 51185 81310
89397 69703 89762
69703 89397 89762
89762 69703 89397
61533 7094 61583
61583 7094 61533
7094 61533 61583
117864 15930 45804
15930 45804 117864
45804 15930 117864
59238 9286 127935
127935 9286 59238
9286 59238 127935
130648 27876 138775
138775 27876 130648
27876 130648 138775
46554 76882 141628
141628 46554 76882
76882 46554 141628
149139 85783 132163
132163 85783 149139
85783 132163 149139
6936 22525 82987
82987 6936 22525
22525 6936 82987
38756 1522 75939
75939 1522 38756
1522 38756 75939
81225 723 40332
723 40332 81225
40332 723 81225
444 37273 56915
56915 444 37273
37273 444 56915
135389 4046 26642
26642 4046 135389
4046 26642 135389
114458 115854 146295
146295 114458 115854
115854 114458 146295
101098 3782 57143
3782 57143 101098
57143 3782 101098
21049 48184 117401
117401 21049 48184
48184 21049 117401
111630 57419 94015
94015 57419 111630
57419 94015 111630
131943 86711 136292
86711 131943 136292
136292 86711 131943
75628 141586 147567
147567 75628 141586
141586 75628 147567
83438 72548 76832
72548 76832 83438
76832 72548 83438
53783 52314 72311
52314 53783 72311
72311 52314 53783
147218 106109 149667
149667 106109 147218
106109 147218 149667
126559 25524 42647
25524 42647 126559
42647 25524 126559
26815 10068 88680
10068 26815 88680
88680 10068 26815
91560 18552 130955
130955 18552 91560
18552 91560 130955
99801 3206 56500
3206 56500 99801
56500 3206 99801
101095 57921 125629
125629 57921 101095
57921 101095 125629
65333 70452 93430
70452 65333 93430
93430 65333 70452
143343 102750 109429
102750 109429 143343
109429 102750 143343
101413 915 83958
83958 915 101413
915 83958 101413
101166 71986 103557
71986 101166 103557
103557 71986 101166
63685 12069 107899
107899 12069 63685
12069 63685 107899
125603 27923 126121
27923 125603 126121
126121 27923 125603
42416 23547 50592
50592 23547 42416
23547 42416 50592
96830 32622 64660
32622 64660 96830
64660 32622 96830
110688 41420 135791
41420 110688 135791
135791 41420 110688
148456 6626 56604
56604 6626 148456
6626 56604 148456
118497 87192 126438
126438 87192 118497
87192 118497 126438
15624 3489 40931
40931 3489 15624
3489 15624 40931
74100 9120 27033
27033 9120 74100
9120 27033 74100
142089 7644 115224
115224 7644 142089
7644 115224 142089
72379 72446 141156
141156 72379 72446
72446 72379 141156
44501 7833 25191
7833 25191 44501
25191 7833 44501
1052 49797 89875
49797 1052 89875
89875 1052 49797
107598 110543 120292
120292 107598 110543
110543 107598 120292
5521 41569 125880
125880 5521 41569
41569 5521 125880
78077 1046 86401
1046 78077 86401
86401 1046 78077
47514 71375 148268
148268 47514 71375
71375 47514 148268
145514 42049 45943
45943 42049 145514
42049 45943 145514
113630 16016 144128
16016 113630 144128
144128 16016 113630
103074 13752 32324
32324 13752 103074
13752 32324 103074
43243 2906 83494
2906 43243 83494
83494 2906 43243
961 47172 131923
47172 961 131923
131923 961 47172
12563 13713 42474
42474 12563 13713
13713 12563 42474
138239 73581 85414
85414 73581 138239
73581 85414 138239
83183 26841 117614
26841 83183 117614
117614 26841 83183
72970 24868 122748
122748 24868 72970
24868 72970 122748
26700 26645 63876
26645 26700 63876
63876 26645 26700
56617 27116 61894
61894 27116 56617
27116 56617 61894
11081 14916 112589
14916 11081 112589
112589 11081 14916
50921 47407 88610
88610 47407 50921
47407 50921 88610
104039 56118 68171
68171 56118 104039
56118 68171 104039
137612 10958 63366
63366 10958 137612
10958 63366 137612
60462 55480 143800
55480 60462 143800
143800 55480 60462
42145 88367 124805
124805 42145 88367
88367 42145 124805
54874 34014 92874
34014 54874 92874
92874 34014 54874
55615 54544 87083
87083 54544 55615
54544 55615 87083
126047 55337 142642
55337 126047 142642
142642 55337 126047
70400 68669 78306
78306 68669 70400
68669 70400 78306
57448 13991 95098
95098 13991 57448
13991 57448 95098
103143 77928 139740
77928 103143 139740
139740 77928 103143
79562 75876 121754
75876 79562 121754
121754 75876 79562
41315 20049 122532
20049 41315 122532
122532 20049 41315
99902 33053 49744
49744 33053 99902
33053 49744 99902
19579 23535 25042
25042 19579 23535
23535 19579 25042
31012 22813 106184
106184 22813 31012
22813 31012 106184
12263 11717 52447
11717 12263 52447
52447 11717 12263
81092 62082 72822
72822 62082 81092
62082 72822 81092
94958 106921 120199
120199 94958 106921
106921 94958 120199
38383 80246 84276
80246 38383 84276
84276 38383 80246
40846 93573 121265
93573 40846 121265
121265 40846 93573
149229 52750 126261
52750 126261 149229
126261 52750 149229
136009 694 149892
149892 694 136009
694 136009 149892
26485 41714 121537
41714 26485 121537
121537 26485 41714
147358 54208 131880
54208 131880 147358
131880 54208 147358
120983 49 101303
49 101303 120983
101303 49 120983
17704 33463 143867
143867 17704 33463
33463 17704 143867
88513 21271 77569
77569 21271 88513
21271 77569 88513
117637 37532 56230
37532 56230 117637
56230 37532 117637
103538 66503 79952
66503 79952 103538
79952 66503 103538
92922 38869 92025
92025 38869 92922
38869 92025 92922
103902 53471 102800
53471 102800 103902
102800 53471 103902
96216 60405 98401
98401 60405 96216
60405 96216 98401
64110 56628 126961
126961 56628 64110
56628 64110 126961
66149 136331 149075
149075 66149 136331
136331 66149 149075
75294 70735 112815
112815 70735 75294
70735 75294 112815
125257 26830 139924
139924 26830 125257
26830 125257 139924
68355 46196 147226
147226 46196 68355
46196 68355 147226
1988 25133 119942
25133 1988 119942
119942 1988 25133
136701 65398 109094
65398 109094 136701
109094 65398 136701
69183 19231 120392
120392 19231 69183
19231 69183 120392
132344 25650 92555
92555 25650 132344
25650 92555 132344
17233 30306 95593
95593 17233 30306
30306 17233 95593
69936 43092 43390
43390 43092 69936
43092 43390 69936
72560 34434 96284
96284 34434 72560
34434 72560 96284
70984 95772 103205
95772 70984 103205
103205 70984 95772
64733 13506 60470
13506 60470 64733
60470 13506 64733
116751 107010 140040
107010 116751 140040
140040 107010 116751
108693 7395 25779
7395 25779 108693
25779 7395 108693
110152 93574 132750
132750 93574 110152
93574 110152 132750
136631 38445 45508
45508 38445 136631
38445 45508 136631
114879 14040 113179
113179 14040 114879
14040 113179 114879
64988 60187 119706
119706 60187 64988
60187 64988 119706
62313 83773 91206
83773 62313 91206
91206 62313 83773
106776 54963 81967
54963 81967 106776
81967 54963 106776
117369 107648 121718
121718 107648 117369
107648 117369 121718
136575 13497 51060
13497 51060 136575
51060 13497 136575
113831 21057 72253
72253 21057 113831
21057 72253 113831
65335 44152 54236
54236 44152 65335
44152 54236 65335
70157 43640 50698
43640 50698 70157
50698 43640 70157
142465 54526 116729
54526 116729 142465
116729 54526 142465
22477 133582 136555
133582 22477 136555
136555 22477 133582
2444 94323 141147
141147 2444 94323
94323 2444 141147
112027 42532 143519
42532 112027 143519
143519 42532 112027
120020 85209 136200
136200 85209 120020
85209 120020 136200
102419 61178 104769
104769 61178 102419
61178 102419 104769
19735 50018 113863
50018 19735 113863
113863 19735 50018
121441 10313 36043
10313 36043 121441
36043 10313 121441
138045 24771 104896
24771 104896 138045
104896 24771 138045
96441 41630 95882
41630 95882 96441
95882 41630 96441
141708 17729 73086
17729 73086 141708
73086 17729 141708
140337 7269 8218
7269 8218 140337
8218 7269 140337
23634 40514 128311
128311 23634 40514
40514 23634 128311
113218 84113 112770
84113 112770 113218
112770 84113 113218
88200 18010 149818
18010 88200 149818
149818 18010 88200
106664 7211 33775
7211 33775 106664
33775 7211 106664
128984 28934 101541
28934 101541 128984
101541 28934 128984
146236 20936 28958
28958 20936 146236
20936 28958 146236
136926 89664 105296
89664 105296 136926
105296 89664 136926
97437 21802 87979
21802 87979 97437
87979 21802 97437
66440 122174 136822
122174 66440 136822
136822 66440 122174
9182 28755 121361
28755 9182 121361
121361 9182 28755
7549 69242 107127
107127 7549 69242
69242 7549 107127
39184 81751 125388
81751 39184 125388
125388 39184 81751
69559 68702 81171
68702 69559 81171
81171 68702 69559
86762 25091 66416
25091 66416 86762
66416 25091 86762
144235 19335 90190
19335 90190 144235
90190 19335 144235
137727 12272 123788
123788 12272 137727
12272 123788 137727
103381 18781 145056
18781 103381 145056
145056 18781 103381
74526 58380 117253
58380 74526 117253
117253 58380 74526
109104 44119 73932
44119 73932 109104
73932 44119 109104
104169 43523 71488
43523 71488 104169
71488 43523 104169
14993 14214 116791
116791 14214 14993
14214 14993 116791
128236 1921 84999
1921 84999 128236
84999 1921 128236
26282 82651 144861
82651 26282 144861
144861 26282 82651
64324 96197 137299
137299 64324 96197
96197 64324 137299
53371 99337 110053
99337 53371 110053
110053 53371 99337
15656 7020 71444
7020 15656 71444
71444 7020 15656
42342 60506 146039
146039 42342 60506
60506 42342 146039
75996 87877 130257
87877 75996 130257
130257 75996 87877
120825 5259 69178
69178 5259 120825
5259 69178 120825
58034 87469 148322
87469 58034 148322
148322 58034 87469
111852 12080 104906
104906 12080 111852
12080 104906 111852
68232 50752 98280
98280 50752 68232
50752 68232 98280
57377 34261 118211
118211 34261 57377
34261 57377 118211
44172 33424 106069
33424 44172 106069
106069 33424 44172
29578 87810 100781
100781 29578 87810
87810 29578 100781
142949 40647 122125
40647 122125 142949
122125 40647 142949
45669 138381 141292
138381 45669 141292
141292 45669 138381
107143 49600 62635
62635 49600 107143
49600 62635 107143
76527 76784 104786
76784 76527 104786
104786 76527 76784
57822 38064 127112
38064 57822 127112
127112 38064 57822
119834 51641 124838
51641 119834 124838
124838 51641 119834
124524 61162 95030
95030 61162 124524
61162 95030 124524
116587 6769 46315
46315 6769 116587
6769 46315 116587
36229 1086 62076
62076 1086 36229
1086 36229 62076
44117 17938 89407
89407 17938 44117
17938 44117 89407
9068 15847 140122
15847 9068 140122
140122 9068 15847
73210 40267 95083
95083 40267 73210
40267 73210 95083
14216 9276 14599
9276 14216 14599
14599 9276 14216
16914 18869 144690
18869 16914 144690
144690 16914 18869
96536 39414 74226
74226 39414 96536
39414 74226 96536
23541 67235 85007
85007 23541 67235
67235 23541 85007
57798 128765 141436
128765 57798 141436
141436 57798 128765
28088 2569 12421
12421 2569 28088
2569 12421 28088
14755 33936 121784
121784 14755 33936
33936 14755 121784
40020 47219 79177
79177 40020 47219
47219 40020 79177
76984 61805 91821
91821 61805 76984
61805 76984 91821
143541 136401 148688
148688 136401 143541
136401 143541 148688
79579 20307 78944
20307 78944 79579
78944 20307 79579
113217 52757 100162
100162 52757 113217
52757 100162 113217
134619 73023 124594
124594 73023 134619
73023 124594 134619
73607 35329 129673
35329 73607 129673
129673 35329 73607
46764 15227 97714
15227 46764 97714
97714 15227 46764
30589 4201 38762
4201 30589 38762
38762 4201 30589
43068 57865 147031
57865 43068 147031
147031 43068 57865
74661 17586 86764
86764 17586 74661
17586 74661 86764
5972 5554 95511
95511 5554 5972
5554 5972 95511
46276 62793 136675
62793 46276 136675
136675 46276 62793
38425 84422 121640
84422 38425 121640
121640 38425 84422
53989 97110 131662
131662 53989 97110
97110 53989 131662
107388 80779 84976
84976 80779 107388
80779 84976 107388
70608 56515 114770
114770 56515 70608
56515 70608 114770
13212 13652 29669
29669 13212 13652
13652 13212 29669
104073 11171 34025
34025 11171 104073
11171 34025 104073
94601 64832 77856
64832 77856 94601
77856 64832 94601
22297 66263 84413
84413 22297 66263
66263 22297 84413
103327 67118 110933
110933 67118 103327
67118 103327 110933
62099 110617 135272
110617 62099 135272
135272 62099 110617
65996 7563 135610
7563 65996 135610
135610 7563 65996
94908 40663 141392
141392 40663 94908
40663 94908 141392
87583 121128 130996
130996 87583 121128
121128 87583 130996
6247 49701 70900
70900 6247 49701
49701 6247 70900
126067 63597 87306
87306 63597 126067
63597 87306 126067
56791 64389 110907
110907 56791 64389
64389 56791 110907
51872 80106 90282
80106 51872 90282
90282 51872 80106
79055 1378 38416
1378 38416 79055
38416 1378 79055
44324 77976 86073
77976 44324 86073
86073 44324 77976
11419 77315 140475
140475 11419 77315
77315 11419 140475
38684 9693 76750
9693 38684 76750
76750 9693 38684
126199 939 14867
14867 939 126199
939 14867 126199
102336 50796 130911
50796 102336 130911
130911 50796 102336
62252 144927 147402
144927 62252 147402
147402 62252 144927
126148 81673 100978
100978 81673 126148
81673 100978 126148
91534 29092 143892
143892 29092 91534
29092 91534 143892
26911 24599 101943
24599 26911 101943
101943 24599 26911
24756 41741 63805
41741 24756 63805
63805 24756 41741
32575 2746 22073
2746 22073 32575
22073 2746 32575
57610 91052 133951
133951 57610 91052
91052 57610 133951
105316 28520 52267
28520 52267 105316
52267 28520 105316
116784 71474 85618
85618 71474 116784
71474 85618 116784
131170 1806 30283
30283 1806 131170
1806 30283 131170
92459 50245 144502
144502 50245 92459
50245 92459 144502
86131 13236 19009
19009 13236 86131
13236 19009 86131
81608 38410 105738
38410 81608 105738
105738 38410 81608
21877 33046 98073
33046 21877 98073
98073 21877 33046
135586 24998 60315
60315 24998 135586
24998 60315 135586
50875 115529 124332
124332 50875 115529
115529 50875 124332
50076 32254 66171
32254 50076 66171
66171 32254 50076
25063 21064 49547
21064 25063 49547
49547 21064 25063
18263 30705 94001
30705 18263 94001
94001 18263 30705
145646 31745 107595
107595 31745 145646
31745 107595 145646
78672 12274 105572
12274 78672 105572
105572 12274 78672
55122 87388 94698
94698 55122 87388
87388 55122 94698
127035 27051 128752
128752 27051 127035
27051 127035 128752
138338 8305 90217
90217 8305 138338
8305 90217 138338
56856 123651 131195
123651 56856 131195
131195 56856 123651
39329 122008 133876
133876 39329 122008
122008 39329 133876
135190 27778 73786
73786 27778 135190
27778 73786 135190
104027 4054 133008
4054 104027 133008
133008 4054 104027
38111 118393 147077
147077 38111 118393
118393 38111 147077
22679 27974 41786
27974 22679 41786
41786 22679 27974
49642 103928 139435
139435 49642 103928
103928 49642 139435
132152 72112 111827
72112 111827 132152
111827 72112 132152
54099 35128 73160
35128 54099 73160
73160 35128 54099
45768 3880 52910
3880 45768 52910
52910 3880 45768
91151 91508 144850
144850 91151 91508
91508 91151 144850
102277 84680 138610
138610 84680 102277
84680 102277 138610
43515 52256 99329
99329 43515 52256
52256 43515 99329
45091 400 28738
28738 400 45091
400 28738 45091
29723 61852 69321
61852 29723 69321
69321 29723 61852
644 42513 60542
60542 644 42513
42513 644 60542
85999 107368 116069
116069 85999 107368
107368 85999 116069
121443 18062 99183
18062 99183 121443
99183 18062 121443
108946 10380 82816
10380 82816 108946
82816 10380 108946
87829 39097 99362
99362 39097 87829
39097 87829 99362
67240 105664 112311
112311 67240 105664
105664 67240 112311
19304 4258 141523
141523 4258 19304
4258 19304 141523
39976 30565 33322
33322 30565 39976
30565 33322 39976
93717 75825 107483
107483 75825 93717
75825 93717 107483
43282 81993 144263
81993 43282 144263
144263 43282 81993
68931 21411 86301
86301 21411 68931
21411 68931 86301
64871 49865 64692
49865 64692 64871
64692 49865 64871
24457 14428 100272
14428 24457 100272
100272 14428 24457
52840 33658 130123
33658 52840 130123
130123 33658 52840
68995 69552 78007
78007 68995 69552
69552 68995 78007
8003 15376 34667
15376 8003 34667
34667 8003 15376
136652 2460 85538
2460 85538 136652
85538 2460 136652
76444 95298 139439
95298 76444 139439
139439 76444 95298
6913 10558 68691
10558 6913 68691
68691 6913 10558
149933 5069 11595
5069 11595 149933
11595 5069 149933
109432 39475 145546
39475 109432 145546
145546 39475 109432
69475 74082 115003
74082 69475 115003
115003 69475 74082
148490 113088 136557
136557 113088 148490
113088 136557 148490
141341 89503 123281
89503 123281 141341
123281 89503 141341
82295 69858 71734
71734 69858 82295
69858 71734 82295
144009 18421 106123
106123 18421 144009
18421 106123 144009
84872 10516 22915
10516 22915 84872
22915 10516 84872
144189 99030 125719
125719 99030 144189
99030 125719 144189
26240 9279 82208
9279 26240 82208
82208 9279 26240
40082 50210 116543
116543 40082 50210
50210 40082 116543
128333 8283 136832
8283 128333 136832
136832 8283 128333
131392 78684 129220
129220 78684 131392
78684 129220 131392
49885 34939 112643
112643 34939 49885
34939 49885 112643
82064 1972 53687
1972 53687 82064
53687 1972 82064
140808 5800 38551
5800 38551 140808
38551 5800 140808
128070 18995 92828
92828 18995 128070
18995 92828 128070
74373 84260 107480
107480 74373 84260
84260 74373 107480
138608 107649 119689
107649 119689 138608
119689 107649 138608
75105 65543 143413
65543 75105 143413
143413 65543 75105
126129 111662 135300
111662 126129 135300
135300 111662 126129
60930 143103 144618
143103 60930 144618
144618 60930 143103
32224 68545 128442
128442 32224 68545
68545 32224 128442
24853 26674 106125
106125 24853 26674
26674 24853 106125
32539 8369 46500
8369 32539 46500
46500 8369 32539
67299 17034 138135
138135 17034 67299
17034 67299 138135
24757 30118 84618
84618 24757 30118
30118 24757 84618
14642 30439 83822
30439 14642 83822
83822 14642 30439
118367 58877 102246
102246 58877 118367
58877 102246 118367
127654 46465 121567
46465 121567 127654
121567 46465 127654
11897 37317 62017
62017 11897 37317
37317 11897 62017
139881 44140 59081
59081 44140 139881
44140 59081 139881
32812 1879 140625
1879 32812 140625
140625 1879 32812
83077 86721 106341
106341 83077 86721
86721 83077 106341
59805 34067 81103
81103 34067 59805
34067 59805 81103
89530 21337 113768
21337 89530 113768
113768 21337 89530
18399 5899 24246
5899 18399 24246
24246 5899 18399
355 36313 104401
104401 355 36313
36313 355 104401
103660 38083 148397
38083 103660 148397
148397 38083 103660
138969 87755 136869
87755 136869 138969
136869 87755 138969
28770 82214 88917
82214 28770 88917
88917 28770 82214
22415 38371 103309
103309 22415 38371
38371 22415 103309
14973 71820 136598
71820 14973 136598
136598 14973 71820
17390 23364 105325
105325 17390 23364
23364 17390 105325
31139 995 5300
995 5300 31139
5300 995 31139
121654 101272 109549
109549 101272 121654
101272 109549 121654
34366 38958 144767
38958 34366 144767
144767 34366 38958
124597 8089 13520
8089 13520 124597
13520 8089 124597
93978 69308 128106
69308 93978 128106
128106 69308 93978
101434 49184 74952
74952 49184 101434
49184 74952 101434
24493 31371 119852
31371 24493 119852
119852 24493 31371
21362 83286 148662
83286 21362 148662
148662 21362 83286
84670 103580 146062
146062 84670 103580
103580 84670 146062
149973 25015 31552
31552 25015 149973
25015 31552 149973
134104 102846 112935
112935 102846 134104
102846 112935 134104
59981 49763 57428
49763 57428 59981
57428 49763 59981
107910 20310 87786
20310 87786 107910
87786 20310 107910
47591 22858 102521
102521 22858 47591
22858 47591 102521
9825 80956 136103
136103 9825 80956
80956 9825 136103
116455 56451 93860
93860 56451 116455
56451 93860 116455
40328 31308 120260
120260 31308 40328
31308 40328 120260
134246 881 122062
881 122062 134246
122062 881 134246
26364 59600 60423
59600 26364 60423
60423 26364 59600
142757 134216 143379
134216 142757 143379
143379 134216 142757
148642 72802 112052
112052 72802 148642
72802 112052 148642
143956 19254 68283
19254 68283 143956
68283 19254 143956
47262 40683 92661
40683 47262 92661
92661 40683 47262
100967 15979 73253
15979 73253 100967
73253 15979 100967
114956 19054 63375
19054 63375 114956
63375 19054 114956
42482 23672 129227
129227 23672 42482
23672 42482 129227
106424 32595 124221
32595 106424 124221
124221 32595 106424
45010 36475 74335
36475 45010 74335
74335 36475 45010
34395 22654 65221
22654 34395 65221
65221 22654 34395
64344 9763 138361
138361 9763 64344
9763 64344 138361
12170 75908 122300
122300 12170 75908
75908 12170 122300
147460 7593 125313
125313 7593 147460
7593 125313 147460
104543 23776 120003
23776 104543 120003
120003 23776 104543
89271 80242 107901
80242 89271 107901
107901 80242 89271
91446 80654 89596
80654 89596 91446
89596 80654 91446
91439 35360 97380
35360 91439 97380
97380 35360 91439
65383 29505 138551
29505 65383 138551
138551 29505 65383
116023 2954 105498
105498 2954 116023
2954 105498 116023
59809 114658 116075
114658 59809 116075
116075 59809 114658
41099 77780 145653
145653 41099 77780
77780 41099 145653
64925 46591 98253
98253 46591 64925
46591 64925 98253
12733 46496 94356
94356 12733 46496
46496 12733 94356
25077 32056 135238
135238 25077 32056
32056 25077 135238
1377 11003 118386
118386 1377 11003
11003 1377 118386
57543 72805 76028
76028 57543 72805
72805 57543 76028
89158 12556 94896
12556 89158 94896
94896 12556 89158
1321 57996 137713
57996 1321 137713
137713 1321 57996
116718 103503 147917
147917 103503 116718
103503 116718 147917
134652 16803 123030
123030 16803 134652
16803 123030 134652
83872 18705 119346
119346 18705 83872
18705 83872 119346
115062 49270 124502
49270 115062 124502
124502 49270 115062
36188 77415 106884
77415 36188 106884
106884 36188 77415
118153 53542 135556
53542 118153 135556
135556 53542 118153
19652 112318 141939
141939 19652 112318
112318 19652 141939
5245 36368 71723
71723 5245 36368
36368 5245 71723
61221 62892 76778
76778 61221 62892
62892 61221 76778
121615 11107 141042
141042 11107 121615
11107 121615 141042
128376 86915 123694
123694 86915 128376
86915 123694 128376
58672 76348 77005
76348 58672 77005
77005 58672 76348
93653 2276 66297
2276 66297 93653
66297 2276 93653
134292 8561 46981
46981 8561 134292
8561 46981 134292
119227 34296 81861
34296 81861 119227
81861 34296 119227
103923 49381 104754
104754 49381 103923
