139248 4313 18636
18636 4313 139248
4313 18636 139248
120351 49821 131925
131925 49821 120351
49821 120351 131925
87673 58262 134302
134302 58262 87673
58262 87673 134302
13610 43569 104205
104205 13610 43569
43569 13610 104205
17982 30812 149527
30812 17982 149527
149527 17982 30812
18593 33454 140627
33454 18593 140627
140627 18593 33454
34401 102907 149571
149571 34401 102907
102907 34401 149571
91930 58130 77317
77317 58130 91930
58130 77317 91930
23454 49934 86473
86473 23454 49934
49934 23454 86473
80505 7626 106497
106497 7626 80505
7626 80505 106497
124480 83704 122595
83704 122595 124480
122595 83704 124480
105371 13727 91177
91177 13727 105371
13727 91177 105371
46595 61505 119258
61505 46595 119258
119258 46595 61505
58183 65061 85370
65061 58183 85370
85370 58183 65061
68340 28833 89957
28833 68340 89957
89957 28833 68340
133227 93410 141896
93410 133227 141896
141896 93410 133227
61691 19754 139445
139445 19754 61691
19754 61691 139445
4690 133974 135152
133974 4690 135152
135152 4690 133974
118051 122412 141161
141161 118051 122412
122412 118051 141161
52501 438 142977
438 52501 142977
142977 438 52501
109385 40759 148599
40759 109385 148599
148599 40759 109385
60626 10835 116409
10835 60626 116409
116409 10835 60626
94526 18149 109552
18149 94526 109552
109552 18149 94526
114246 37979 129628
37979 114246 129628
129628 37979 114246
145046 84529 89825
89825 84529 145046
84529 89825 145046
99111 47987 140921
140921 47987 99111
47987 99111 140921
118587 4496 39929
4496 39929 118587
39929 4496 118587
68816 4060 45961
45961 4060 68816
4060 45961 68816
50387 64491 76396
76396 50387 64491
64491 50387 76396
624 32465 94425
32465 624 94425
94425 624 32465
137720 24857 92064
92064 24857 137720
24857 92064 137720
128128 12615 92444
12615 92444 128128
92444 12615 128128
13890 2650 31752
31752 2650 13890
2650 13890 31752
42438 36310 100973
100973 36310 42438
36310 42438 100973
61859 55510 129562
129562 55510 61859
55510 61859 129562
125587 48378 137258
48378 125587 137258
137258 48378 125587
65268 12217 121997
121997 12217 65268
12217 65268 121997
64740 25679 66279
66279 25679 64740
25679 64740 66279
139454 29906 143835
143835 29906 139454
29906 139454 143835
72340 5683 63402
63402 5683 72340
5683 63402 72340
138436 66035 131378
131378 66035 138436
66035 131378 138436
40313 75750 114973
114973 40313 75750
75750 40313 114973
107977 7618 113278
7618 107977 113278
113278 7618 107977
28406 5586 116672
116672 5586 28406
5586 28406 116672
3527 33353 124115
33353 3527 124115
124115 3527 33353
118608 48550 120993
120993 48550 118608
48550 118608 120993
61282 29627 124556
124556 29627 61282
29627 61282 124556
72779 30696 70681
30696 70681 72779
70681 30696 72779
83530 96138 99965
96138 83530 99965
99965 83530 96138
76620 88377 101787
88377 76620 101787
101787 76620 88377
114750 18738 38348
18738 38348 114750
38348 18738 114750
135356 43186 52357
43186 52357 135356
52357 43186 135356
47652 24871 132759
132759 24871 47652
24871 47652 132759
69037 71473 125965
71473 69037 125965
125965 69037 71473
111586 25720 27800
27800 25720 111586
25720 27800 111586
113324 19444 135344
19444 113324 135344
135344 19444 113324
121618 16325 21181
16325 21181 121618
21181 16325 121618
42356 58070 109418
58070 42356 109418
109418 42356 58070
12143 24394 58167
58167 12143 24394
24394 12143 58167
17727 95661 97665
95661 17727 97665
97665 17727 95661
23288 23593 102208
23593 23288 102208
102208 23288 23593
20749 104703 128398
128398 20749 104703
104703 20749 128398
120032 3054 131562
131562 3054 120032
3054 120032 131562
136019 75927 122989
75927 122989 136019
122989 75927 136019
61547 46979 75392
46979 61547 75392
75392 46979 61547
83036 39244 57268
57268 39244 83036
39244 57268 83036
121840 44962 54334
44962 54334 121840
54334 44962 121840
16458 11980 114917
114917 11980 16458
11980 16458 114917
93542 14773 51819
14773 51819 93542
51819 14773 93542
96704 31658 96839
31658 96704 96839
96839 31658 96704
55103 84975 122435
122435 55103 84975
84975 55103 122435
49261 77396 142869
77396 49261 142869
142869 49261 77396
59808 109195 138653
109195 59808 138653
138653 59808 109195
141132 125879 127875
127875 125879 141132
125879 127875 141132
74907 2831 135962
2831 74907 135962
135962 2831 74907
72693 10138 68156
10138 68156 72693
68156 10138 72693
141815 32425 102466
32425 102466 141815
102466 32425 141815
70527 11626 96048
96048 11626 70527
11626 70527 96048
19237 113032 113281
113032 19237 113281
113281 19237 113032
95045 133 128831
128831 133 95045
133 95045 128831
21710 70054 98862
98862 21710 70054
70054 21710 98862
135832 86752 128158
128158 86752 135832
86752 128158 135832
111950 129131 142520
142520 111950 129131
129131 111950 142520
134087 4158 73979
4158 73979 134087
73979 4158 134087
5175 3746 68256
3746 5175 68256
68256 3746 5175
98709 55859 142689
55859 98709 142689
142689 55859 98709
102798 30845 40663
30845 40663 102798
40663 30845 102798
110042 32378 112551
32378 110042 112551
112551 32378 110042
104158 53884 105436
53884 104158 105436
105436 53884 104158
125723 48784 109291
109291 48784 125723
48784 109291 125723
25558 9789 25395
9789 25395 25558
25395 9789 25558
121173 33766 81698
81698 33766 121173
33766 81698 121173
57601 42353 127809
127809 42353 57601
42353 57601 127809
79292 28157 108107
108107 28157 79292
28157 79292 108107
49206 115342 137465
115342 49206 137465
137465 49206 115342
54575 92650 119884
92650 54575 119884
119884 54575 92650
95819 8404 126434
8404 95819 126434
126434 8404 95819
81166 1587 135362
1587 81166 135362
135362 1587 81166
47242 109637 144336
144336 47242 109637
109637 47242 144336
24630 49572 67471
67471 24630 49572
49572 24630 67471
47972 25352 28322
25352 28322 47972
28322 25352 47972
18780 23282 24304
23282 18780 24304
24304 18780 23282
41339 21936 45744
45744 21936 41339
21936 41339 45744
119198 57432 127830
57432 119198 127830
127830 57432 119198
128179 21417 81724
21417 81724 128179
81724 21417 128179
70804 71395 118799
118799 70804 71395
71395 70804 118799
283 23305 132077
132077 283 23305
23305 283 132077
132282 28526 79775
28526 79775 132282
79775 28526 132282
94036 136990 142722
136990 94036 142722
142722 94036 136990
27118 87050 110119
87050 27118 110119
110119 27118 87050
106563 49751 135566
135566 49751 106563
49751 106563 135566
28695 17056 46766
46766 17056 28695
17056 28695 46766
23231 19744 31358
31358 19744 23231
19744 23231 31358
120170 31097 125187
31097 120170 125187
125187 31097 120170
141475 88185 147739
88185 141475 147739
147739 88185 141475
49467 47262 140138
140138 47262 49467
47262 49467 140138
77230 14171 40218
40218 14171 77230
14171 40218 77230
40307 7212 78829
7212 40307 78829
78829 7212 40307
43695 55385 107437
107437 43695 55385
55385 43695 107437
18357 90934 100277
100277 18357 90934
90934 18357 100277
130961 58859 134499
58859 130961 134499
134499 58859 130961
77582 43716 92479
92479 43716 77582
43716 77582 92479
136694 51716 75434
51716 75434 136694
75434 51716 136694
67254 9442 29816
9442 29816 67254
29816 9442 67254
110839 20168 33108
33108 20168 110839
20168 33108 110839
88943 70447 103812
103812 70447 88943
70447 88943 103812
80653 22311 111556
22311 80653 111556
111556 22311 80653
25205 26773 76829
76829 25205 26773
26773 25205 76829
20949 857 110187
110187 857 20949
857 20949 110187
20036 86214 90573
86214 20036 90573
90573 20036 86214
93421 39385 44199
44199 39385 93421
39385 44199 93421
32423 463 24827
24827 463 32423
463 24827 32423
95047 50014 97234
50014 95047 97234
97234 50014 95047
106405 18858 28168
18858 28168 106405
28168 18858 106405
84860 51015 144292
144292 51015 84860
51015 84860 144292
96222 428 26194
428 26194 96222
26194 428 96222
141578 103841 126219
126219 103841 141578
103841 126219 141578
36262 4344 40438
40438 4344 36262
4344 36262 40438
37280 69080 95837
95837 37280 69080
69080 37280 95837
129614 23621 81628
23621 81628 129614
81628 23621 129614
92493 88942 97517
88942 92493 97517
97517 88942 92493
75635 109307 143767
109307 75635 143767
143767 75635 109307
28882 54452 122270
54452 28882 122270
122270 28882 54452
81809 13855 56321
13855 56321 81809
56321 13855 81809
90628 5220 42690
5220 42690 90628
42690 5220 90628
62888 14228 73954
14228 62888 73954
73954 14228 62888
131309 17341 21307
17341 21307 131309
21307 17341 131309
85861 98581 118219
98581 85861 118219
118219 85861 98581
111609 4271 79310
4271 79310 111609
79310 4271 111609
5052 109535 143229
109535 5052 143229
143229 5052 109535
50505 512 89175
89175 512 50505
512 50505 89175
23266 59788 97780
59788 23266 97780
97780 23266 59788
35824 59440 129362
59440 35824 129362
129362 35824 59440
48416 17392 113128
113128 17392 48416
17392 48416 113128
84839 43314 71670
43314 71670 84839
71670 43314 84839
46378 134649 137784
137784 46378 134649
134649 46378 137784
130784 19397 68516
19397 68516 130784
68516 19397 130784
125583 3202 106204
106204 3202 125583
3202 106204 125583
88137 136324 142428
142428 88137 136324
136324 88137 142428
82526 85853 133770
85853 82526 133770
133770 82526 85853
135331 33037 64032
33037 64032 135331
64032 33037 135331
140934 7610 38039
38039 7610 140934
7610 38039 140934
23678 54217 63029
63029 23678 54217
54217 23678 63029
86829 4278 146158
146158 4278 86829
4278 86829 146158
88560 1018 148062
1018 88560 148062
148062 1018 88560
76573 116730 132317
132317 76573 116730
116730 76573 132317
83092 112479 125386
112479 83092 125386
125386 83092 112479
102289 6104 21734
21734 6104 102289
6104 21734 102289
40403 21318 146787
146787 21318 40403
21318 40403 146787
53765 116932 120661
120661 53765 116932
116932 53765 120661
55000 61720 66224
61720 55000 66224
66224 55000 61720
100565 138855 145678
138855 100565 145678
145678 100565 138855
40589 80276 131111
131111 40589 80276
80276 40589 131111
118634 91382 93844
93844 91382 118634
91382 93844 118634
117318 19246 73905
73905 19246 117318
19246 73905 117318
109212 5947 147711
5947 109212 147711
147711 5947 109212
56823 60489 93386
60489 56823 93386
93386 56823 60489
57788 37651 41825
41825 37651 57788
37651 41825 57788
112367 47196 133951
47196 112367 133951
133951 47196 112367
93250 15987 94624
94624 15987 93250
15987 93250 94624
23815 18093 85587
85587 18093 23815
18093 23815 85587
93083 111663 130740
111663 93083 130740
130740 93083 111663
101445 5309 103532
5309 101445 103532
103532 5309 101445
95020 16352 27332
16352 27332 95020
27332 16352 95020
73165 125534 148594
148594 73165 125534
125534 73165 148594
133296 26298 83739
83739 26298 133296
26298 83739 133296
93228 29282 47055
47055 29282 93228
29282 47055 93228
35553 9236 124989
124989 9236 35553
9236 35553 124989
76233 106928 147809
147809 76233 106928
106928 76233 147809
50859 75615 134324
75615 50859 134324
134324 50859 75615
147271 56617 108819
56617 108819 147271
108819 56617 147271
72103 33875 35424
35424 33875 72103
33875 35424 72103
19553 83390 111441
83390 19553 111441
111441 19553 83390
136430 103769 143120
103769 136430 143120
143120 103769 136430
44114 77961 101336
77961 44114 101336
101336 44114 77961
111615 30486 56953
30486 56953 111615
56953 30486 111615
58682 24458 86509
86509 24458 58682
24458 58682 86509
128237 8019 79287
79287 8019 128237
8019 79287 128237
80695 40387 100360
40387 80695 100360
100360 40387 80695
102293 56869 148523
148523 56869 102293
56869 102293 148523
127676 124576 126540
124576 126540 127676
126540 124576 127676
22894 29806 126371
29806 22894 126371
126371 22894 29806
75045 9489 81658
81658 9489 75045
9489 75045 81658
120017 67677 141063
67677 120017 141063
141063 67677 120017
39706 20873 118280
118280 20873 39706
20873 39706 118280
137738 5538 143539
143539 5538 137738
5538 137738 143539
48846 57757 136217
57757 48846 136217
136217 48846 57757
97905 57526 113542
113542 57526 97905
57526 97905 113542
64288 20599 62132
62132 20599 64288
20599 62132 64288
46774 84750 140755
84750 46774 140755
140755 46774 84750
133257 67286 119874
119874 67286 133257
67286 119874 133257
77485 6242 55119
6242 55119 77485
55119 6242 77485
91968 29614 50374
50374 29614 91968
29614 50374 91968
34393 3653 29533
29533 3653 34393
3653 29533 34393
2093 20538 25319
20538 2093 25319
25319 2093 20538
107641 44060 112657
112657 44060 107641
44060 107641 112657
69766 94943 110757
94943 69766 110757
110757 69766 94943
37844 77577 107988
77577 37844 107988
107988 37844 77577
5088 70882 132916
132916 5088 70882
70882 5088 132916
28386 64890 148965
64890 28386 148965
148965 28386 64890
105037 77535 121621
77535 105037 121621
121621 77535 105037
106778 24306 100341
24306 100341 106778
100341 24306 106778
23736 43518 78761
78761 23736 43518
43518 23736 78761
34042 18477 23821
23821 18477 34042
18477 23821 34042
58185 33583 100054
100054 33583 58185
33583 58185 100054
61589 64492 145907
145907 61589 64492
64492 61589 145907
107337 12540 53262
12540 53262 107337
53262 12540 107337
21756 53814 82005
82005 21756 53814
53814 21756 82005
52202 4133 93936
93936 4133 52202
4133 52202 93936
100949 169 19949
19949 169 100949
169 19949 100949
136265 99417 135151
135151 99417 136265
99417 135151 136265
22754 2548 109171
2548 22754 109171
109171 2548 22754
114866 138111 141344
138111 114866 141344
141344 114866 138111
19180 112532 145966
145966 19180 112532
112532 19180 145966
81873 96355 103313
96355 81873 103313
103313 81873 96355
28929 13258 63187
13258 28929 63187
63187 13258 28929
15000 54019 69082
54019 15000 69082
69082 15000 54019
96545 54879 66359
54879 66359 96545
66359 54879 96545
110434 12340 14154
14154 12340 110434
12340 14154 110434
38607 4112 139187
139187 4112 38607
4112 38607 139187
112191 21589 140765
140765 21589 112191
21589 112191 140765
146919 114360 122576
122576 114360 146919
114360 122576 146919
85731 2680 147346
147346 2680 85731
2680 85731 147346
32582 109542 124713
109542 32582 124713
124713 32582 109542
30876 27487 49215
49215 27487 30876
27487 30876 49215
109942 28381 68126
68126 28381 109942
28381 68126 109942
52251 54182 140204
54182 52251 140204
140204 52251 54182
79339 22827 23195
23195 22827 79339
22827 23195 79339
23273 67151 89821
89821 23273 67151
67151 23273 89821
121209 32682 80378
80378 32682 121209
32682 80378 121209
72467 66443 100967
66443 72467 100967
100967 66443 72467
55194 56659 60643
60643 55194 56659
56659 55194 60643
69922 52183 69476
69476 52183 69922
52183 69476 69922
91135 90424 115808
90424 91135 115808
115808 90424 91135
105533 113807 114114
114114 105533 113807
113807 105533 114114
146684 128225 128849
128225 128849 146684
128849 128225 146684
138379 13505 104309
104309 13505 138379
13505 104309 138379
80136 57300 67238
57300 67238 80136
67238 57300 80136
27799 75904 76269
75904 27799 76269
76269 27799 75904
42723 5914 26378
5914 26378 42723
26378 5914 42723
120281 19741 47574
19741 47574 120281
47574 19741 120281
117028 20045 54050
54050 20045 117028
20045 54050 117028
120347 128441 146982
128441 120347 146982
146982 120347 128441
30037 1687 69968
1687 30037 69968
69968 1687 30037
36971 88331 116100
116100 36971 88331
88331 36971 116100
101972 62894 117396
117396 62894 101972
62894 101972 117396
25933 127973 145026
127973 25933 145026
145026 25933 127973
55616 315 61523
61523 315 55616
315 55616 61523
3970 62190 78601
62190 3970 78601
78601 3970 62190
100647 51798 137775
137775 51798 100647
51798 100647 137775
49035 56082 108788
108788 49035 56082
56082 49035 108788
134940 40398 104016
40398 104016 134940
104016 40398 134940
112614 58181 112740
58181 112614 112740
112740 58181 112614
12352 84611 101391
84611 12352 101391
101391 12352 84611
96788 71709 120066
71709 96788 120066
120066 71709 96788
132664 48038 139757
139757 48038 132664
48038 132664 139757
14417 55827 113856
55827 14417 113856
113856 14417 55827
87786 124780 130229
124780 87786 130229
130229 87786 124780
114819 17463 148363
148363 17463 114819
17463 114819 148363
6711 3673 21374
3673 6711 21374
21374 3673 6711
90201 40129 147615
147615 40129 90201
40129 90201 147615
105716 27554 85072
85072 27554 105716
27554 85072 105716
111350 11933 40514
11933 40514 111350
40514 11933 111350
135954 35822 125335
35822 125335 135954
125335 35822 135954
63902 128746 143954
128746 63902 143954
143954 63902 128746
51157 131258 135251
135251 51157 131258
131258 51157 135251
109120 120896 129747
129747 109120 120896
120896 109120 129747
66150 71524 92395
92395 66150 71524
71524 66150 92395
141041 61833 138156
61833 138156 141041
138156 61833 141041
27688 99459 120722
120722 27688 99459
99459 27688 120722
58640 17640 27726
17640 27726 58640
27726 17640 58640
105563 11192 63173
11192 63173 105563
63173 11192 105563
91522 255 67031
255 67031 91522
67031 255 91522
79975 61500 87501
61500 79975 87501
87501 61500 79975
101171 82229 131988
131988 82229 101171
82229 101171 131988
30829 38289 44815
44815 30829 38289
38289 30829 44815
75755 20648 116670
116670 20648 75755
20648 75755 116670
86061 93350 126143
93350 86061 126143
126143 86061 93350
121168 13181 42410
42410 13181 121168
13181 42410 121168
36594 70208 140714
140714 36594 70208
70208 36594 140714
64849 15188 131195
131195 15188 64849
15188 64849 131195
132223 24325 125586
24325 125586 132223
125586 24325 132223
3679 123706 132665
123706 3679 132665
132665 3679 123706
61318 39713 39973
39713 39973 61318
39973 39713 61318
75269 74663 77298
77298 74663 75269
74663 75269 77298
140173 2193 89818
89818 2193 140173
2193 89818 140173
144350 15341 45843
15341 45843 144350
45843 15341 144350
85234 40690 133389
40690 85234 133389
133389 40690 85234
117776 99389 100679
100679 99389 117776
99389 100679 117776
83375 39799 66320
66320 39799 83375
39799 66320 83375
69994 53563 92048
53563 69994 92048
92048 53563 69994
88870 10233 44149
10233 44149 88870
44149 10233 88870
116727 56516 97065
56516 97065 116727
97065 56516 116727
73440 85313 104888
85313 73440 104888
104888 73440 85313
99525 74417 104464
104464 74417 99525
74417 99525 104464
12573 93255 146330
146330 12573 93255
93255 12573 146330
138727 106734 149381
106734 138727 149381
149381 106734 138727
29947 27336 83262
27336 29947 83262
83262 27336 29947
38000 58075 73364
58075 38000 73364
73364 38000 58075
143915 15411 22933
22933 15411 143915
15411 22933 143915
97334 29416 73018
73018 29416 97334
29416 73018 97334
95423 6656 110139
6656 95423 110139
110139 6656 95423
129358 20497 136455
136455 20497 129358
20497 129358 136455
141798 21252 114962
114962 21252 141798
21252 114962 141798
31060 38345 148732
38345 31060 148732
148732 31060 38345
149238 63112 91437
91437 63112 149238
63112 91437 149238
76138 3925 16900
16900 3925 76138
3925 16900 76138
122370 30720 106287
30720 106287 122370
106287 30720 122370
112249 85338 91244
91244 85338 112249
85338 91244 112249
118074 27081 138070
138070 27081 118074
27081 118074 138070
132369 80622 92882
92882 80622 132369
80622 92882 132369
546 34128 101314
34128 546 101314
101314 546 34128
54764 123194 141688
123194 54764 141688
141688 54764 123194
122798 68370 85852
85852 68370 122798
68370 85852 122798
90563 10470 137240
137240 10470 90563
10470 90563 137240
58989 58013 131662
131662 58013 58989
58013 58989 131662
110522 15976 126689
15976 110522 126689
126689 15976 110522
7105 17035 117133
17035 7105 117133
117133 7105 17035
76875 92527 92676
92527 76875 92676
92676 76875 92527
134187 22680 85396
85396 22680 134187
22680 85396 134187
143367 47748 98467
47748 98467 143367
98467 47748 143367
119664 9779 33196
9779 33196 119664
33196 9779 119664
94651 1686 20032
1686 20032 94651
20032 1686 94651
31434 74122 108099
74122 31434 108099
108099 31434 74122
36915 38793 42443
42443 36915 38793
38793 36915 42443
120601 52835 114254
114254 52835 120601
52835 114254 120601
42704 10102 114340
10102 42704 114340
114340 10102 42704
51542 109842 114376
114376 51542 109842
109842 51542 114376
124605 1410 50976
1410 50976 124605
50976 1410 124605
97872 87583 87921
87583 87921 97872
87921 87583 97872
138331 101057 109598
101057 109598 138331
109598 101057 138331
146013 46847 114612
114612 46847 146013
46847 114612 146013
6448 104373 108994
104373 6448 108994
108994 6448 104373
94757 65197 127961
127961 65197 94757
65197 94757 127961
88922 8994 144650
144650 8994 88922
8994 88922 144650
60001 23576 103595
103595 23576 60001
23576 60001 103595
56349 109113 136816
136816 56349 109113
109113 56349 136816
116283 45743 118798
118798 45743 116283
45743 116283 118798
63759 16704 121676
16704 63759 121676
121676 16704 63759
104443 47592 81000
47592 81000 104443
81000 47592 104443
28061 38086 113977
113977 28061 38086
38086 28061 113977
130606 84046 111833
111833 84046 130606
84046 111833 130606
38675 91286 95172
95172 38675 91286
91286 38675 95172
58564 18753 132605
18753 58564 132605
132605 18753 58564
7404 48001 53364
48001 7404 53364
53364 7404 48001
14698 64884 108671
64884 14698 108671
108671 14698 64884
133666 52905 107536
107536 52905 133666
52905 107536 133666
73031 30771 46830
46830 30771 73031
30771 46830 73031
96160 13208 40407
13208 40407 96160
40407 13208 96160
149707 98019 139669
98019 139669 149707
139669 98019 149707
93654 22028 51208
51208 22028 93654
22028 51208 93654
84043 59543 71169
59543 71169 84043
71169 59543 84043
142115 39761 54351
39761 54351 142115
54351 39761 142115
32511 30525 119208
119208 30525 32511
30525 32511 119208
109102 83636 147052
83636 109102 147052
147052 83636 109102
46732 18118 56470
18118 46732 56470
56470 18118 46732
128552 29847 71189
71189 29847 128552
29847 71189 128552
118775 30365 85670
85670 30365 118775
30365 85670 118775
42767 121339 149044
149044 42767 121339
121339 42767 149044
51816 23574 96029
23574 51816 96029
96029 23574 51816
59552 5454 20876
5454 20876 59552
20876 5454 59552
123917 49360 122506
49360 122506 123917
122506 49360 123917
82519 72493 87804
72493 82519 87804
87804 72493 82519
39381 69809 88997
69809 39381 88997
88997 39381 69809
33500 20401 119640
20401 33500 119640
119640 20401 33500
86073 2250 135808
2250 86073 135808
135808 2250 86073
94176 52609 108520
52609 94176 108520
108520 52609 94176
33628 65436 114961
65436 33628 114961
114961 33628 65436
38154 38399 126698
38399 38154 126698
126698 38154 38399
148276 96676 112644
112644 96676 148276
96676 112644 148276
71503 52864 57501
52864 57501 71503
57501 52864 71503
56115 79492 86269
79492 56115 86269
86269 56115 79492
44103 90950 95096
90950 44103 95096
95096 44103 90950
22118 54924 69225
69225 22118 54924
54924 22118 69225
86645 12693 86381
12693 86381 86645
86381 12693 86645
114138 18124 88267
18124 88267 114138
88267 18124 114138
141165 128187 150000
150000 128187 141165
128187 141165 150000
113213 79223 99150
99150 79223 113213
79223 99150 113213
142087 29792 85818
29792 85818 142087
85818 29792 142087
51531 17250 31912
17250 31912 51531
31912 17250 51531
27873 17855 100936
17855 27873 100936
100936 17855 27873
136349 85875 139710
139710 85875 136349
85875 136349 139710
138303 62508 85979
85979 62508 138303
62508 85979 138303
54894 73799 102802
73799 54894 102802
102802 54894 73799
35366 959 116587
959 35366 116587
116587 959 35366
99747 61660 98123
61660 98123 99747
98123 61660 99747
94399 141528 146590
141528 94399 146590
146590 94399 141528
131859 41366 68221
68221 41366 131859
41366 68221 131859
53912 78553 126028
78553 53912 126028
126028 53912 78553
2954 58990 82647
82647 2954 58990
58990 2954 82647
24651 9110 129615
129615 9110 24651
9110 24651 129615
14432 57860 101410
101410 14432 57860
57860 14432 101410
43952 53707 120764
53707 43952 120764
120764 43952 53707
55364 69304 117165
117165 55364 69304
69304 55364 117165
62870 85422 86287
86287 62870 85422
85422 62870 86287
109627 107891 145890
145890 107891 109627
107891 109627 145890
120018 100110 140764
100110 120018 140764
140764 100110 120018
88875 140060 145120
145120 88875 140060
140060 88875 145120
145328 45857 122106
45857 122106 145328
122106 45857 145328
71577 114479 130042
130042 71577 114479
114479 71577 130042
28339 95559 101029
101029 28339 95559
95559 28339 101029
51146 42207 87351
87351 42207 51146
42207 51146 87351
66698 14099 143980
143980 14099 66698
14099 66698 143980
102624 92729 140177
92729 102624 140177
140177 92729 102624
36418 57826 92926
92926 36418 57826
57826 36418 92926
124401 13005 130444
130444 13005 124401
13005 124401 130444
31242 20152 39947
39947 20152 31242
20152 31242 39947
28503 96369 123126
123126 28503 96369
96369 28503 123126
80029 3236 71561
3236 71561 80029
71561 3236 80029
146022 9591 84442
9591 84442 146022
84442 9591 146022
88243 34886 100238
100238 34886 88243
34886 88243 100238
48239 77362 113851
113851 48239 77362
77362 48239 113851
119803 5792 52476
5792 52476 119803
52476 5792 119803
19955 80533 86446
80533 19955 86446
86446 19955 80533
33678 13756 94571
94571 13756 33678
13756 33678 94571
12487 36660 109406
109406 12487 36660
36660 12487 109406
145587 112409 136922
136922 112409 145587
112409 136922 145587
79717 25620 43770
25620 43770 79717
43770 25620 79717
39943 109693 127610
109693 39943 127610
127610 39943 109693
48411 34659 56846
56846 34659 48411
34659 48411 56846
75808 31980 106850
31980 75808 106850
106850 31980 75808
12495 66571 141845
141845 12495 66571
66571 12495 141845
96125 23656 117513
23656 96125 117513
117513 23656 96125
7118 19466 148706
19466 7118 148706
148706 7118 19466
60020 79865 93019
93019 60020 79865
79865 60020 93019
145933 83707 124029
124029 83707 145933
83707 124029 145933
143549 68322 79847
68322 79847 143549
79847 68322 143549
53322 53199 82950
82950 53199 53322
53199 53322 82950
87322 14274 72282
14274 72282 87322
72282 14274 87322
77892 57769 64901
57769 64901 77892
64901 57769 77892
12804 99811 102974
99811 12804 102974
102974 12804 99811
100553 52749 118646
118646 52749 100553
52749 100553 118646
145075 60140 146211
60140 145075 146211
146211 60140 145075
114434 15068 149562
15068 114434 149562
149562 15068 114434
9538 114817 144707
114817 9538 144707
144707 9538 114817
114979 112697 121532
121532 112697 114979
112697 114979 121532
4307 57539 132019
57539 4307 132019
132019 4307 57539
121413 20146 46382
46382 20146 121413
20146 46382 121413
25365 75865 148533
148533 25365 75865
75865 25365 148533
89103 17208 69909
17208 69909 89103
69909 17208 89103
104924 11947 125963
11947 104924 125963
125963 11947 104924
3619 10125 146146
10125 3619 146146
146146 3619 10125
115290 39056 147863
39056 115290 147863
147863 39056 115290
104696 20831 22813
22813 20831 104696
20831 22813 104696
34630 19399 65063
65063 19399 34630
19399 34630 65063
148271 7725 130629
7725 130629 148271
130629 7725 148271
138471 15833 80758
80758 15833 138471
15833 80758 138471
91166 100676 106061
106061 91166 100676
100676 91166 106061
111688 5980 72102
72102 5980 111688
5980 72102 111688
82811 112994 148671
148671 82811 112994
112994 82811 148671
87250 66735 126481
126481 66735 87250
66735 87250 126481
105305 32104 35757
35757 32104 105305
32104 35757 105305
15701 64538 137004
64538 15701 137004
137004 15701 64538
64217 10618 16176
16176 10618 64217
10618 16176 64217
136742 140885 141091
140885 136742 141091
141091 136742 140885
30097 38008 98896
98896 30097 38008
38008 30097 98896
59645 112857 130501
130501 59645 112857
112857 59645 130501
1045 53994 73859
73859 1045 53994
53994 1045 73859
103703 27683 93155
93155 27683 103703
27683 93155 103703
129846 115337 127756
115337 127756 129846
127756 115337 129846
148698 36091 52190
36091 52190 148698
52190 36091 148698
33952 84393 129431
129431 33952 84393
84393 33952 129431
31077 8698 29240
29240 8698 31077
8698 29240 31077
129478 94132 103176
103176 94132 129478
94132 103176 129478
27932 19784 72542
19784 27932 72542
72542 19784 27932
9766 2783 12156
2783 9766 12156
12156 2783 9766
128 71287 144180
71287 128 144180
144180 128 71287
49006 83844 125270
83844 49006 125270
125270 49006 83844
5170 5341 118045
118045 5170 5341
5341 5170 118045
69179 85307 132760
132760 69179 85307
85307 69179 132760
56925 26244 63194
63194 26244 56925
26244 56925 63194
51762 65048 143575
65048 51762 143575
143575 51762 65048
147511 54379 114715
114715 54379 147511
54379 114715 147511
6334 110644 119992
110644 6334 119992
119992 6334 110644
25251 58634 103801
103801 25251 58634
58634 25251 103801
130866 35818 101766
101766 35818 130866
35818 101766 130866
62982 2089 106184
2089 62982 106184
106184 2089 62982
62352 14190 19304
14190 19304 62352
19304 14190 62352
16226 6512 77860
6512 16226 77860
77860 6512 16226
78543 21250 96918
96918 21250 78543
21250 78543 96918
20918 37637 119699
119699 20918 37637
37637 20918 119699
33214 78711 144775
144775 33214 78711
78711 33214 144775
97439 67285 136626
136626 67285 97439
67285 97439 136626
104394 12543 84082
84082 12543 104394
12543 84082 104394
100489 47842 139305
139305 47842 100489
47842 100489 139305
87029 33818 52323
33818 52323 87029
52323 33818 87029
30900 59743 103338
103338 30900 59743
59743 30900 103338
70449 24862 34958
34958 24862 70449
24862 34958 70449
104632 26584 76962
76962 26584 104632
26584 76962 104632
560 6737 30635
6737 560 30635
30635 560 6737
24820 80124 129721
80124 24820 129721
129721 24820 80124
137277 27312 140299
140299 27312 137277
27312 137277 140299
11876 9659 44041
9659 11876 44041
44041 9659 11876
132180 6521 138743
138743 6521 132180
6521 132180 138743
83035 46973 119014
46973 83035 119014
119014 46973 83035
142631 14718 83141
83141 14718 142631
14718 83141 142631
49476 33057 59485
33057 49476 59485
59485 33057 49476
46411 63542 148386
148386 46411 63542
63542 46411 148386
48531 19015 76372
19015 48531 76372
76372 19015 48531
31191 41696 68964
41696 31191 68964
68964 31191 41696
64838 111337 127541
127541 64838 111337
111337 64838 127541
113605 67053 107892
107892 67053 113605
67053 107892 113605
44258 69689 131743
131743 44258 69689
69689 44258 131743
1060 84254 106895
84254 1060 106895
106895 1060 84254
1372 22448 147187
22448 1372 147187
147187 1372 22448
106678 7371 137005
137005 7371 106678
7371 106678 137005
111461 128534 131019
128534 111461 131019
131019 111461 128534
54848 47982 64911
64911 47982 54848
47982 54848 64911
26632 54590 97389
97389 26632 54590
54590 26632 97389
33244 70738 97481
97481 33244 70738
70738 33244 97481
30356 63962 81250
63962 30356 81250
81250 30356 63962
62724 56832 67892
67892 56832 62724
56832 62724 67892
90306 14340 139229
139229 14340 90306
14340 90306 139229
125094 40896 135346
40896 125094 135346
135346 40896 125094
52137 10176 136725
136725 10176 52137
10176 52137 136725
18222 52236 83310
52236 18222 83310
83310 18222 52236
1450 7919 94698
7919 1450 94698
94698 1450 7919
78529 48476 90393
90393 48476 78529
48476 78529 90393
48506 91908 108836
108836 48506 91908
91908 48506 108836
66740 1983 113127
113127 1983 66740
1983 66740 113127
147141 81840 121776
81840 121776 147141
121776 81840 147141
31265 28249 73206
28249 31265 73206
73206 28249 31265
96395 49294 101066
49294 96395 101066
101066 49294 96395
34899 96993 97089
97089 34899 96993
96993 34899 97089
125112 35789 148255
35789 125112 148255
148255 35789 125112
33131 40539 118947
40539 33131 118947
118947 33131 40539
9939 132629 149697
132629 9939 149697
149697 9939 132629
29419 67897 132154
67897 29419 132154
132154 29419 67897
59756 68253 80874
80874 59756 68253
68253 59756 80874
72071 46292 103073
46292 72071 103073
103073 46292 72071
49482 118270 149861
149861 49482 118270
118270 49482 149861
125524 16007 133578
16007 125524 133578
133578 16007 125524
142033 69436 121759
69436 121759 142033
121759 69436 142033
110573 7527 133763
7527 110573 133763
133763 7527 110573
73360 76386 144405
144405 73360 76386
76386 73360 144405
121610 18916 44331
18916 44331 121610
44331 18916 121610
94841 13034 69478
13034 69478 94841
69478 13034 94841
79370 47002 135821
47002 79370 135821
135821 47002 79370
120670 84547 120228
120228 84547 120670
84547 120228 120670
36468 24256 86929
86929 24256 36468
24256 36468 86929
7112 1710 125189
125189 1710 7112
1710 7112 125189
32491 78907 137339
137339 32491 78907
78907 32491 137339
141735 13984 31172
31172 13984 141735
13984 31172 141735
44811 108152 134569
134569 44811 108152
108152 44811 134569
132089 63168 147592
147592 63168 132089
63168 132089 147592
46649 103846 117701
117701 46649 103846
103846 46649 117701
60514 101620 142079
101620 60514 142079
142079 60514 101620
136278 34259 34808
34259 34808 136278
34808 34259 136278
118072 81676 97823
97823 81676 118072
81676 97823 118072
108948 76146 147785
76146 108948 147785
147785 76146 108948
83053 36484 70767
36484 70767 83053
70767 36484 83053
27857 59633 104353
59633 27857 104353
104353 27857 59633
137844 13474 36123
13474 36123 137844
36123 13474 137844
29255 3757 137176
3757 29255 137176
137176 3757 29255
132242 18270 73590
18270 73590 132242
73590 18270 132242
115989 101999 112207
112207 101999 115989
101999 112207 115989
9176 120096 146178
120096 9176 146178
146178 9176 120096
105931 78253 88069
88069 78253 105931
78253 88069 105931
43458 96661 145756
145756 43458 96661
96661 43458 145756
147235 116732 124855
124855 116732 147235
116732 124855 147235
12992 100261 149701
149701 12992 100261
100261 12992 149701
118681 12823 125682
12823 118681 125682
125682 12823 118681
147623 6543 68308
68308 6543 147623
6543 68308 147623
130168 16589 130554
130554 16589 130168
16589 130168 130554
18511 54640 109633
54640 18511 109633
109633 18511 54640
115968 35975 86676
86676 35975 115968
35975 86676 115968
11025 71329 131110
71329 11025 131110
131110 11025 71329
108647 64691 148327
148327 64691 108647
64691 108647 148327
78014 38855 145141
145141 38855 78014
38855 78014 145141
66597 111740 142723
142723 66597 111740
111740 66597 142723
93673 34423 135860
135860 34423 93673
34423 93673 135860
135187 73655 106705
73655 106705 135187
106705 73655 135187
133435 10122 19508
10122 19508 133435
19508 10122 133435
74980 10626 68581
68581 10626 74980
10626 68581 74980
50713 28382 69250
28382 50713 69250
69250 28382 50713
130253 84131 117836
117836 84131 130253
84131 117836 130253
127885 56955 93730
56955 93730 127885
93730 56955 127885
80556 123420 125581
123420 80556 125581
125581 80556 123420
107812 75457 112669
112669 75457 107812
75457 107812 112669
79520 62938 102264
102264 62938 79520
62938 79520 102264
56355 19791 126464
126464 19791 56355
19791 56355 126464
133358 90294 97986
97986 90294 133358
90294 97986 133358
65637 54323 80274
80274 54323 65637
54323 65637 80274
136365 6865 53030
53030 6865 136365
6865 53030 136365
97140 17257 46933
17257 46933 97140
46933 17257 97140
131526 91630 145775
145775 91630 131526
91630 131526 145775
62009 53491 95058
95058 53491 62009
53491 62009 95058
60256 79629 137265
79629 60256 137265
137265 60256 79629
145146 67512 75209
75209 67512 145146
67512 75209 145146
66892 34470 81734
81734 34470 66892
34470 66892 81734
142061 35597 140321
140321 35597 142061
35597 140321 142061
40919 22851 23568
23568 22851 40919
22851 23568 40919
108200 130387 141621
141621 108200 130387
130387 108200 141621
125663 36763 75168
75168 36763 125663
36763 75168 125663
87578 50291 82255
50291 82255 87578
82255 50291 87578
127107 36661 98049
98049 36661 127107
36661 98049 127107
86848 9681 128178
128178 9681 86848
9681 86848 128178
106920 13806 73465
13806 73465 106920
73465 13806 106920
117753 51903 57325
57325 51903 117753
51903 57325 117753
47410 26438 134418
26438 47410 134418
134418 26438 47410
109835 45014 80132
45014 80132 109835
80132 45014 109835
109170 1520 57063
1520 57063 109170
57063 1520 109170
16847 82881 104775
104775 16847 82881
82881 16847 104775
52529 7293 80118
7293 52529 80118
80118 7293 52529
75956 22850 53804
22850 53804 75956
53804 22850 75956
121809 118227 124516
118227 121809 124516
124516 118227 121809
93647 26407 129463
26407 93647 129463
129463 26407 93647
115243 10276 80205
80205 10276 115243
10276 80205 115243
21492 49143 87562
87562 21492 49143
49143 21492 87562
122240 50209 107351
50209 107351 122240
107351 50209 122240
45560 30884 149337
149337 30884 45560
30884 45560 149337
118071 95534 144901
144901 95534 118071
95534 118071 144901
102715 101378 123187
101378 102715 123187
123187 101378 102715
138077 7670 26703
26703 7670 138077
7670 26703 138077
140472 113855 130635
113855 130635 140472
130635 113855 140472
43079 41322 128496
41322 43079 128496
128496 41322 43079
54377 5524 56167
5524 54377 56167
56167 5524 54377
18784 30725 50028
50028 18784 30725
30725 18784 50028
73359 15218 18177
15218 18177 73359
18177 15218 73359
74729 95188 145474
145474 74729 95188
95188 74729 145474
38466 97310 137396
97310 38466 137396
137396 38466 97310
14965 67154 115077
67154 14965 115077
115077 14965 67154
148543 14220 96588
14220 96588 148543
96588 14220 148543
96024 26834 31640
31640 26834 96024
26834 31640 96024
64996 24302 148157
24302 64996 148157
148157 24302 64996
144508 34299 43894
43894 34299 144508
34299 43894 144508
108766 75093 140632
75093 108766 140632
140632 75093 108766
41706 37890 74251
37890 41706 74251
74251 37890 41706
138382 98973 101553
101553 98973 138382
98973 101553 138382
142051 4263 59863
59863 4263 142051
4263 59863 142051
129446 19722 140195
19722 129446 140195
140195 19722 129446
106993 25455 45686
25455 45686 106993
45686 25455 106993
36002 16907 53340
16907 36002 53340
53340 16907 36002
90686 94773 95026
95026 90686 94773
94773 90686 95026
73261 3222 133048
133048 3222 73261
3222 73261 133048
114269 89372 117533
117533 89372 114269
89372 114269 117533
31901 86177 114203
114203 31901 86177
86177 31901 114203
148580 36119 131492
36119 131492 148580
131492 36119 148580
61481 17944 29711
29711 17944 61481
17944 29711 61481
7457 971 148586
971 7457 148586
148586 971 7457
91311 6048 82537
6048 82537 91311
82537 6048 91311
17125 142385 147265
142385 17125 147265
147265 17125 142385
99844 11846 47406
11846 47406 99844
47406 11846 99844
21295 9025 17364
17364 9025 21295
9025 17364 21295
78830 70319 90084
90084 70319 78830
70319 78830 90084
77178 137279 138344
138344 77178 137279
137279 77178 138344
82628 70806 148116
70806 82628 148116
148116 70806 82628
134601 22160 143507
22160 134601 143507
143507 22160 134601
34376 75238 137521
137521 34376 75238
75238 34376 137521
105460 77381 128614
77381 105460 128614
128614 77381 105460
122481 76773 130505
130505 76773 122481
76773 122481 130505
25752 105319 136565
105319 25752 136565
136565 25752 105319
84268 75864 128771
75864 84268 128771
128771 75864 84268
103210 97288 137960
97288 103210 137960
137960 97288 103210
63301 116064 137804
116064 63301 137804
137804 63301 116064
133469 69007 75413
69007 75413 133469
75413 69007 133469
83345 100153 112733
112733 83345 100153
100153 83345 112733
7329 135408 139690
135408 7329 139690
139690 7329 135408
143242 17111 83391
83391 17111 143242
17111 83391 143242
99637 5433 6008
5433 6008 99637
6008 5433 99637
70345 4763 134654
4763 70345 134654
134654 4763 70345
72492 137372 149319
149319 72492 137372
137372 72492 149319
21738 71166 119684
71166 21738 119684
119684 21738 71166
89500 48616 83646
83646 48616 89500
48616 83646 89500
147703 94989 142963
142963 94989 147703
94989 142963 147703
20585 5592 134002
5592 20585 134002
134002 5592 20585
8285 29364 103161
103161 8285 29364
29364 8285 103161
92140 1929 116137
116137 1929 92140
1929 92140 116137
27516 92462 134338
134338 27516 92462
92462 27516 134338
98311 6105 24657
6105 24657 98311
24657 6105 98311
61313 64869 129625
64869 61313 129625
129625 61313 64869
108285 56616 80964
56616 80964 108285
80964 56616 108285
87555 141939 147936
147936 87555 141939
141939 87555 147936
35160 46443 60924
60924 35160 46443
46443 35160 60924
76437 57754 95718
57754 76437 95718
95718 57754 76437
15891 16061 52624
16061 15891 52624
52624 15891 16061
119841 99464 136924
136924 99464 119841
99464 119841 136924
14995 54630 142852
54630 14995 142852
142852 14995 54630
18382 31250 131926
31250 18382 131926
131926 18382 31250
77127 88756 114977
88756 77127 114977
114977 77127 88756
116326 38777 53403
53403 38777 116326
38777 53403 116326
70314 55219 118134
118134 55219 70314
55219 70314 118134
122060 11712 80259
11712 80259 122060
80259 11712 122060
130176 126732 133715
126732 130176 133715
133715 126732 130176
54340 3720 14834
3720 14834 54340
14834 3720 54340
65594 55611 115790
115790 55611 65594
55611 65594 115790
65780 10617 132857
132857 10617 65780
10617 65780 132857
139724 65201 72867
72867 65201 139724
